Year,Northeast,Northern Rockies and Plains,Northwest,Ohio Valley,South,Southeast,Southwest,Upper Midwest,West
1900,1.8,1.28,0.39,1.08,4.54,2.63,0.28,1.44,1.34
1901,1.68,0.67,1.35,0.99,3.92,6.38,0.36,0.78,1.88
1902,1.31,1.03,1.34,1.61,4.45,1.93,0.51,1.06,1.5
1903,1.51,0.98,0.94,1.33,3.46,2.98,0.16,1.21,1.21
1904,1.36,0.59,1.08,1.7,2.35,1.57,0.4,0.78,1.94
1905,1.08,0.88,0.43,1.98,3.98,3.11,0.46,1.03,0.8
1906,1.3,0.93,0.61,1.52,4.76,2.83,0.45,0.67,2.21
1907,0.89,0.42,0.8,1.39,3.68,2.56,0.21,0.96,1.65
1908,0.84,0.84,0.58,1.12,3.84,3.27,0.31,0.73,0.42
1909,1.05,0.62,0.89,1.96,3.89,2.54,0.2,1.1,2.67
1910,0.72,0.33,0.9,1.75,2.86,1.84,0.35,0.48,0.36
1911,1.09,0.66,0.57,1.52,3.51,1.58,0.28,0.88,2.45
1912,0.8,0.34,0.64,1.39,4.54,2.99,0.15,0.75,0.63
1913,1.16,0.28,0.5,1.85,3.91,2.91,0.19,0.71,1.19
1914,0.77,0.6,0.49,0.96,2.7,1.45,0.44,1.17,2.03
1915,1.26,0.96,0.5,1.74,4.51,2.49,0.38,0.87,2.16
1916,1.05,0.32,0.65,1.2,3.49,2.49,0.41,0.62,2.17
1917,0.82,0.4,0.66,1.34,2.51,1.71,0.2,0.39,1.09
1918,0.59,0.41,0.4,1.58,3.37,2.71,0.28,0.64,0.98
1919,1.07,0.6,0.76,1.83,4.8,2.23,0.55,0.51,1.34
1920,1.59,0.52,0.57,1.52,4.7,2.18,0.16,0.61,0.93
1921,0.65,0.6,1.4,1.81,3.23,1.83,0.41,0.77,1.15
1922,1.1,0.53,0.4,1.63,3.8,2.48,0.14,0.64,1.24
1923,0.86,0.73,0.66,1.38,4.0,1.41,0.26,0.6,0.17
1924,1.65,0.42,0.57,1.41,2.41,3.25,0.01,0.93,0.61
1925,0.7,0.42,0.27,1.45,3.12,1.14,0.12,0.85,0.74
1926,1.21,0.47,0.62,1.82,4.12,1.73,0.17,0.87,1.55
1927,1.15,0.32,0.91,2.26,3.89,2.46,0.23,0.56,1.3
1928,0.84,0.44,0.42,1.47,4.14,3.83,0.16,0.71,0.71
1929,0.8,0.49,0.47,1.62,4.6,3.97,0.18,0.6,0.86
1930,0.57,0.39,0.17,0.64,3.27,0.92,0.33,0.4,0.4
1931,0.72,0.26,0.71,1.66,2.83,2.13,0.12,0.71,1.12
1932,1.66,0.47,1.05,1.33,4.44,3.23,0.25,0.58,0.47
1933,1.05,0.5,1.38,1.53,3.94,1.22,0.07,0.55,0.94
1934,0.98,0.21,0.64,1.15,3.72,3.11,0.07,0.55,0.45
1935,1.2,0.46,0.62,1.61,3.42,2.26,0.07,0.59,0.48
1936,1.2,0.16,0.87,1.29,3.7,4.08,0.18,0.44,1.38
1937,1.43,0.45,1.45,1.96,3.68,2.22,0.14,0.68,2.02
1938,1.36,0.49,0.62,1.52,3.75,1.63,0.25,0.98,1.22
1939,0.51,0.34,0.49,1.4,3.46,2.08,0.05,0.43,0.43
1940,0.88,0.28,0.34,0.69,3.38,2.68,0.11,0.86,2.47
1941,0.68,0.7,0.65,1.57,3.39,2.21,0.37,1.23,1.49
1942,1.33,0.76,0.57,1.6,3.74,2.81,0.19,1.5,1.0
1943,0.61,0.4,0.57,1.69,3.18,2.55,0.1,0.84,1.68
1944,1.08,0.75,0.1,1.22,4.13,3.04,0.21,0.8,0.8
1945,1.09,0.36,0.77,1.96,4.44,3.02,0.16,0.74,1.45
1946,1.06,0.67,0.62,1.43,4.56,2.22,0.35,0.9,0.9
1947,0.95,0.59,0.39,1.48,3.89,2.15,0.02,0.93,0.33
1948,0.7,0.47,0.68,1.73,4.57,2.82,0.17,0.45,0.47
1949,0.74,0.46,0.79,1.78,3.76,2.5,0.26,0.82,0.42
1950,1.14,0.6,0.74,2.19,4.07,1.94,0.12,0.86,1.27
1951,0.82,0.55,0.5,1.49,3.6,1.29,0.44,0.88,0.79
1952,1.67,0.44,0.13,0.98,2.72,2.33,0.06,0.93,1.29
1953,1.19,0.66,0.5,0.58,4.05,1.88,0.06,1.23,0.52
1954,1.43,0.49,0.58,1.23,2.34,2.4,0.13,1.08,1.12
1955,1.69,0.29,0.82,1.59,3.39,2.55,0.34,0.71,1.7
1956,0.48,0.36,0.82,1.33,2.92,2.08,0.06,0.69,0.82
1957,0.32,0.62,0.36,1.9,4.75,2.15,0.28,0.79,0.75
1958,0.8,0.44,0.46,1.69,3.13,2.46,0.28,0.74,1.82
1959,1.05,0.44,0.76,1.64,2.96,3.12,0.04,1.32,0.83
1960,0.92,0.47,0.62,1.04,2.74,2.41,0.18,0.91,0.76
1961,0.45,0.36,0.56,1.95,4.99,2.24,0.09,0.76,0.46
1962,0.91,0.63,0.54,1.14,2.79,2.31,0.03,0.67,1.99
1963,0.56,0.63,0.2,1.09,2.95,2.51,0.15,0.46,1.4
1964,0.43,0.64,1.1,1.66,5.09,4.95,0.17,0.54,1.0
1965,0.41,0.67,0.54,1.61,2.9,2.06,0.45,0.66,1.17
1966,0.74,0.44,0.63,1.1,3.59,2.24,0.24,0.66,1.42
1967,1.07,0.61,0.46,1.39,3.54,2.2,0.15,0.49,1.27
1968,0.96,0.8,0.52,1.56,3.44,2.34,0.06,0.92,0.89
1969,1.24,0.57,0.48,1.91,4.02,2.32,0.27,0.63,2.37
1970,0.71,0.41,0.45,2.1,3.3,1.93,0.16,0.68,1.63
1971,1.27,0.64,0.5,1.29,3.38,2.39,0.14,0.65,0.4
1972,1.86,0.47,1.09,1.49,4.19,2.19,0.25,1.13,0.33
1973,1.51,0.77,0.46,1.71,5.56,3.04,0.05,0.72,1.09
1974,0.85,0.35,0.72,1.53,4.46,2.12,0.22,0.51,0.96
1975,1.7,0.54,0.73,1.66,4.19,2.8,0.17,0.91,0.68
1976,1.11,0.37,0.29,0.84,3.14,2.41,0.18,0.38,0.17
1977,1.5,0.67,0.71,1.52,3.8,3.05,0.18,0.6,0.84
1978,1.0,0.61,0.21,1.38,3.18,1.86,0.41,1.39,1.33
1979,1.48,0.5,0.39,1.92,5.65,3.94,0.2,0.79,1.11
1980,0.97,0.41,0.69,0.78,4.27,1.85,0.54,1.02,1.68
1981,0.75,0.56,0.89,1.8,2.73,1.98,0.22,0.86,1.45
1982,0.82,0.75,1.17,2.08,4.78,2.32,0.21,0.78,1.62
1983,1.88,0.42,0.7,1.98,5.45,2.17,0.2,0.9,2.45
1984,1.63,0.53,0.52,1.26,3.94,3.11,0.1,1.07,0.18
1985,1.02,0.58,0.26,2.13,3.65,2.66,0.15,1.43,0.41
1986,1.18,0.57,0.97,1.79,3.3,1.63,0.23,1.58,1.48
1987,1.44,0.67,0.64,1.21,3.43,2.55,0.12,0.7,0.52
1988,0.87,0.41,0.36,1.37,3.62,1.41,0.21,0.62,0.62
1989,1.43,0.63,0.44,1.81,4.59,3.0,0.16,0.92,0.71
1990,1.17,0.54,0.87,2.48,4.4,3.33,0.17,1.04,0.5
1991,1.01,0.44,0.66,1.23,5.6,2.36,0.23,1.4,1.06
1992,0.81,0.49,0.28,1.29,3.68,2.94,0.26,0.65,1.3
1993,0.85,0.84,0.35,2.18,3.22,2.39,0.26,1.26,1.71
1994,1.21,0.57,0.81,1.56,4.25,3.08,0.06,1.05,0.32
1995,1.09,0.62,1.11,2.26,4.5,3.43,0.24,0.98,3.15
1996,2.68,0.49,1.65,2.35,3.64,2.95,0.24,0.78,1.84
1997,0.75,0.64,0.66,1.39,4.61,2.03,0.38,0.8,1.17
1998,1.56,0.74,1.3,2.0,4.66,3.55,0.15,0.98,1.77
1999,1.48,0.65,1.07,1.17,3.53,2.69,0.33,1.06,0.64
2000,1.25,0.47,0.28,2.1,3.14,1.56,0.25,1.16,1.07
2001,0.85,0.63,0.68,1.47,4.83,1.3,0.06,0.95,0.88
2002,1.05,0.56,0.49,2.01,4.7,1.94,0.14,1.25,1.19
2003,1.3,0.36,1.13,1.92,4.19,3.51,0.2,0.54,0.84
2004,2.09,0.46,0.38,1.84,5.14,2.81,0.35,1.32,1.59
2005,2.43,0.6,0.86,1.47,3.54,2.35,0.12,1.12,1.75
2006,1.98,0.55,1.0,2.0,3.43,3.29,0.25,0.85,1.0
2007,1.46,1.04,0.71,1.64,3.23,1.93,0.29,0.89,0.34
2008,1.71,0.84,0.46,2.97,4.52,2.25,0.2,1.09,1.18
2009,0.84,0.43,0.76,2.14,5.83,3.05,0.18,0.54,1.1
2010,2.38,0.86,0.44,1.97,3.33,3.11,0.3,1.78,1.35
2011,2.54,0.7,0.43,2.2,4.4,2.11,0.17,0.95,0.81
2012,1.53,0.29,1.4,1.06,3.77,1.99,0.07,0.92,1.19
2013,1.99,0.72,0.36,2.38,4.82,3.83,0.33,1.18,0.08
2014,1.52,0.94,0.39,1.89,4.12,2.16,0.26,1.06,1.3
2015,1.24,0.8,1.01,2.68,5.16,3.31,0.25,1.09,0.46
2016,1.19,0.71,1.03,1.63,4.32,2.74,0.07,1.68,1.17
2017,1.45,0.6,1.1,2.3,4.72,2.84,0.25,1.02,2.51
2018,2.05,0.62,0.55,2.33,5.33,4.8,0.27,1.61,1.1
2019,1.18,1.0,0.43,1.9,5.0,2.33,0.07,1.14,2.08
2020,1.57,0.44,0.64,1.73,5.22,5.54,0.06,1.63,0.4
2021,2.09,0.65,0.7,2.06,4.54,2.07,0.42,0.99,1.44
2022,1.2,0.45,0.79,1.49,4.47,2.84,0.12,0.8,0.91
2023,1.85,0.66,0.44,1.24,4.13,3.19,0.23,0.69,1.69
2024,1.63,0.81,0.33,1.71,5.25,4.45,0.03,0.93,1.63
