Year,Alaska,Northeast,Northern Rockies and Plains,Northwest,Ohio Valley,South,Southeast,Southwest,Upper Midwest,West
1895,-999.0,38.5,16.99,28.53,35.61,38.74,48.23,14.87,24.25,16.04
1896,-999.0,40.69,21.76,40.3,41.84,34.07,46.15,13.3,33.06,20.21
1897,-999.0,47.58,18.56,37.17,42.76,37.06,47.73,16.74,28.36,16.87
1898,-999.0,48.27,17.14,25.95,49.17,44.79,50.28,13.39,28.18,10.7
1899,-999.0,39.66,18.8,37.57,39.89,35.4,48.0,12.18,30.04,17.76
1900,-999.0,43.78,18.14,32.28,40.52,45.68,53.79,11.78,33.14,14.4
1901,-999.0,48.08,19.14,31.57,35.67,32.59,57.0,12.38,25.83,16.83
1902,-999.0,48.22,19.16,37.0,43.62,41.62,48.03,11.76,33.9,16.64
1903,-999.0,45.3,19.78,32.54,40.36,38.01,51.24,11.68,33.89,14.43
1904,-999.0,40.36,17.42,36.62,37.61,35.43,41.46,13.14,28.51,19.97
1905,-999.0,40.66,21.6,28.0,44.45,50.77,51.01,19.99,33.68,14.97
1906,-999.0,43.82,22.3,36.34,43.39,42.46,54.22,18.76,31.4,23.86
1907,-999.0,45.59,17.69,35.75,46.15,41.43,49.46,15.81,28.05,21.45
1908,-999.0,38.31,21.18,28.0,39.92,44.95,51.24,15.69,30.11,13.2
1909,-999.0,40.41,20.61,37.42,46.66,38.64,47.76,16.32,32.86,24.05
1910,-999.0,38.37,14.4,32.33,40.29,33.05,46.44,11.26,20.15,11.3
1911,-999.0,41.87,18.31,27.52,44.22,41.57,45.95,16.58,32.16,16.97
1912,-999.0,43.73,19.65,35.93,43.16,42.04,56.65,14.86,28.53,13.98
1913,-999.0,41.66,17.16,31.39,43.9,43.94,48.52,14.21,29.1,17.22
1914,-999.0,36.32,18.36,30.41,36.66,37.53,45.09,17.46,30.14,18.12
1915,-999.0,43.14,25.03,32.51,46.57,45.82,49.94,16.71,32.39,18.37
1916,-999.0,41.43,19.17,35.13,42.64,36.48,45.98,16.63,30.86,18.85
1917,-999.0,41.61,16.08,32.44,40.26,30.26,46.7,11.86,25.36,11.58
1918,-999.0,40.5,18.72,29.29,41.44,38.7,48.56,15.65,28.8,16.46
1919,-999.0,46.12,16.99,31.28,45.44,48.92,51.96,16.54,31.83,13.28
1920,-999.0,48.58,19.19,33.14,42.28,45.34,55.85,15.28,28.85,17.07
1921,-999.0,38.49,18.37,36.01,45.68,37.1,41.9,16.1,29.38,16.04
1922,-999.0,42.02,19.06,28.32,41.95,43.13,55.65,13.26,28.92,18.03
1923,-999.0,41.61,21.76,31.23,45.66,52.28,49.1,17.48,26.07,11.96
1924,-999.0,40.9,17.52,26.71,41.31,30.91,53.73,10.79,29.24,10.81
1925,40.98,41.21,17.78,30.15,37.73,36.12,41.41,14.02,26.2,16.04
1926,37.59,41.8,17.44,30.78,46.9,44.27,49.86,15.38,31.34,16.34
1927,34.29,46.5,23.0,37.24,50.79,45.34,42.96,16.48,29.13,17.67
1928,43.54,42.32,17.97,26.08,42.73,41.83,56.48,13.26,32.02,11.79
1929,43.47,42.03,18.39,22.55,48.26,43.21,62.26,14.35,27.33,9.88
1930,41.6,32.53,18.24,24.14,29.96,38.16,42.79,14.92,24.24,13.71
1931,38.91,40.08,14.81,30.36,40.41,39.43,40.02,15.24,29.21,16.13
1932,37.91,44.79,18.3,34.06,44.12,44.66,53.96,14.48,28.08,12.22
1933,30.82,45.4,16.27,35.61,43.16,38.15,43.17,12.92,25.32,13.06
1934,34.31,43.51,12.56,30.87,35.6,37.32,49.79,10.22,25.91,12.93
1935,40.76,42.0,16.94,23.94,47.07,43.64,47.05,14.51,29.45,15.36
1936,38.58,48.52,12.84,28.49,36.5,31.99,55.68,14.71,24.09,17.86
1937,35.35,48.43,17.23,38.16,45.69,40.02,54.14,14.08,27.87,18.77
1938,42.04,48.58,18.44,30.38,43.11,38.7,44.09,15.2,34.33,20.92
1939,40.53,40.19,14.67,25.56,41.74,37.16,49.78,11.86,25.68,12.43
1940,35.31,43.72,17.19,35.32,37.01,44.48,47.21,15.99,30.0,22.16
1941,34.22,33.74,22.12,33.93,36.12,45.57,43.88,23.05,32.92,25.6
1942,34.94,46.11,21.12,33.9,44.91,42.4,50.85,13.44,32.74,15.66
1943,42.7,39.18,17.42,27.5,37.89,33.46,44.43,12.92,29.83,17.15
1944,39.62,41.51,21.87,25.15,39.98,47.16,52.56,14.26,31.08,15.95
1945,38.5,50.26,18.56,36.99,49.95,47.92,53.64,13.43,32.92,19.98
1946,36.49,39.33,21.09,33.97,41.6,48.7,50.49,14.57,30.05,14.14
1947,37.76,41.62,19.37,31.63,40.24,40.64,57.42,13.58,30.45,10.2
1948,37.3,46.64,18.99,39.99,45.74,41.63,60.43,13.09,25.9,13.97
1949,38.35,37.48,18.22,27.82,46.51,47.32,50.85,15.56,28.83,12.12
1950,28.62,42.51,19.01,40.9,51.89,44.26,45.71,10.39,30.18,17.49
1951,35.25,46.96,21.12,35.55,48.56,41.76,44.68,14.54,37.02,16.74
1952,37.38,45.6,14.3,24.3,38.09,32.47,47.03,13.57,27.67,19.73
1953,34.09,47.14,19.19,38.59,33.19,40.13,52.28,11.17,28.82,11.77
1954,33.84,47.64,17.08,32.15,39.99,29.55,37.51,12.11,32.67,15.58
1955,38.33,43.91,17.33,37.39,40.06,37.3,44.2,12.22,25.98,16.74
1956,35.59,43.69,15.73,33.23,41.57,32.09,45.96,8.6,26.0,12.81
1957,31.65,36.19,21.22,33.01,49.41,53.4,53.91,18.6,30.17,18.16
1958,36.12,47.56,17.04,35.5,41.74,44.25,49.15,14.22,24.04,18.71
1959,35.29,45.04,17.73,32.18,42.01,43.56,56.94,13.79,34.39,10.94
1960,37.81,43.65,16.31,32.76,36.76,39.68,50.28,12.76,30.82,15.28
1961,41.09,42.19,16.6,35.82,47.06,50.39,53.16,14.49,30.72,12.35
1962,35.39,41.03,21.73,31.35,41.0,36.96,49.14,12.27,28.71,15.5
1963,39.96,36.33,18.71,32.57,32.33,29.83,45.33,12.73,24.93,18.34
1964,35.71,35.59,19.19,38.26,41.34,41.09,61.22,12.4,28.88,16.03
1965,38.04,31.46,21.7,29.17,40.79,37.45,46.21,18.54,36.52,17.1
1966,33.79,37.78,16.69,30.4,39.69,38.22,51.04,12.09,26.61,12.74
1967,39.07,43.6,18.78,32.05,43.57,39.94,47.73,14.93,29.16,17.46
1968,29.43,40.22,19.86,37.15,40.79,45.02,43.43,13.01,34.83,15.14
1969,29.44,45.77,17.68,30.21,42.03,40.18,50.79,16.61,29.94,21.57
1970,36.26,40.65,18.81,36.53,43.13,38.71,46.88,12.99,31.51,19.33
1971,36.28,43.23,20.4,38.42,39.34,40.95,54.73,13.9,30.23,14.66
1972,31.32,54.73,19.66,36.29,48.89,41.78,52.96,14.7,33.78,12.99
1973,31.7,49.68,20.02,33.53,50.99,56.18,55.79,13.85,34.93,19.83
1974,33.22,43.43,15.17,33.97,46.96,48.44,50.32,12.54,29.25,14.66
1975,33.22,51.39,20.51,38.81,48.65,46.3,59.85,13.33,31.79,15.78
1976,36.63,44.48,14.73,25.38,36.52,36.52,50.35,11.68,22.11,10.82
1977,35.14,48.58,21.91,32.39,44.79,42.07,47.8,12.64,35.17,13.71
1978,34.85,42.77,20.09,29.41,43.42,37.88,46.64,17.89,31.58,21.34
1979,37.26,51.87,16.97,30.24,50.34,50.41,58.98,14.43,31.87,17.23
1980,38.48,37.21,16.88,35.46,37.73,38.82,46.69,15.23,29.04,18.55
1981,40.29,42.09,18.65,35.99,42.61,38.06,41.59,15.43,30.8,18.48
1982,35.07,41.17,23.17,38.74,47.49,46.77,53.95,17.25,35.58,22.82
1983,31.95,55.26,19.26,42.57,44.39,45.67,57.19,18.82,33.83,30.13
1984,33.03,46.83,19.04,37.47,45.61,44.02,48.64,17.44,32.97,15.22
1985,39.7,39.9,17.93,24.41,45.1,44.53,48.34,16.67,34.48,11.72
1986,37.7,44.25,22.52,33.24,41.33,42.25,42.76,17.32,35.34,16.67
1987,39.37,41.4,17.92,26.71,37.37,44.91,47.81,15.46,28.49,15.88
1988,38.17,39.43,14.57,30.1,36.45,37.71,43.57,14.12,25.46,13.24
1989,37.52,49.55,16.7,28.16,47.03,44.66,56.04,10.61,24.8,11.25
1990,39.07,50.44,17.23,34.74,52.94,48.21,47.43,15.52,34.36,11.58
1991,38.7,42.33,20.03,30.82,41.62,52.33,53.57,16.02,35.98,14.93
1992,38.54,42.33,18.53,27.88,41.61,46.61,54.36,16.3,31.51,16.48
1993,39.25,43.96,24.25,29.64,47.78,45.18,46.88,16.6,36.85,18.74
1994,39.17,45.77,18.25,30.5,44.11,44.09,56.33,14.28,30.26,13.54
1995,31.29,40.43,22.51,41.2,43.15,42.96,53.57,15.13,31.62,24.48
1996,31.64,56.54,20.96,45.31,50.43,41.93,53.28,14.23,32.1,22.36
1997,35.81,40.97,19.44,36.32,42.84,47.48,52.99,17.6,28.19,15.31
1998,36.54,45.87,22.36,40.16,47.46,44.28,53.85,16.18,32.6,26.66
1999,40.29,44.84,19.65,34.53,37.68,38.19,46.48,14.45,31.65,12.68
2000,40.08,46.48,18.15,27.67,41.8,38.06,41.68,13.73,31.23,15.95
2001,37.5,36.46,17.67,28.38,43.4,46.47,43.41,12.78,33.52,15.98
2002,40.52,45.11,14.98,27.23,45.9,45.21,50.34,10.04,31.01,12.46
2003,39.0,53.2,17.17,32.7,49.68,38.82,59.99,11.89,27.5,15.72
2004,38.74,45.97,18.79,30.17,49.08,50.96,52.2,16.24,33.88,16.56
2005,40.36,52.19,20.31,32.15,39.31,35.22,51.04,15.77,29.97,21.82
2006,38.71,51.93,16.5,37.69,45.44,39.48,44.77,14.7,30.28,16.64
2007,34.09,44.57,20.72,29.6,40.23,42.32,37.42,13.93,33.94,10.71
2008,37.09,52.34,21.41,29.33,48.91,45.25,47.57,13.79,34.96,12.77
2009,35.21,50.03,20.34,30.13,49.52,50.51,57.34,12.39,32.29,13.14
2010,33.85,46.57,22.89,37.12,42.15,35.36,44.59,16.04,36.93,22.12
2011,38.74,56.74,22.16,33.06,55.0,36.13,45.01,12.94,31.01,13.7
2012,37.28,42.0,14.16,39.55,38.13,38.49,46.82,10.24,27.89,16.17
2013,40.81,45.44,21.6,25.35,48.81,45.06,58.21,14.45,34.55,7.7
2014,36.75,46.54,20.69,36.85,43.74,40.06,51.24,14.18,35.39,14.91
2015,40.1,42.7,20.43,31.98,51.56,53.82,56.45,17.72,34.9,13.19
2016,37.07,39.86,21.26,36.23,43.08,44.1,46.93,14.08,36.72,18.44
2017,38.06,45.95,18.41,37.93,46.26,45.19,51.45,14.0,34.37,19.67
2018,37.9,57.61,21.27,29.54,55.1,50.68,62.48,12.73,37.77,13.68
2019,38.0,49.97,25.38,28.83,53.79,50.58,49.91,15.98,40.92,21.46
2020,37.94,44.92,15.19,32.07,50.08,48.48,62.49,8.6,30.79,8.96
2021,38.68,45.98,17.01,31.13,46.7,45.28,52.27,13.89,29.3,14.26
2022,42.99,44.72,16.89,31.31,44.2,39.82,49.35,13.51,29.76,11.29
2023,42.34,51.16,20.58,28.93,39.75,38.37,49.9,13.99,28.66,20.12
2024,37.81,45.47,18.05,33.77,44.64,46.22,53.54,13.64,34.55,17.78
