Year,Northeast,Northern Rockies and Plains,Northwest,Ohio Valley,South,Southeast,Southwest,Upper Midwest,West
1930,0.11,1.1,0.81,0.1,-999,0.0,0.84,1.37,0.34
1931,0.01,0.02,0.0,0.0,-999,0.0,0.09,0.01,0.0
1932,0.06,0.39,0.0,0.0,-999,0.0,0.79,0.13,0.67
1933,0.8,1.34,0.86,0.0,-999,0.0,0.64,2.35,0.34
1934,1.04,0.11,0.0,0.0,-999,0.0,0.06,0.74,0.0
1935,0.55,0.72,0.03,0.0,-999,0.0,0.17,1.59,0.0
1936,0.03,4.64,0.08,0.0,-999,0.0,0.15,5.08,0.0
1937,0.01,1.31,0.82,0.0,-999,0.0,1.28,1.49,2.01
1938,0.1,0.29,0.0,0.0,-999,0.0,0.01,0.85,0.0
1939,0.06,1.13,0.0,0.0,-999,0.0,0.17,1.14,0.0
1940,0.01,0.25,0.0,0.0,-999,0.0,0.55,0.43,0.0
1941,0.0,0.15,0.0,0.0,-999,0.0,0.03,0.06,0.0
1942,0.31,0.49,0.2,0.0,-999,0.0,0.44,0.32,0.0
1943,0.66,1.59,0.04,0.0,-999,0.0,0.11,1.0,0.0
1944,0.02,0.28,0.0,0.0,-999,0.0,0.06,0.1,0.0
1945,0.17,0.18,0.0,0.0,-999,0.0,0.13,0.38,0.0
1946,0.01,0.08,0.0,0.0,-999,0.0,0.06,0.59,0.0
1947,0.0,0.15,0.0,0.0,-999,-999.0,0.13,0.16,0.0
1948,0.44,0.5,0.0,0.0,-999,0.0,0.7,2.12,0.0
1949,0.0,1.51,0.49,0.0,-999,0.0,0.77,0.3,1.0
1950,0.01,2.08,0.47,0.0,-999,0.0,0.16,1.47,0.0
1951,0.06,1.04,0.11,0.02,-999,0.0,0.44,2.66,0.0
1952,0.0,0.27,0.0,0.0,-999,0.0,0.8,0.51,0.0
1953,0.0,0.02,0.0,0.0,-999,0.0,0.03,0.32,0.0
1954,0.0,1.15,0.0,0.0,-999,0.0,0.05,1.04,0.0
1955,0.08,0.24,0.0,0.0,-999,0.0,0.23,0.61,0.0
1956,0.0,0.39,0.07,0.0,-999,0.0,0.31,0.19,0.0
1957,0.97,0.81,0.13,0.0,-999,0.0,0.08,0.31,0.0
1958,0.03,0.11,0.0,0.0,-999,0.0,0.01,0.24,0.0
1959,0.06,0.45,0.0,0.0,-999,0.0,0.02,0.89,0.0
1960,0.01,0.22,0.0,0.0,-999,0.0,0.09,0.05,0.0
1961,0.1,0.15,0.0,0.0,-999,0.0,0.07,0.12,0.0
1962,0.28,0.94,0.42,0.0,-999,0.0,0.59,1.36,0.0
1963,0.03,0.98,0.21,0.08,-999,0.0,1.1,1.38,0.0
1964,0.0,0.37,0.1,0.0,-999,0.0,0.12,0.05,0.0
1965,0.06,0.19,0.0,0.0,-999,0.0,0.04,1.23,0.0
1966,0.1,0.95,0.0,0.0,-999,0.0,0.12,1.81,0.0
1967,0.12,0.51,0.0,0.0,-999,0.0,0.05,1.62,0.0
1968,0.38,0.85,0.3,0.0,-999,0.0,0.08,0.78,0.0
1969,0.0,0.82,0.05,0.0,-999,0.0,0.09,0.11,0.0
1970,0.03,0.82,0.0,0.0,-999,0.0,0.14,1.59,0.0
1971,0.23,0.42,0.0,0.0,-999,0.0,0.63,0.72,0.0
1972,0.11,1.71,0.26,0.0,-999,0.0,0.25,1.96,0.67
1973,0.09,0.21,0.0,0.0,-999,0.0,0.08,0.94,0.0
1974,0.09,0.53,0.0,0.05,-999,0.0,0.46,0.87,0.0
1975,0.05,0.1,0.0,0.0,-999,0.0,0.15,0.16,0.0
1976,0.37,0.17,0.0,0.0,-999,0.0,0.14,0.8,0.0
1977,0.07,0.74,0.0,0.0,-999,0.0,0.02,1.96,0.0
1978,0.08,0.61,0.12,0.0,-999,0.0,0.26,0.26,0.0
1979,0.6,1.15,0.24,0.0,-999,0.0,0.34,2.2,0.0
1980,0.08,0.28,0.0,0.0,-999,0.0,0.02,0.24,0.0
1981,0.34,0.04,0.0,0.0,-999,0.0,0.03,0.38,0.0
1982,0.04,1.21,0.09,0.0,-999,0.0,0.33,2.67,0.0
1983,0.01,1.72,0.1,0.0,-999,0.0,0.08,1.48,0.0
1984,0.15,0.28,0.11,0.0,-999,0.0,0.35,0.78,0.0
1985,0.03,0.71,0.42,0.0,-999,0.5,0.47,1.43,0.0
1986,0.0,0.11,0.0,0.0,-999,0.0,0.02,0.3,0.0
1987,0.05,0.04,0.0,0.0,-999,0.0,0.03,0.35,0.0
1988,0.01,0.4,0.0,0.0,-999,0.0,0.13,1.28,0.0
1989,0.12,2.37,0.13,0.13,-999,0.0,1.13,1.05,0.0
1990,0.0,1.42,0.43,0.0,-999,0.0,0.39,0.44,1.34
1991,0.02,0.11,0.0,0.0,-999,0.0,0.02,0.06,0.0
1992,0.02,0.11,0.0,0.0,-999,0.0,0.04,0.14,0.0
1993,0.4,0.29,0.0,0.0,-999,0.0,0.04,0.32,0.0
1994,0.78,1.04,0.0,0.35,-999,0.0,0.06,3.06,0.0
1995,0.07,0.09,0.0,0.0,-999,0.0,0.02,0.01,0.0
1996,0.16,2.38,0.0,0.0,-999,0.0,0.14,4.71,0.0
1997,0.08,0.51,0.0,0.0,-999,-999.0,0.03,0.32,0.0
1998,0.02,0.24,0.03,0.0,-999,-999.0,0.02,0.02,0.0
1999,0.04,0.06,0.0,0.0,-999,-999.0,0.02,0.08,0.0
2000,0.02,0.02,0.0,0.0,-999,-999.0,0.02,0.06,0.0
2001,0.0,0.03,0.0,0.0,-999,-999.0,0.03,0.03,0.0
2002,0.0,0.05,0.0,0.0,-999,-999.0,0.05,0.01,0.0
2003,0.08,0.13,0.0,0.0,-999,-999.0,0.02,0.06,0.0
2004,0.15,0.43,0.0,0.0,-999,-999.0,0.09,0.47,0.0
2005,0.0,0.45,0.0,0.0,-999,-999.0,0.21,0.57,0.0
2006,0.0,0.11,0.0,0.0,-999,-999.0,0.06,0.0,0.0
2007,0.0,0.13,0.0,0.0,-999,-999.0,0.14,0.09,0.0
2008,0.01,0.25,0.0,0.0,-999,0.0,0.14,0.14,0.0
2009,0.15,0.47,0.0,0.19,-999,0.0,0.01,0.65,0.0
2010,0.0,0.23,0.0,0.0,-999,0.0,0.03,0.22,0.0
2011,0.1,0.29,0.0,0.0,-999,0.0,0.44,0.25,0.0
2012,0.0,0.02,0.0,0.0,-999,0.0,0.01,0.01,0.0
2013,0.0,0.25,0.0,0.0,-999,0.0,0.27,0.1,0.0
2014,0.04,0.23,0.0,0.0,-999,0.0,0.03,0.65,0.0
2015,0.05,0.04,0.0,0.0,-999,0.0,0.07,0.37,0.0
2016,0.02,0.14,0.0,0.0,-999,0.0,0.14,0.09,0.0
2017,0.06,0.19,0.0,0.0,-999,0.0,0.15,0.3,0.0
2018,0.13,0.29,0.0,0.0,-999,0.0,0.03,0.21,0.0
2019,0.0,0.63,0.0,0.31,-999,0.0,0.06,1.52,0.0
2020,0.0,0.03,0.0,0.0,-999,0.0,0.03,0.06,0.0
2021,0.0,0.96,0.0,0.0,-999,0.0,0.02,0.98,0.0
2022,0.08,0.62,0.0,0.0,-999,0.0,0.12,1.1,0.0
2023,0.11,0.16,0.03,0.0,-999,0.0,0.12,0.01,0.0
2024,0.0,0.86,0.0,0.0,-999,0.0,0.04,0.01,0.0
