Year,Northeast,Northern Rockies and Plains,Northwest,Ohio Valley,South,Southeast,Southwest,Upper Midwest,West
1900,11.19,4.39,9.57,10.12,11.51,9.76,3.72,10.9,5.65
1901,8.13,3.91,7.86,5.8,7.41,7.75,2.2,6.85,3.91
1902,10.48,2.88,8.73,10.2,13.48,12.23,3.1,7.1,4.15
1903,8.49,3.68,11.1,7.16,6.62,7.54,2.12,8.41,4.2
1904,8.85,2.05,6.33,4.78,5.73,7.34,3.05,7.56,3.92
1905,9.65,3.92,7.23,11.19,9.94,6.0,4.91,8.08,2.42
1906,9.41,4.42,9.89,10.17,12.52,9.93,4.1,8.63,1.95
1907,14.83,2.28,6.38,8.12,11.41,11.04,3.26,6.4,2.12
1908,5.27,4.03,7.07,5.08,9.16,9.16,3.22,5.14,3.1
1909,8.24,4.24,13.47,9.33,7.36,6.03,3.37,7.48,5.44
1910,8.78,3.9,11.82,9.57,7.9,8.09,2.92,5.59,3.07
1911,11.31,5.15,8.14,13.19,9.75,11.76,4.37,10.5,1.51
1912,11.32,4.1,8.29,7.4,8.75,9.46,3.02,6.14,3.66
1913,11.63,3.67,9.03,10.39,12.39,11.14,3.87,7.33,3.62
1914,6.02,3.53,8.87,8.25,9.62,9.95,3.21,6.28,1.97
1915,7.91,4.82,8.73,9.32,11.5,9.5,2.73,8.45,1.55
1916,9.08,3.09,5.83,7.42,7.67,6.77,3.94,7.42,3.22
1917,9.48,2.55,5.48,6.49,6.77,9.36,1.78,5.51,1.48
1918,11.54,3.68,7.78,9.6,14.15,10.09,3.7,6.91,4.32
1919,11.36,4.81,8.14,14.15,13.18,5.9,5.38,8.57,2.28
1920,11.01,3.25,11.12,7.54,9.62,10.1,3.31,6.28,5.19
1921,11.3,3.87,10.65,13.07,8.6,8.07,1.85,7.43,2.07
1922,5.94,3.37,5.41,7.11,8.32,6.4,2.43,7.21,3.09
1923,9.83,4.78,6.63,8.84,11.09,7.88,4.76,5.17,2.96
1924,9.07,4.2,10.59,6.54,7.59,13.11,2.13,5.49,3.82
1925,12.79,4.07,6.1,13.56,13.98,8.75,4.2,7.28,3.18
1926,13.52,4.84,10.92,15.4,11.47,8.14,3.16,10.72,5.8
1927,14.6,4.71,13.61,11.77,8.07,8.22,3.96,8.57,4.64
1928,8.17,3.26,5.82,9.19,9.8,13.44,3.45,8.33,2.48
1929,10.25,4.76,2.05,10.31,15.42,15.92,3.54,6.95,0.46
1930,6.49,4.7,6.37,7.45,13.09,8.01,3.48,6.74,2.9
1931,8.23,3.98,8.27,11.19,7.37,3.42,4.17,10.6,3.48
1932,13.48,2.96,8.21,9.25,12.03,14.45,2.16,5.91,1.27
1933,9.57,2.47,7.0,8.0,7.38,5.32,3.06,6.95,1.39
1934,11.85,3.4,10.68,11.37,11.53,12.13,2.08,10.23,4.59
1935,10.88,1.97,4.55,9.54,9.61,10.81,2.87,6.01,1.97
1936,9.88,2.27,1.75,11.8,9.74,10.89,3.24,6.22,1.61
1937,11.93,3.13,10.12,7.88,11.98,11.05,2.75,6.42,3.78
1938,11.79,3.69,7.5,7.43,7.03,9.95,3.4,7.09,2.9
1939,8.67,1.97,4.31,5.09,5.86,5.62,3.55,4.44,2.72
1940,10.49,4.12,10.7,6.34,8.52,7.0,4.78,6.96,3.31
1941,7.63,5.8,8.79,13.2,11.74,4.24,6.69,10.95,3.52
1942,11.79,4.3,10.33,10.39,8.77,10.41,3.21,8.29,3.28
1943,11.31,2.5,5.97,6.42,8.75,5.67,2.22,5.76,2.25
1944,11.94,3.1,7.01,6.84,9.99,12.42,3.28,5.61,4.75
1945,14.45,3.45,10.28,12.21,11.82,13.95,2.22,7.64,4.89
1946,8.94,7.12,10.61,9.09,11.52,9.5,4.83,8.98,5.22
1947,8.53,4.6,10.83,8.82,13.44,15.57,2.95,7.31,2.92
1948,9.66,2.97,8.78,9.37,14.54,15.14,2.12,5.39,2.0
1949,8.72,3.79,8.03,8.68,9.52,9.44,2.97,6.13,1.82
1950,11.93,4.22,12.14,9.26,9.06,9.68,2.23,6.07,6.04
1951,11.3,4.17,10.13,10.93,11.86,8.35,2.75,8.74,4.07
1952,8.89,1.37,2.25,6.09,7.69,8.6,2.29,3.22,2.23
1953,8.75,2.35,7.43,3.9,8.43,7.33,1.79,4.15,2.7
1954,13.23,3.11,6.31,8.92,7.44,8.12,3.05,8.62,2.47
1955,11.82,3.34,11.44,9.14,7.94,9.97,1.81,6.06,2.54
1956,9.61,2.54,7.39,5.25,8.49,11.41,1.05,4.53,2.07
1957,9.22,4.17,6.41,10.48,17.93,15.65,4.15,7.41,4.52
1958,11.25,2.98,8.82,8.45,9.69,6.71,3.81,6.83,1.76
1959,13.49,5.14,9.28,10.53,13.22,15.1,3.14,8.94,1.5
1960,10.16,2.53,9.61,6.98,10.26,9.1,3.86,6.47,4.52
1961,8.62,4.88,8.77,10.72,9.83,7.0,4.18,9.3,3.03
1962,11.67,3.19,10.88,9.2,11.03,11.48,3.5,5.43,3.85
1963,10.17,3.21,9.53,4.43,7.59,10.07,3.35,5.14,5.78
1964,6.32,2.23,7.35,6.8,11.87,13.19,2.73,6.69,3.68
1965,10.05,4.33,6.26,9.87,9.33,6.91,3.9,10.6,4.94
1966,11.42,3.33,8.38,9.01,9.2,9.81,2.55,5.98,3.88
1967,9.92,3.8,8.0,10.01,8.81,7.1,2.62,5.64,3.22
1968,11.23,3.81,10.24,9.67,11.25,10.12,1.85,9.36,3.22
1969,10.38,3.0,6.02,9.81,9.61,8.66,4.48,6.99,2.41
1970,11.3,4.44,9.98,12.13,11.55,9.41,3.59,11.25,5.42
1971,10.44,5.32,9.1,8.05,9.53,14.32,4.25,9.36,2.72
1972,12.8,3.4,6.37,13.1,13.06,13.14,6.58,7.95,5.72
1973,9.82,6.24,13.75,12.19,14.02,6.85,2.2,8.32,6.2
1974,10.17,2.34,4.98,9.24,12.21,8.02,4.42,5.44,2.57
1975,14.46,3.68,9.56,9.78,11.82,12.98,3.14,6.91,3.51
1976,11.35,2.12,3.35,7.37,10.97,13.72,3.09,2.85,2.81
1977,15.8,5.09,9.74,11.84,14.21,14.1,2.64,10.09,2.57
1978,8.01,3.62,6.06,8.38,7.16,6.38,4.76,7.38,3.47
1979,13.28,2.63,7.45,9.88,13.13,17.04,2.15,6.66,3.75
1980,10.37,3.45,7.83,7.66,10.76,10.24,2.87,7.27,1.68
1981,12.14,3.47,10.0,8.3,9.02,6.77,3.94,7.48,6.58
1982,9.04,5.61,9.7,9.22,10.85,9.76,4.64,10.02,7.3
1983,12.6,4.39,10.5,13.02,12.61,11.5,5.06,10.14,6.78
1984,7.87,3.9,11.88,13.31,13.04,7.05,4.42,9.51,6.06
1985,13.16,5.44,9.97,14.15,14.0,13.89,5.96,11.07,5.03
1986,10.5,6.12,9.5,13.63,15.3,9.01,5.19,10.68,2.39
1987,12.38,2.07,2.91,7.33,10.32,11.76,3.27,6.71,3.53
1988,10.79,3.3,9.41,11.14,14.07,10.48,2.79,9.4,3.46
1989,12.81,3.66,6.45,8.65,10.77,13.63,1.97,5.62,3.27
1990,12.61,2.82,8.75,10.21,9.99,12.28,4.11,7.61,1.52
1991,10.33,4.19,7.57,10.26,10.08,6.03,4.21,10.99,2.57
1992,10.8,3.33,7.65,11.3,13.08,13.02,2.38,8.97,2.4
1993,12.84,3.43,3.12,14.49,12.01,10.51,3.28,6.48,2.01
1994,8.93,5.18,9.83,8.98,13.29,10.35,4.42,8.2,3.91
1995,14.98,4.87,10.85,7.74,11.82,13.61,2.45,8.72,0.52
1996,14.24,5.48,10.88,11.99,13.57,14.91,4.34,8.94,4.18
1997,10.2,3.89,9.5,7.48,12.32,11.92,4.65,6.17,4.61
1998,7.98,5.65,10.34,8.59,12.68,6.63,4.49,7.35,5.04
1999,14.55,2.86,7.08,5.77,8.41,16.72,1.85,5.05,2.09
2000,8.7,4.21,6.53,8.41,12.35,9.06,4.43,7.46,2.94
2001,7.73,3.42,8.63,11.05,12.56,4.85,2.07,8.75,3.77
2002,12.99,3.07,3.93,9.19,15.26,14.41,4.27,6.72,2.7
2003,15.67,3.4,7.49,12.41,10.42,12.13,2.78,7.3,2.12
2004,11.83,4.77,7.13,11.62,16.64,13.55,5.58,8.16,4.99
2005,17.38,4.06,8.32,8.38,7.63,10.2,2.98,9.73,2.92
2006,14.9,4.49,10.76,12.16,11.66,16.49,4.44,7.15,2.21
2007,11.51,3.87,7.8,8.6,10.09,6.87,2.5,8.63,2.4
2008,11.87,5.39,6.41,9.18,9.84,10.56,2.64,8.08,2.52
2009,10.53,4.13,8.33,12.34,16.95,13.5,2.63,7.52,2.31
2010,13.36,4.3,9.67,9.03,8.11,10.63,2.85,9.84,4.9
2011,15.36,3.15,6.96,13.0,11.96,12.38,3.31,5.93,2.8
2012,11.68,2.51,9.23,10.11,8.49,8.01,2.06,5.64,3.43
2013,10.02,5.82,7.84,8.92,10.02,7.72,5.19,7.8,2.31
2014,9.52,3.59,9.29,10.14,11.0,11.35,3.9,7.76,2.96
2015,10.64,3.96,7.9,10.09,13.83,18.87,4.26,8.64,3.25
2016,9.74,5.14,12.32,7.84,6.51,12.69,3.08,9.43,4.58
2017,10.91,4.56,10.36,8.96,8.76,8.92,2.5,8.39,3.03
2018,17.26,4.22,6.37,13.36,14.58,19.37,4.12,10.67,2.9
2019,11.64,6.09,6.16,10.41,11.17,10.15,3.81,12.76,2.18
2020,10.3,2.81,7.73,9.68,12.65,16.08,1.45,6.85,1.1
2021,13.47,4.03,10.25,9.87,10.08,7.88,2.45,7.36,3.93
2022,12.31,2.9,6.63,6.96,9.45,9.98,3.42,5.96,2.66
2023,10.53,4.49,7.05,6.01,7.54,7.13,2.46,7.32,2.4
2024,6.39,2.75,8.43,8.85,12.03,10.43,2.94,5.34,3.32
