Year,Alaska,Northeast,Northern Rockies and Plains,Northwest,Ohio Valley,South,Southeast,Southwest,Upper Midwest,West
1950,52.94,10.27,42.79,10.76,3.07,0.97,0.1,7.79,36.18,4.9
1951,64.24,8.71,42.9,4.57,6.17,2.23,0.21,11.26,34.68,3.28
1952,57.68,5.41,28.64,4.82,0.39,0.56,0.04,13.34,16.45,5.02
1953,58.8,3.54,13.88,0.62,1.06,0.19,0.04,5.31,16.2,0.34
1954,67.89,8.67,20.95,2.22,0.98,0.38,0.09,5.46,15.3,1.53
1955,68.85,10.75,41.42,6.27,4.16,0.45,0.2,11.79,30.68,5.46
1956,81.26,6.32,29.63,6.4,1.04,0.53,0.07,8.47,23.58,4.85
1957,46.2,10.49,27.13,8.88,2.37,0.54,0.1,6.1,23.33,4.75
1958,49.35,14.91,22.78,1.35,7.24,0.55,0.52,5.03,29.17,0.69
1959,64.73,11.29,28.49,2.44,4.16,1.27,0.25,6.46,29.36,2.08
1960,48.91,9.67,35.77,4.54,5.44,1.48,0.54,11.31,26.97,3.0
1961,71.62,16.34,22.97,2.07,5.72,0.8,0.5,6.73,21.98,1.73
1962,53.77,16.45,34.33,4.79,8.26,3.1,0.85,11.73,31.89,7.69
1963,49.87,17.85,35.43,4.65,16.9,3.17,1.24,11.78,43.55,3.68
1964,75.48,9.11,29.45,4.06,1.89,0.54,0.35,10.81,21.16,2.78
1965,63.96,10.97,34.05,1.77,5.32,0.41,0.33,7.3,28.16,2.48
1966,73.41,9.13,35.41,2.3,5.01,1.65,0.78,10.99,31.45,2.56
1967,54.46,12.39,26.69,2.36,3.14,0.3,0.46,8.76,27.33,1.51
1968,62.76,19.07,28.28,3.77,5.67,0.92,0.44,10.38,25.6,2.2
1969,54.83,8.98,33.07,4.27,2.64,0.3,0.1,6.27,24.62,1.48
1970,58.6,16.76,32.51,1.93,8.51,0.61,1.15,7.06,32.66,2.59
1971,74.52,14.14,31.29,2.87,4.53,0.92,0.16,10.48,27.89,4.95
1972,68.42,13.14,39.31,10.67,5.46,1.64,0.41,10.06,38.62,9.29
1973,61.18,9.28,23.15,3.52,1.83,0.85,0.18,10.93,18.74,2.18
1974,62.1,9.18,24.14,7.3,2.8,1.28,0.05,12.48,21.14,3.82
1975,68.51,10.03,32.39,2.98,1.28,0.43,0.1,11.2,25.13,2.38
1976,61.01,16.39,28.76,2.15,5.4,0.82,0.24,10.18,33.03,1.01
1977,52.7,14.72,31.33,3.57,17.7,1.95,1.54,8.3,36.88,3.6
1978,43.09,15.04,48.34,4.96,13.12,1.81,0.55,9.55,45.05,3.24
1979,56.04,15.0,42.93,10.66,12.8,3.21,0.8,13.13,37.4,4.03
1980,58.63,13.82,28.67,4.43,4.75,0.95,0.28,5.22,28.99,0.71
1981,36.9,12.71,16.07,0.9,7.06,0.62,0.39,3.25,22.27,0.2
1982,65.16,17.15,36.62,5.69,8.58,2.69,1.66,9.63,34.2,3.31
1983,48.42,9.46,25.05,4.66,7.03,2.41,1.04,6.23,22.14,1.08
1984,54.75,11.92,25.67,5.97,5.3,1.23,0.45,10.11,22.85,2.98
1985,60.37,12.0,43.14,10.91,10.76,2.61,1.84,10.7,38.16,5.12
1986,53.58,7.94,19.68,1.39,3.14,0.34,0.23,4.22,22.25,0.48
1987,47.59,11.2,10.35,2.58,2.01,0.12,0.35,7.4,7.08,3.61
1988,56.92,14.21,29.18,3.13,5.62,1.41,0.63,9.47,30.54,4.31
1989,59.53,16.48,37.66,6.86,9.94,3.53,1.63,12.77,36.17,6.74
1990,63.75,5.0,21.45,6.77,1.1,1.38,0.14,10.84,15.24,7.82
1991,53.3,8.11,23.09,2.04,1.27,0.26,0.08,7.1,23.42,1.49
1992,58.15,8.49,14.8,2.41,1.45,0.05,0.06,6.76,11.85,2.75
1993,37.25,14.31,32.09,6.3,2.47,0.59,0.21,5.69,26.55,6.22
1994,56.27,18.4,26.57,1.76,7.51,0.38,1.19,5.69,30.73,2.49
1995,53.51,8.85,24.1,1.21,3.65,0.48,0.29,3.87,23.66,1.05
1996,63.99,11.68,43.96,4.26,6.54,2.36,0.81,7.61,36.69,0.74
1997,55.65,7.68,24.96,2.67,5.58,0.71,0.26,7.93,21.06,1.38
1998,45.02,4.0,19.17,3.05,0.44,0.45,0.05,5.65,11.71,3.06
1999,71.38,7.19,11.39,0.59,2.85,0.18,0.02,2.96,16.86,0.6
2000,34.7,10.57,24.1,0.74,6.22,0.37,0.19,4.76,26.5,0.39
2001,50.3,7.06,19.84,2.15,1.16,0.28,0.08,7.32,17.1,1.56
2002,33.86,3.36,21.04,1.84,0.45,0.31,0.04,7.7,9.69,1.63
2003,42.35,15.01,25.2,0.63,3.59,0.47,0.26,3.94,27.82,0.26
2004,47.63,13.27,21.83,2.74,3.93,0.86,0.16,6.53,24.52,2.22
2005,45.1,11.96,22.85,3.47,2.15,0.67,0.18,4.74,21.02,1.58
2006,59.57,2.42,12.43,2.29,0.5,0.19,0.04,6.44,7.03,2.36
2007,52.52,10.22,26.9,3.25,4.39,0.54,0.09,10.49,23.8,2.85
2008,63.65,7.04,32.92,4.52,3.02,0.72,0.05,8.93,35.04,3.21
2009,58.94,10.95,31.89,4.5,4.24,0.44,0.4,8.5,29.41,4.0
2010,52.9,3.47,25.78,2.03,3.58,0.66,0.34,5.42,21.35,1.88
2011,54.58,9.14,29.23,2.9,3.2,2.0,0.07,10.62,20.76,2.36
2012,68.29,3.43,15.78,0.39,0.18,0.16,0.0,5.0,9.2,1.8
2013,51.69,6.66,27.46,4.87,1.12,0.36,0.0,13.02,27.98,10.95
2014,31.09,15.09,36.1,2.22,11.49,1.63,1.16,6.26,42.64,0.4
2015,40.49,19.09,22.85,1.24,9.49,0.27,0.82,4.37,29.52,1.68
2016,30.25,6.36,16.03,3.1,2.39,0.79,0.09,6.02,16.25,2.54
2017,47.36,6.96,22.94,5.26,2.39,0.47,0.09,3.93,15.57,1.72
2018,34.59,8.21,26.58,1.08,6.13,0.97,0.54,5.08,22.4,0.61
2019,32.44,9.58,34.47,2.17,3.43,0.47,0.12,7.71,30.8,1.01
2020,56.84,4.83,15.22,1.01,0.65,0.1,0.03,5.25,13.46,0.23
2021,60.07,4.61,20.81,0.56,2.94,1.93,0.05,3.72,17.84,0.3
2022,43.74,10.8,36.14,4.39,4.41,1.45,0.27,8.17,31.96,1.18
2023,45.6,3.07,18.74,2.11,0.28,0.31,0.03,6.9,10.33,1.39
2024,42.0,2.96,16.14,3.08,3.29,1.38,0.18,3.8,10.59,0.3
