Year,Northeast,Northern Rockies and Plains,Northwest,Ohio Valley,South,Southeast,Southwest,Upper Midwest,West
1900,11.32,30.8,13.74,36.29,62.47,53.07,46.51,12.12,29.05
1901,7.69,31.65,16.81,46.9,65.25,27.29,49.3,18.88,36.7
1902,1.81,11.95,15.41,21.74,73.65,41.04,46.07,1.99,43.31
1903,2.55,10.37,7.64,20.38,52.8,28.38,42.38,1.51,43.79
1904,1.84,10.88,21.0,10.91,61.06,28.8,35.78,2.08,56.52
1905,2.91,13.93,17.45,16.21,58.26,27.9,44.14,3.63,47.28
1906,3.26,17.71,22.59,21.95,59.67,29.45,36.35,5.39,53.85
1907,2.68,15.42,11.7,15.89,66.11,30.36,36.95,1.58,32.42
1908,6.26,20.0,25.57,32.48,59.18,29.04,39.53,7.36,51.18
1909,4.95,21.05,14.49,22.89,66.02,23.62,40.99,6.27,47.76
1910,3.51,28.11,16.08,20.22,54.11,23.8,50.16,17.09,53.12
1911,13.5,25.18,16.71,43.75,78.95,54.73,41.47,13.97,39.59
1912,6.32,18.28,11.94,22.57,59.68,33.45,31.96,6.21,34.51
1913,7.6,32.55,15.56,52.79,69.86,36.77,41.8,11.39,48.52
1914,6.52,27.22,20.0,48.98,77.15,48.67,33.73,8.15,46.89
1915,2.52,4.84,22.32,9.97,65.16,40.16,32.12,0.28,50.34
1916,8.36,26.93,14.1,38.44,63.91,23.47,36.17,15.57,36.57
1917,5.11,24.21,22.71,19.07,55.31,30.82,42.99,5.85,60.57
1918,9.1,23.29,19.85,32.77,72.03,32.36,36.85,7.21,47.26
1919,8.86,31.07,26.32,38.09,62.73,32.62,40.83,7.66,52.29
1920,1.42,21.13,22.3,19.3,52.48,23.22,35.12,3.93,44.19
1921,10.25,32.01,14.7,41.35,86.06,44.9,37.33,17.6,51.42
1922,2.97,28.77,28.76,32.04,65.65,28.82,49.57,9.41,53.67
1923,5.74,15.35,19.48,24.69,49.56,33.88,27.05,8.59,41.34
1924,3.62,14.72,21.7,16.05,71.89,35.17,49.15,1.62,53.35
1925,6.27,28.79,21.21,42.58,96.42,66.82,38.84,9.57,38.82
1926,4.21,26.73,22.48,24.99,75.57,51.11,43.73,5.68,54.24
1927,2.89,15.22,18.05,18.94,71.41,28.5,38.0,6.02,45.46
1928,4.12,18.41,21.02,18.95,60.24,29.21,45.13,3.81,53.32
1929,7.16,29.9,21.11,20.21,65.96,26.41,42.56,9.21,56.31
1930,8.36,29.21,18.83,41.7,72.14,52.95,44.22,15.87,45.86
1931,10.12,44.02,26.1,45.5,79.71,56.96,57.35,25.53,62.1
1932,4.52,27.5,16.05,29.86,69.38,46.01,45.51,10.29,52.87
1933,11.86,43.3,21.56,45.89,74.7,58.09,55.2,19.74,53.25
1934,9.27,48.51,21.36,52.37,74.79,45.55,63.43,20.63,57.58
1935,6.04,34.59,19.36,29.32,64.53,35.53,48.22,9.06,50.89
1936,9.19,56.15,19.81,63.69,83.46,56.35,58.0,22.87,59.69
1937,9.3,40.51,17.58,33.92,71.41,40.53,49.54,16.67,55.58
1938,6.74,32.16,24.28,30.31,71.66,38.69,44.06,5.81,49.16
1939,8.27,41.0,26.28,34.06,74.62,43.51,52.78,11.9,60.52
1940,4.63,36.33,24.01,30.48,53.47,35.49,54.46,8.27,52.47
1941,11.24,29.37,17.91,39.48,79.19,57.28,34.61,12.96,35.23
1942,3.92,16.78,23.98,24.72,64.31,42.55,48.7,3.63,48.88
1943,8.11,27.93,15.28,33.77,81.49,51.33,54.38,6.62,46.27
1944,16.75,16.36,18.35,42.76,80.65,49.94,45.59,8.95,43.82
1945,5.6,20.09,20.6,21.53,63.38,37.38,42.35,4.48,56.41
1946,4.47,23.2,15.56,20.02,45.81,25.33,51.93,4.63,47.59
1947,6.68,30.06,12.06,29.87,64.8,36.44,49.8,16.16,51.47
1948,6.93,25.91,10.11,22.54,71.16,38.64,50.09,12.56,40.61
1949,15.75,26.99,16.12,23.18,54.58,32.23,41.71,12.23,45.79
1950,2.14,11.16,17.12,4.44,44.27,27.52,41.24,2.08,52.51
1951,2.42,12.66,17.42,14.18,80.98,46.66,48.1,0.94,48.89
1952,11.95,30.11,19.39,42.09,85.67,50.81,51.29,7.34,52.22
1953,14.52,26.23,14.38,48.92,84.07,51.82,51.86,9.68,47.49
1954,4.53,27.98,8.22,45.69,100.8,61.71,55.14,4.33,44.05
1955,15.82,35.68,18.36,37.69,67.49,34.58,45.7,17.05,51.34
1956,3.28,26.69,16.66,22.74,74.72,44.38,56.33,5.07,44.8
1957,6.77,20.68,10.03,21.98,56.41,40.02,40.63,4.29,50.74
1958,1.22,20.91,31.98,8.87,60.41,32.85,52.86,3.43,53.29
1959,9.06,32.75,18.51,24.58,58.26,31.35,50.83,8.4,58.35
1960,1.81,28.49,22.8,17.41,66.17,31.68,57.64,4.9,60.16
1961,3.2,30.25,27.86,12.14,44.24,27.36,48.66,5.67,59.02
1962,3.12,12.01,14.76,17.33,76.11,30.75,47.76,1.93,46.71
1963,8.57,27.06,15.23,20.28,66.1,28.26,48.6,5.46,39.25
1964,8.31,28.5,11.73,30.47,59.8,21.32,47.61,13.71,46.9
1965,5.25,12.81,15.53,13.5,50.51,19.87,32.03,3.76,35.26
1966,8.07,26.75,17.81,22.89,45.88,29.42,46.66,9.0,52.75
1967,1.59,19.85,33.28,7.69,32.29,12.89,36.52,1.61,62.25
1968,5.69,20.21,18.52,18.55,52.12,34.95,37.6,6.18,47.78
1969,3.7,22.95,17.36,16.42,58.87,25.57,49.74,4.79,53.56
1970,4.09,35.74,26.81,18.32,59.91,34.23,47.83,7.93,58.47
1971,2.55,25.06,24.63,16.93,45.9,15.6,47.1,5.15,53.21
1972,1.99,19.1,22.21,17.65,59.04,18.22,40.37,4.27,48.19
1973,6.2,26.34,21.99,17.21,48.78,21.35,43.67,6.57,49.97
1974,2.91,28.36,21.87,13.8,40.55,12.23,50.33,7.24,55.82
1975,5.75,24.1,13.48,20.0,46.15,26.82,38.62,8.13,43.33
1976,2.27,30.56,10.28,13.83,39.35,20.14,42.16,12.0,41.44
1977,5.68,20.15,22.32,21.71,71.46,47.24,48.71,6.97,47.99
1978,3.38,26.89,15.41,21.75,69.51,29.18,52.33,5.58,46.76
1979,3.22,19.61,16.54,9.33,42.86,18.7,49.43,1.07,52.68
1980,5.41,33.32,9.4,35.26,87.19,52.85,50.58,8.1,40.14
1981,3.17,20.13,21.17,9.87,62.95,35.94,46.61,2.11,58.16
1982,2.91,17.54,13.97,8.63,52.98,17.53,39.82,3.1,35.23
1983,11.13,37.38,11.62,40.74,61.58,47.29,46.84,13.36,39.05
1984,3.67,25.53,16.51,18.64,48.13,22.9,43.65,5.0,54.61
1985,2.17,21.75,19.82,11.9,55.22,29.93,49.06,3.24,45.6
1986,3.2,16.68,21.31,17.48,68.84,51.01,43.82,4.19,44.96
1987,7.56,23.0,21.79,27.03,63.19,41.83,44.26,12.27,40.22
1988,17.13,40.42,24.04,42.52,60.32,42.64,53.64,27.26,56.14
1989,3.78,24.31,11.32,13.27,42.79,25.74,55.79,6.7,41.81
1990,2.64,25.49,25.44,16.34,72.17,39.78,47.86,2.97,50.09
1991,9.42,24.58,18.88,28.15,51.63,34.82,43.13,7.16,52.46
1992,1.41,7.5,24.33,4.25,31.04,20.24,39.88,0.84,51.73
1993,8.84,5.37,8.11,16.33,65.34,47.66,41.05,1.06,37.39
1994,5.36,16.8,24.04,14.88,33.53,18.13,62.64,2.65,52.05
1995,9.34,21.29,13.44,24.19,62.44,31.06,48.93,9.72,44.25
1996,1.64,13.95,24.2,11.22,44.96,23.9,56.85,2.72,56.78
1997,4.53,15.4,13.1,13.73,50.01,28.32,49.01,2.39,43.04
1998,2.79,21.85,27.61,17.7,79.65,43.56,50.79,4.18,42.26
1999,11.51,17.44,17.07,27.81,60.6,37.95,42.64,6.86,41.1
2000,1.7,29.56,18.1,12.77,66.18,28.45,69.44,1.91,49.31
2001,7.34,27.39,20.98,16.32,42.31,19.77,61.7,9.66,59.11
2002,15.63,32.92,19.78,30.99,56.57,47.89,66.89,8.65,53.67
2003,3.09,28.38,32.57,12.94,36.59,15.98,65.67,4.99,54.82
2004,1.02,13.36,24.79,3.87,37.15,22.72,48.0,1.02,48.34
2005,8.7,25.75,21.64,28.03,63.36,31.95,51.32,9.06,44.91
2006,6.14,30.53,28.85,19.59,69.54,32.33,49.75,8.39,52.93
2007,6.52,27.16,22.44,26.69,61.6,48.11,59.07,6.33,49.19
2008,4.14,12.89,21.16,9.11,49.65,35.12,52.2,0.84,59.74
2009,1.98,10.25,25.73,6.98,45.3,20.51,47.78,1.73,55.87
2010,10.12,17.38,16.31,25.43,82.58,57.29,54.11,3.2,46.85
2011,6.66,20.51,15.82,29.01,81.31,50.26,55.79,7.16,44.42
2012,7.83,40.01,21.06,39.25,59.95,30.44,65.7,13.88,58.66
2013,6.0,19.5,23.97,12.83,43.66,11.04,51.85,5.53,52.74
2014,1.61,11.09,23.41,7.54,43.09,23.56,45.78,0.44,61.36
2015,3.42,19.07,28.55,10.2,59.14,33.78,52.99,1.7,57.39
2016,8.28,20.45,20.42,18.33,69.57,42.5,54.47,3.39,56.9
2017,3.83,24.41,30.81,13.16,40.71,24.16,56.19,2.57,68.35
2018,8.35,19.4,22.62,24.51,65.4,35.01,63.65,6.17,56.13
2019,4.51,10.41,14.79,16.29,69.36,48.21,54.51,1.61,53.29
2020,8.84,24.75,21.33,14.48,49.3,27.48,71.47,5.28,79.94
2021,6.68,34.07,35.41,13.17,43.49,25.79,60.74,7.07,67.5
2022,7.75,32.58,32.36,20.54,63.82,35.77,63.43,5.28,67.67
2023,3.37,20.12,25.22,15.87,65.2,29.22,52.21,6.1,53.69
2024,7.06,22.77,31.25,20.98,66.96,34.17,69.42,1.94,75.39
