Year,Northeast,Northern Rockies and Plains,Northwest,Ohio Valley,South,Southeast,Southwest,Upper Midwest,West
1930,41.58,51.68,31.61,26.88,3.09,3.21,23.12,72.63,9.1
1931,27.62,36.91,22.02,6.99,0.24,0.84,19.28,37.56,6.4
1932,32.13,67.26,30.89,21.94,3.65,2.19,27.68,73.57,13.58
1933,32.53,44.8,20.35,14.88,1.71,1.69,16.73,65.42,11.89
1934,48.39,35.58,7.53,22.96,1.74,5.53,6.03,74.27,0.73
1935,47.61,50.51,21.54,25.26,3.48,8.65,8.24,77.87,4.15
1936,47.15,70.51,27.02,31.56,5.0,7.15,13.76,88.02,3.61
1937,33.65,72.6,30.88,30.28,2.86,2.15,21.9,85.12,13.26
1938,39.02,48.38,14.25,14.88,1.05,2.39,11.36,72.51,4.09
1939,40.48,43.22,13.45,15.18,0.44,0.87,17.3,66.11,4.82
1940,54.62,66.26,15.56,35.14,6.85,6.94,16.31,89.05,3.02
1941,45.56,48.6,11.49,21.63,0.41,1.87,11.21,72.04,2.84
1942,41.86,51.27,23.26,27.99,4.22,4.75,15.38,69.03,6.16
1943,47.59,47.59,21.32,25.31,2.42,4.39,9.78,75.17,2.08
1944,41.65,58.25,24.89,22.57,1.25,1.76,13.28,67.39,7.08
1945,49.8,53.81,18.81,33.08,1.36,3.82,13.51,78.34,5.35
1946,33.88,36.9,14.04,11.3,0.87,0.7,9.5,63.2,3.72
1947,42.79,58.76,17.13,27.61,2.25,3.48,17.84,83.19,5.21
1948,47.53,63.39,24.05,29.71,5.53,4.46,21.3,80.51,7.3
1949,29.53,65.99,31.23,15.75,2.34,0.55,27.22,70.82,16.44
1950,39.63,65.15,24.87,30.62,2.7,2.71,11.66,93.06,5.89
1951,36.56,68.2,24.75,28.74,3.97,3.79,18.1,85.94,6.97
1952,29.94,61.92,27.72,16.66,0.79,1.23,21.72,68.69,8.42
1953,24.13,35.32,7.01,13.08,0.74,1.34,11.65,64.1,2.48
1954,36.47,39.63,15.12,15.84,1.21,2.56,8.69,62.9,2.82
1955,50.42,75.24,30.94,27.37,1.21,2.8,20.82,90.95,10.07
1956,37.82,54.5,26.15,19.84,1.26,1.39,15.51,75.8,5.51
1957,33.61,49.13,23.7,17.64,1.58,2.56,12.56,69.44,5.08
1958,51.71,52.93,11.15,38.52,4.69,6.84,10.93,70.6,2.13
1959,41.31,52.54,14.95,24.07,2.13,3.45,9.64,75.74,2.62
1960,49.32,67.33,27.33,41.37,3.8,6.22,22.92,86.39,5.73
1961,42.62,44.7,14.67,25.58,3.17,5.45,14.17,59.24,2.83
1962,47.36,53.09,20.68,32.53,4.68,6.57,18.1,74.68,7.2
1963,54.65,49.71,20.88,46.15,7.75,5.73,17.15,81.11,3.26
1964,38.04,53.66,23.81,21.2,1.84,2.16,20.73,69.11,6.12
1965,40.16,58.72,15.64,24.48,2.22,3.83,15.42,74.31,5.46
1966,43.9,61.17,14.65,35.67,4.31,5.33,19.52,76.76,4.05
1967,42.83,51.46,14.09,24.11,1.67,2.55,18.01,73.78,5.64
1968,50.88,55.13,17.13,34.49,3.62,7.66,17.48,70.31,4.2
1969,49.32,69.71,24.7,30.61,1.72,3.57,14.05,81.46,4.8
1970,53.6,57.38,16.78,31.85,5.0,8.11,12.25,81.31,4.79
1971,41.72,63.74,21.67,25.86,3.75,5.1,21.39,80.55,8.81
1972,45.09,62.96,27.27,27.62,2.99,2.06,18.56,86.58,10.75
1973,33.03,48.4,17.59,24.8,4.68,4.25,21.55,60.59,5.33
1974,39.08,43.01,16.94,22.32,2.45,0.92,20.12,64.81,7.47
1975,38.51,66.29,22.87,20.78,1.52,1.68,19.7,84.35,6.12
1976,49.12,44.9,17.1,28.48,2.92,3.2,13.73,77.64,2.89
1977,54.12,52.84,25.63,44.9,6.63,8.9,12.21,79.94,3.77
1978,61.14,83.65,22.37,51.06,10.32,5.96,20.65,95.13,5.49
1979,44.21,64.73,29.68,42.78,7.01,5.39,24.72,81.52,6.29
1980,52.97,50.25,18.26,36.75,4.78,6.35,12.42,78.1,2.1
1981,42.16,37.57,12.11,28.15,2.72,5.02,7.17,63.43,0.69
1982,44.08,62.31,24.3,31.08,5.37,6.31,18.69,79.52,7.07
1983,34.17,56.25,19.34,29.67,7.19,5.34,17.93,72.06,3.51
1984,40.31,47.08,26.95,26.25,3.08,2.81,19.37,67.48,7.13
1985,51.54,69.79,49.65,44.27,7.95,5.49,23.44,85.03,9.3
1986,38.64,42.48,14.52,23.55,2.05,2.92,9.71,70.64,1.0
1987,37.94,36.46,19.16,16.87,1.29,3.06,19.79,45.62,8.49
1988,41.75,49.46,21.84,32.19,4.81,6.55,21.77,70.75,7.73
1989,55.59,60.06,24.58,36.63,8.39,8.55,19.41,84.69,8.41
1990,21.75,38.78,20.19,10.77,1.59,0.61,18.31,48.88,9.48
1991,31.5,47.22,15.33,23.72,1.41,1.36,19.62,73.0,4.23
1992,37.46,43.01,16.82,15.71,0.61,1.44,20.94,63.86,4.63
1993,42.83,64.25,33.57,31.86,1.95,3.23,18.56,77.71,9.35
1994,47.86,54.97,17.62,27.22,3.08,5.86,11.69,71.34,5.4
1995,47.71,59.04,14.11,37.79,2.8,4.94,10.12,87.45,1.98
1996,45.69,74.36,19.7,37.18,6.97,8.53,14.0,92.98,3.87
1997,37.76,58.61,15.11,27.28,3.27,3.54,21.36,77.97,3.9
1998,22.87,45.98,13.0,15.89,1.93,1.82,11.34,52.44,5.11
1999,34.42,31.04,9.92,20.41,1.96,3.29,7.53,52.34,2.31
2000,48.19,57.49,19.38,36.75,5.48,6.72,10.43,76.1,1.6
2001,34.34,53.0,21.57,22.41,2.24,1.91,16.11,64.28,5.01
2002,29.99,51.29,16.21,18.27,1.71,3.14,16.66,61.62,4.11
2003,55.57,56.0,9.52,35.5,2.97,5.91,11.2,78.7,2.32
2004,44.72,42.71,17.46,27.68,2.71,5.16,17.23,64.71,6.61
2005,47.25,47.67,22.12,28.76,1.58,4.61,13.17,77.54,5.29
2006,26.04,36.47,18.06,11.71,1.32,1.18,14.45,48.78,5.46
2007,49.42,58.28,22.93,32.04,2.71,2.65,23.95,82.77,6.1
2008,41.33,53.54,24.77,32.34,2.66,2.94,20.58,85.49,8.07
2009,47.91,59.02,27.63,32.72,2.56,5.22,18.49,77.75,6.26
2010,45.22,64.28,17.34,46.69,6.25,9.68,15.44,77.37,4.26
2011,39.66,55.24,21.09,26.73,4.52,3.21,20.6,73.26,3.56
2012,25.03,39.07,13.82,13.98,0.72,1.48,12.27,51.91,3.47
2013,43.97,60.03,27.7,33.12,3.05,3.41,27.14,89.5,11.94
2014,54.82,61.97,22.26,42.75,6.98,7.74,16.4,98.0,2.06
2015,51.12,47.93,17.28,32.56,4.15,7.0,16.42,70.93,5.1
2016,33.91,42.52,22.22,25.91,2.17,6.37,15.93,64.24,5.44
2017,39.29,51.53,29.84,21.18,2.44,3.9,12.38,67.66,4.37
2018,41.47,61.77,14.36,27.68,5.26,7.61,12.34,82.28,3.98
2019,45.74,72.94,25.33,29.15,2.1,2.19,21.42,85.35,5.58
2020,26.87,47.91,12.16,14.5,0.95,1.56,16.02,64.26,2.11
2021,39.52,42.47,15.72,23.71,4.32,1.58,11.8,62.92,3.75
2022,43.21,61.12,30.51,32.62,4.05,4.38,17.13,85.35,5.64
2023,20.44,52.75,16.9,8.99,0.89,0.79,18.36,54.09,6.71
2024,29.81,43.5,12.68,16.98,3.04,1.95,10.52,52.9,2.08
