Year,Northeast,Northern Rockies and Plains,Northwest,Ohio Valley,South,Southeast,Southwest,Upper Midwest,West
1950,35.13,12.68,7.38,72.72,157.91,110.44,34.05,21.05,49.24
1951,38.27,16.77,6.91,76.66,154.38,104.73,42.06,23.16,46.71
1952,45.5,23.16,8.35,78.91,139.25,103.71,43.32,36.47,46.97
1953,42.23,25.87,5.98,80.55,152.57,107.98,42.88,38.83,41.29
1954,39.32,28.79,4.88,94.52,157.14,107.59,50.64,36.29,45.04
1955,54.28,31.52,7.27,85.47,159.77,111.15,42.04,51.62,43.85
1956,38.23,23.48,7.84,85.66,150.63,108.18,40.09,32.28,43.74
1957,41.49,26.07,4.85,87.02,162.12,116.59,41.09,35.54,44.24
1958,37.77,19.79,14.26,78.59,150.34,102.73,47.33,25.45,55.05
1959,63.55,26.65,6.98,98.25,165.82,121.48,45.11,49.48,51.48
1960,37.34,24.6,8.95,81.76,152.62,110.82,42.24,32.56,53.52
1961,53.4,26.02,13.54,79.72,144.8,105.74,41.94,37.36,52.12
1962,33.61,18.77,5.06,88.58,157.03,107.78,38.19,29.52,42.28
1963,32.97,31.45,8.15,72.15,155.0,89.74,47.46,35.85,44.76
1964,38.2,25.7,5.0,81.31,152.93,102.76,44.34,37.3,45.12
1965,39.11,19.55,8.29,85.67,158.86,107.0,35.38,25.58,41.25
1966,36.83,27.58,5.84,67.66,144.98,95.27,46.22,34.91,49.1
1967,42.09,15.1,11.09,66.66,143.21,83.38,39.04,24.84,53.29
1968,39.2,18.35,8.08,76.32,140.35,96.2,34.92,35.64,46.46
1969,48.56,23.34,6.89,80.69,145.05,104.25,45.53,33.19,50.54
1970,47.64,27.72,10.08,91.57,153.06,113.16,43.82,44.05,47.06
1971,46.4,22.12,10.67,84.78,155.19,116.88,38.88,32.85,48.72
1972,41.44,20.37,7.67,77.15,152.85,93.41,38.98,29.88,50.8
1973,56.26,22.5,9.1,93.47,159.51,115.42,34.87,42.07,47.47
1974,36.93,20.63,9.19,73.47,148.27,102.9,41.38,28.36,50.74
1975,50.08,24.57,8.85,87.67,158.87,117.54,34.87,39.56,44.17
1976,41.15,25.0,6.54,61.43,129.19,92.3,36.84,29.54,47.42
1977,46.5,24.17,11.79,95.94,159.13,117.89,49.14,32.53,49.66
1978,42.42,23.71,7.24,85.87,150.38,105.33,41.86,38.04,49.9
1979,45.71,21.43,8.37,77.21,146.89,100.2,36.31,30.03,47.71
1980,46.92,24.44,4.61,87.3,149.33,106.97,44.36,34.89,45.01
1981,45.8,22.58,7.32,82.58,143.75,98.36,46.35,33.34,53.48
1982,32.1,23.17,7.94,75.96,160.09,105.83,40.51,27.79,47.06
1983,46.6,36.29,7.94,82.92,138.74,95.99,44.75,49.25,51.62
1984,45.9,27.8,7.88,79.06,149.94,103.85,44.87,33.64,57.47
1985,36.87,19.84,7.99,79.29,162.64,112.54,41.49,25.82,49.98
1986,44.76,21.38,10.25,91.99,161.54,117.11,41.64,29.79,47.78
1987,48.27,25.83,7.57,90.92,144.3,111.34,37.26,44.48,49.84
1988,48.19,36.18,7.85,74.84,135.26,91.93,45.72,42.21,56.01
1989,47.68,27.23,7.16,82.42,149.1,115.33,42.64,33.54,51.73
1990,50.16,26.19,12.86,85.87,154.04,110.84,44.83,36.15,53.34
1991,51.2,31.29,9.25,105.48,171.77,121.82,40.41,48.78,50.82
1992,34.85,10.63,11.84,68.9,140.27,98.94,36.03,17.0,56.01
1993,47.6,15.68,4.02,82.92,144.36,109.09,37.98,34.19,45.25
1994,50.07,22.45,11.08,75.31,155.43,101.66,49.33,31.96,49.15
1995,50.22,26.89,7.48,88.15,150.59,113.34,40.31,48.59,45.14
1996,46.5,23.06,8.34,79.36,153.19,103.33,49.36,27.18,58.54
1997,34.41,26.92,9.57,71.98,144.06,87.44,44.72,29.94,60.08
1998,50.83,33.11,14.7,101.45,167.41,113.88,44.49,43.44,49.95
1999,49.06,24.07,8.73,77.38,147.9,98.67,44.91,42.29,43.33
2000,41.34,28.8,7.95,84.19,145.77,103.48,52.65,35.97,48.93
2001,42.11,32.48,9.6,85.41,150.25,100.2,48.93,40.06,58.74
2002,51.5,33.91,11.36,97.99,166.89,119.97,50.61,48.55,53.56
2003,47.97,31.16,14.04,76.54,149.39,105.69,51.96,32.03,58.37
2004,47.8,16.83,13.71,80.91,160.5,123.18,40.55,25.03,52.27
2005,58.94,29.86,8.32,95.39,149.25,113.71,45.54,47.64,51.61
2006,50.09,30.5,12.69,81.58,148.77,102.67,50.95,39.93,56.7
2007,47.32,38.39,13.42,98.14,159.4,112.0,54.17,43.55,54.8
2008,44.72,22.44,9.42,76.31,148.78,100.7,46.08,29.36,53.5
2009,42.31,15.69,13.13,79.08,152.92,113.6,43.6,21.97,54.4
2010,59.92,28.04,7.49,100.48,149.31,122.66,50.99,51.72,51.33
2011,58.86,29.38,6.81,91.15,150.17,118.72,51.72,42.09,49.29
2012,57.72,33.3,10.86,88.71,161.51,111.24,54.32,46.07,59.44
2013,56.13,30.84,17.19,89.61,155.44,112.44,54.48,38.92,60.07
2014,45.37,23.71,15.83,82.78,152.54,113.22,48.64,33.88,66.5
2015,54.11,28.05,19.5,94.27,173.29,128.27,51.83,40.68,68.11
2016,58.76,28.28,8.58,104.69,164.34,128.31,49.24,48.51,58.34
2017,49.78,24.55,14.99,87.06,162.4,119.54,49.23,32.63,62.84
2018,70.82,30.6,11.35,119.95,174.24,143.95,55.4,53.56,62.13
2019,52.29,28.3,12.0,101.35,168.14,132.18,47.69,37.67,54.99
2020,62.37,29.61,12.84,90.44,163.18,121.28,50.13,44.3,66.88
2021,63.97,36.34,23.23,104.11,159.44,117.1,54.07,52.15,67.3
2022,54.54,32.46,19.03,90.72,158.36,118.48,56.37,41.12,70.69
2023,54.25,29.81,17.73,83.69,166.14,106.48,49.94,39.42,58.77
2024,59.41,30.58,16.91,98.5,175.99,126.25,54.43,42.04,66.67
