Year,Alaska,Northeast,Northern Rockies and Plains,Northwest,Ohio Valley,South,Southeast,Southwest,Upper Midwest,West
1895,-999.0,-999.0,-999.0,-999.0,-999.0,-999.0,-999.0,-999.0,-999.0,-999.0
1896,-999.0,10.25,2.35,16.23,8.76,9.72,11.36,1.87,3.29,6.95
1897,-999.0,7.6,2.57,13.62,8.92,7.17,11.58,3.86,4.42,8.47
1898,-999.0,12.75,2.11,13.22,11.3,11.34,7.24,2.53,4.21,4.67
1899,-999.0,10.43,2.5,13.01,9.48,8.25,14.76,2.96,2.63,4.88
1900,-999.0,12.11,2.02,11.25,9.5,9.76,12.28,1.83,3.99,4.97
1901,-999.0,5.78,1.79,14.55,5.29,7.02,11.58,2.66,2.34,8.38
1902,-999.0,14.03,2.59,13.61,9.36,7.32,13.97,1.86,2.82,6.98
1903,-999.0,13.71,2.74,13.91,12.4,12.45,15.17,3.2,4.03,6.36
1904,-999.0,8.99,2.46,14.19,7.64,5.68,9.32,1.36,3.06,7.2
1905,-999.0,8.57,2.14,10.24,8.12,10.23,11.57,5.14,3.7,7.08
1906,-999.0,9.25,1.56,12.34,8.12,7.64,14.44,2.63,3.62,7.88
1907,-999.0,9.02,3.38,15.41,11.77,7.8,7.34,4.7,4.21,11.64
1908,-999.0,11.88,2.06,12.17,10.12,9.76,14.65,3.2,4.0,8.45
1909,-999.0,12.16,2.77,15.39,10.55,6.29,9.54,4.43,4.31,12.61
1910,-999.0,11.71,3.07,12.75,10.03,8.43,10.4,3.22,4.37,7.49
1911,-999.0,8.12,2.41,10.64,8.61,7.08,7.4,4.3,3.67,10.05
1912,-999.0,8.77,2.2,12.94,9.34,11.67,14.51,1.83,3.57,3.44
1913,-999.0,10.02,1.83,11.15,12.24,12.3,11.62,2.89,3.2,4.58
1914,-999.0,8.85,2.37,12.99,7.55,7.06,10.9,3.84,2.51,12.92
1915,-999.0,13.61,2.53,8.04,10.76,11.71,14.71,4.68,4.38,10.61
1916,-999.0,10.11,3.12,15.95,13.43,9.44,9.61,5.21,4.09,11.96
1917,-999.0,8.91,2.93,10.77,9.22,7.56,11.24,3.2,3.0,7.13
1918,-999.0,8.52,3.24,17.99,7.28,5.24,8.15,2.81,2.98,5.04
1919,-999.0,9.28,2.41,14.03,8.55,10.28,14.3,2.95,4.01,6.74
1920,-999.0,9.34,2.13,7.84,7.98,7.81,11.92,3.41,2.24,4.5
1921,-999.0,9.78,1.84,16.29,7.97,8.88,11.91,2.25,3.08,7.72
1922,-999.0,7.85,2.82,9.56,8.08,8.8,11.9,3.81,4.67,10.39
1923,-999.0,10.6,2.22,14.36,11.29,9.92,11.99,2.65,2.69,6.5
1924,-999.0,11.15,2.06,11.29,11.27,10.62,11.88,2.38,3.28,3.21
1925,-999.0,8.6,2.43,14.41,9.11,8.62,14.35,2.53,2.96,6.64
1926,9.98,9.53,2.31,12.41,7.09,7.0,13.66,1.95,3.47,5.98
1927,9.44,8.73,2.29,14.18,10.68,10.44,9.17,4.26,2.9,8.35
1928,10.88,10.64,2.25,8.49,8.07,7.36,11.42,2.5,3.89,4.37
1929,11.89,8.94,2.27,8.47,9.09,9.74,12.06,2.36,4.2,4.46
1930,5.47,8.47,2.52,13.53,10.05,9.22,9.06,2.24,3.42,7.49
1931,10.22,6.63,1.0,7.83,5.34,7.75,8.46,2.43,1.66,4.0
1932,10.78,9.85,2.4,13.19,12.69,16.61,13.85,3.83,4.6,9.43
1933,6.32,7.96,1.9,13.31,10.69,11.56,12.86,3.06,3.55,6.18
1934,5.87,9.15,2.28,16.33,6.79,8.95,7.99,2.32,2.61,6.6
1935,11.55,10.93,1.76,11.78,7.97,7.83,8.35,3.3,3.6,7.08
1936,6.17,10.61,2.89,14.97,7.0,7.1,16.15,3.3,3.82,10.13
1937,9.45,14.03,2.4,12.53,15.86,11.66,16.29,3.92,5.2,9.46
1938,6.96,8.73,2.28,14.17,8.38,9.94,5.81,3.28,4.18,10.55
1939,8.86,10.88,2.14,11.17,11.45,10.85,12.84,3.54,4.57,5.12
1940,7.22,7.78,2.35,16.76,6.71,7.52,10.55,3.27,2.82,11.14
1941,7.47,7.67,1.68,9.83,5.95,9.23,8.59,4.59,3.51,12.7
1942,7.67,8.72,2.09,12.61,7.46,6.9,12.51,2.96,2.93,9.42
1943,6.91,9.4,2.52,13.77,7.89,6.4,10.77,2.83,4.01,9.12
1944,11.26,5.98,1.99,7.88,7.39,10.97,11.76,3.6,2.42,7.52
1945,8.55,9.9,1.9,10.35,10.09,11.92,9.64,2.58,3.27,5.86
1946,6.42,9.7,2.09,13.96,9.43,12.02,14.6,2.03,4.17,6.4
1947,8.19,8.89,2.06,10.47,7.97,7.79,9.25,1.9,3.23,3.74
1948,8.33,8.48,2.43,12.5,8.46,10.45,11.99,3.45,3.48,3.81
1949,9.47,11.98,3.11,13.76,13.66,11.81,12.06,4.4,4.66,6.26
1950,5.52,9.55,2.67,15.34,17.67,12.04,7.18,2.67,5.15,6.04
1951,7.04,10.88,2.2,15.9,10.54,8.64,7.69,2.21,4.36,6.98
1952,7.47,12.2,3.03,13.08,11.25,8.37,12.43,3.97,3.93,10.88
1953,7.69,11.93,2.63,18.25,8.71,8.76,12.52,2.05,3.96,7.24
1954,7.65,9.46,2.38,15.99,8.41,8.09,12.5,1.83,3.79,6.26
1955,9.51,8.91,1.87,8.99,10.0,8.73,10.04,2.65,2.94,5.77
1956,7.61,7.92,2.65,18.94,8.98,8.2,8.82,2.82,2.31,12.82
1957,7.58,8.37,1.76,11.24,11.6,9.12,9.81,3.28,2.25,5.39
1958,6.73,14.57,2.01,16.45,8.62,7.16,11.31,2.54,2.3,9.84
1959,6.82,7.19,2.35,13.81,7.8,6.41,10.74,2.05,2.66,6.59
1960,8.71,11.38,2.02,10.49,9.07,9.94,12.71,3.97,4.49,6.81
1961,8.34,8.77,1.62,12.79,7.28,10.9,11.59,1.83,2.24,3.89
1962,8.11,9.98,2.6,10.25,12.61,10.9,14.36,3.77,4.27,8.3
1963,9.53,8.25,1.93,9.4,4.68,5.31,10.62,2.46,2.03,5.59
1964,9.95,9.23,1.77,11.54,6.17,7.42,14.92,1.26,2.0,2.96
1965,7.4,9.5,2.87,19.13,10.42,9.25,12.2,3.43,3.85,8.18
1966,6.53,8.11,1.91,11.03,7.81,11.72,12.94,3.91,4.18,5.68
1967,6.75,7.43,2.32,14.67,7.62,6.13,10.79,2.64,4.62,7.98
1968,8.71,8.58,2.16,13.28,8.37,10.49,10.23,3.97,2.94,6.06
1969,4.13,9.95,3.53,15.92,9.13,9.37,9.8,3.8,5.56,14.76
1970,7.56,11.82,2.04,16.25,7.22,7.66,11.21,1.69,2.5,9.39
1971,7.86,10.87,2.86,15.73,9.48,7.26,11.93,2.08,5.11,5.65
1972,7.4,9.73,2.65,17.05,10.39,10.56,13.22,1.95,4.03,5.79
1973,6.07,12.34,2.07,11.17,9.53,10.56,14.26,3.32,4.47,8.97
1974,5.84,13.29,2.35,17.86,11.32,11.33,14.57,2.64,4.17,7.02
1975,7.97,11.65,2.31,15.96,11.23,10.19,14.48,2.52,4.44,6.57
1976,7.98,11.76,2.37,14.78,8.95,5.77,9.18,2.34,3.8,3.94
1977,9.38,7.63,1.48,4.82,4.6,7.16,9.94,1.37,2.33,2.34
1978,5.78,14.32,3.06,15.09,7.99,7.36,12.46,4.23,3.36,12.46
1979,6.99,16.29,2.65,11.09,13.48,12.42,15.62,4.94,4.08,7.54
1980,8.7,4.74,2.2,14.02,6.16,7.41,8.64,5.32,3.0,11.16
1981,8.93,7.81,1.5,12.12,5.54,5.04,6.84,1.38,3.37,5.39
1982,5.93,11.32,2.64,18.04,10.13,7.97,15.37,2.92,3.53,7.42
1983,6.82,8.61,2.06,16.34,8.94,14.75,14.81,3.82,4.7,10.81
1984,7.91,12.75,2.04,12.41,8.2,9.73,15.16,2.81,3.23,6.72
1985,10.65,7.0,1.67,7.05,9.34,9.85,9.36,3.89,4.54,3.97
1986,9.69,9.06,2.43,13.17,6.52,5.06,7.89,2.34,3.42,9.38
1987,9.83,10.42,1.66,8.89,7.15,11.58,15.17,3.47,1.68,4.74
1988,8.46,8.63,2.05,11.43,10.04,9.41,9.84,3.08,3.67,6.17
1989,8.92,5.79,2.18,9.51,10.93,10.22,7.39,2.67,2.8,4.2
1990,10.26,8.52,1.84,12.17,9.93,12.66,13.72,2.32,2.68,4.12
1991,9.92,10.12,1.72,9.19,13.33,11.99,12.78,2.48,2.98,2.87
1992,10.38,8.39,1.68,9.43,8.9,12.28,12.04,3.58,3.37,6.44
1993,10.06,9.84,2.4,10.23,8.9,10.58,12.85,6.82,3.92,13.65
1994,7.82,12.02,2.27,10.78,10.36,9.24,12.2,1.92,3.14,5.24
1995,7.28,9.3,1.9,13.54,8.56,8.44,12.46,3.72,2.38,10.38
1996,7.84,10.88,2.41,17.95,8.18,6.98,10.64,2.57,3.9,10.84
1997,7.35,12.15,3.28,18.8,9.76,10.62,12.43,3.59,5.02,11.1
1998,7.49,12.56,2.14,13.04,9.42,13.34,19.14,3.83,3.81,13.1
1999,7.09,10.6,2.27,19.16,11.26,9.57,11.32,1.7,3.82,6.32
2000,10.1,8.75,2.2,13.55,9.07,6.43,8.26,2.18,3.3,8.29
2001,10.61,8.67,1.97,6.27,8.42,10.47,7.37,2.76,4.76,5.65
2002,8.98,6.79,1.37,13.55,8.46,9.05,8.21,1.49,3.06,5.76
2003,8.8,10.19,1.88,13.59,9.77,10.16,12.39,2.77,1.8,7.55
2004,8.26,9.35,2.14,13.2,8.31,9.56,10.3,2.86,3.66,8.9
2005,10.09,10.56,1.53,7.74,11.14,9.21,8.79,5.38,4.62,10.04
2006,7.79,10.55,2.0,17.19,7.44,7.08,10.64,1.5,3.64,9.57
2007,8.18,8.41,2.46,11.9,9.34,10.58,9.34,2.54,4.33,5.09
2008,7.54,13.12,2.19,13.95,11.95,8.89,11.26,4.78,5.14,8.52
2009,9.15,10.47,2.76,10.89,10.31,6.76,8.82,3.02,4.66,6.04
2010,5.87,11.99,2.33,9.63,8.95,11.12,16.64,4.32,3.99,8.49
2011,7.27,9.99,3.19,13.59,7.96,5.38,7.86,3.09,3.8,8.34
2012,10.19,8.25,2.22,10.74,9.6,10.73,8.65,2.55,3.92,3.2
2013,8.81,10.33,2.12,11.0,11.16,12.38,14.2,2.8,5.01,5.4
2014,8.49,10.9,2.42,10.37,9.92,6.94,12.62,1.77,3.89,3.67
2015,7.85,10.3,2.13,11.5,7.36,8.1,11.38,3.22,2.69,6.11
2016,6.84,11.67,2.42,16.65,11.1,9.56,15.78,2.72,5.66,7.91
2017,7.34,9.42,3.33,14.8,8.81,8.89,11.39,5.01,5.01,14.38
2018,8.07,10.62,2.53,11.07,11.03,11.36,9.55,1.8,3.9,2.88
2019,7.62,12.35,2.9,13.16,14.58,13.13,16.2,3.84,5.64,10.42
2020,7.94,10.66,2.27,13.94,12.92,11.6,16.75,2.82,4.53,4.84
2021,9.2,10.96,1.82,13.14,8.62,8.48,12.67,2.06,2.81,4.62
2022,11.74,8.93,1.92,11.17,11.66,6.4,9.99,2.53,3.46,4.72
2023,8.48,11.22,3.1,10.79,10.3,10.72,11.52,4.25,5.81,11.68
2024,9.94,14.28,2.31,14.31,9.74,10.83,13.74,3.57,3.85,9.27
