Year,Alaska,Northeast,Northern Rockies and Plains,Northwest,Ohio Valley,South,Southeast,Southwest,Upper Midwest,West
1895,-999.0,10.2,6.69,1.44,11.28,14.97,15.28,4.97,9.19,0.44
1896,-999.0,10.83,6.41,2.83,15.0,8.15,16.49,4.73,10.37,1.66
1897,-999.0,16.13,6.93,3.92,10.84,10.01,14.7,4.09,11.08,1.14
1898,-999.0,12.62,5.83,2.73,12.73,13.44,20.18,5.13,9.72,0.96
1899,-999.0,10.55,7.25,3.24,10.05,11.11,14.28,4.75,11.95,1.56
1900,-999.0,10.04,6.83,2.94,13.47,13.58,15.65,2.62,13.72,0.79
1901,-999.0,12.83,7.92,2.06,10.71,8.68,20.79,3.82,9.74,1.14
1902,-999.0,12.86,7.66,2.79,13.21,10.37,12.02,3.55,14.36,0.77
1903,-999.0,15.73,8.04,3.67,11.44,11.15,16.35,4.26,12.75,0.66
1904,-999.0,11.75,7.3,2.86,11.18,13.86,16.32,5.16,9.93,1.48
1905,-999.0,13.85,9.08,3.36,13.99,13.86,16.63,3.51,13.38,0.54
1906,-999.0,13.65,7.38,3.54,13.32,13.38,21.8,4.94,10.8,1.86
1907,-999.0,9.78,7.75,4.62,14.39,9.62,15.54,5.38,11.82,1.68
1908,-999.0,10.95,8.25,3.7,10.39,14.24,17.94,5.28,10.5,1.2
1909,-999.0,8.76,7.87,2.86,13.08,10.64,18.25,5.73,10.82,1.34
1910,-999.0,10.24,5.04,1.33,12.15,11.61,19.33,4.03,6.67,0.77
1911,-999.0,13.62,6.36,2.65,11.01,13.14,14.91,5.28,9.77,0.92
1912,-999.0,9.52,7.55,5.34,13.3,11.96,15.66,5.59,10.86,1.34
1913,-999.0,7.96,6.24,5.63,8.81,7.93,14.51,4.56,9.94,3.24
1914,-999.0,10.51,7.63,2.98,10.3,11.18,13.92,6.51,12.31,1.56
1915,-999.0,15.72,10.6,2.77,16.35,14.89,15.47,4.45,12.52,0.69
1916,-999.0,12.83,7.67,4.33,12.8,11.53,21.05,4.88,9.88,0.88
1917,-999.0,13.94,4.17,1.56,12.31,10.38,16.13,3.56,10.07,0.96
1918,-999.0,10.17,6.72,3.12,10.09,8.31,13.33,4.87,9.06,1.48
1919,-999.0,13.42,5.1,0.97,11.31,12.41,19.2,5.08,11.04,0.46
1920,-999.0,14.23,6.8,3.77,12.35,13.16,17.89,4.34,10.76,1.64
1921,-999.0,10.68,6.81,2.3,11.99,12.06,13.15,7.45,9.72,0.99
1922,-999.0,16.34,6.96,2.72,10.23,9.69,16.81,4.13,9.5,1.76
1923,-999.0,9.26,9.5,4.98,12.61,11.77,15.78,5.9,10.45,1.79
1924,-999.0,10.39,6.83,2.05,12.98,7.31,14.82,2.72,13.45,0.35
1925,9.4,11.25,7.43,2.92,10.02,8.88,11.11,5.83,11.4,2.56
1926,7.73,12.18,7.06,2.82,13.77,11.91,16.95,3.86,10.88,0.86
1927,9.25,13.66,7.44,2.64,11.88,13.79,16.37,6.14,7.32,0.98
1928,11.77,15.98,9.28,2.05,17.0,15.35,21.06,4.04,13.9,0.5
1929,10.17,8.25,4.62,2.7,11.49,8.54,14.76,5.56,8.0,1.64
1930,12.41,9.51,5.96,2.05,6.36,6.43,11.87,5.61,7.97,0.86
1931,10.09,14.11,5.41,2.73,11.86,10.65,13.99,4.52,8.89,1.72
1932,12.41,10.51,7.32,2.65,12.69,11.32,15.27,5.46,11.04,1.19
1933,8.6,12.97,5.24,2.24,9.38,11.14,15.0,4.52,6.81,0.58
1934,8.97,10.56,5.11,2.19,11.55,8.41,16.77,3.56,8.64,1.42
1935,9.91,12.27,6.08,1.91,13.88,10.57,16.11,4.06,12.56,0.7
1936,8.09,10.9,3.94,4.18,7.45,6.8,15.46,5.15,6.89,2.23
1937,9.99,13.42,7.12,4.83,12.41,10.6,17.03,4.27,9.61,1.2
1938,11.45,16.4,6.42,2.45,13.66,11.33,16.6,4.22,11.63,1.42
1939,12.47,11.04,6.59,2.56,13.46,10.82,20.09,3.07,11.53,0.98
1940,9.12,9.83,5.86,1.68,11.13,14.79,18.58,3.5,12.93,0.4
1941,8.51,12.6,8.26,5.29,12.67,13.67,19.02,5.51,10.15,2.46
1942,11.05,13.39,7.09,3.33,14.59,13.31,17.78,3.8,11.9,0.62
1943,11.38,10.38,8.05,3.66,10.99,7.44,15.41,4.74,13.13,1.2
1944,11.7,9.33,10.15,3.6,9.08,10.66,14.12,3.42,13.16,1.04
1945,12.12,14.0,7.34,2.31,12.05,13.72,17.36,5.12,11.34,2.18
1946,8.91,13.16,6.42,3.31,11.29,10.96,16.25,4.64,10.13,1.2
1947,9.74,11.99,8.5,4.72,12.11,8.01,15.44,5.03,10.81,1.04
1948,9.93,11.86,8.65,5.18,11.94,11.51,15.29,4.39,9.26,1.3
1949,10.8,8.4,6.1,1.62,13.73,12.79,20.09,5.12,11.8,0.74
1950,9.4,11.1,6.75,3.75,14.71,15.8,15.84,4.23,10.92,0.94
1951,11.19,11.47,9.04,2.5,12.94,12.54,14.07,4.77,13.94,0.98
1952,9.67,12.32,6.36,3.58,10.13,6.59,13.9,4.26,13.87,1.62
1953,10.11,9.18,7.15,3.66,8.41,9.41,14.44,4.59,12.22,1.23
1954,9.27,11.39,7.28,4.91,11.3,6.12,10.46,4.13,11.82,1.34
1955,11.63,16.16,6.31,3.11,10.6,10.94,15.86,5.43,10.27,1.5
1956,10.0,11.02,6.97,3.69,12.11,7.97,13.37,3.17,11.75,0.78
1957,6.55,7.89,8.13,2.69,11.48,11.69,13.62,5.73,12.12,0.76
1958,11.28,13.58,7.63,3.74,17.39,14.36,16.05,3.86,11.28,1.88
1959,10.81,13.53,5.44,2.55,10.5,13.18,15.91,4.84,11.74,0.73
1960,10.7,11.46,6.3,2.28,12.02,12.2,15.79,3.37,11.46,0.53
1961,12.74,11.1,4.85,2.39,13.28,14.16,17.29,4.98,9.68,1.69
1962,10.18,10.2,9.25,2.65,10.52,11.47,15.28,3.25,11.6,0.78
1963,12.02,9.32,8.22,4.05,10.98,10.39,13.7,5.19,10.09,1.74
1964,9.02,8.26,8.51,5.34,10.75,10.22,18.14,3.98,10.86,1.5
1965,10.31,9.08,8.39,4.39,11.46,10.85,17.6,6.15,10.42,2.38
1966,8.94,7.87,7.95,2.9,9.7,10.26,14.16,4.95,10.58,0.68
1967,12.44,13.58,7.13,2.46,11.48,11.74,18.67,6.35,11.8,2.14
1968,6.79,9.47,8.75,5.23,10.58,11.06,14.4,5.38,13.01,2.02
1969,8.64,13.15,7.7,2.99,13.59,9.76,17.13,5.56,11.75,1.88
1970,10.61,10.72,5.67,2.76,12.13,9.88,15.52,4.73,8.9,2.21
1971,10.04,12.0,5.65,3.67,11.74,12.09,17.17,4.37,9.49,1.36
1972,8.17,15.0,7.14,3.41,11.86,10.26,15.16,4.86,13.15,1.23
1973,10.18,12.65,5.44,2.2,12.65,11.0,15.78,4.03,10.48,0.88
1974,8.53,10.79,5.22,2.64,12.86,12.52,16.61,3.78,10.91,0.87
1975,9.36,14.3,7.59,4.63,12.03,13.74,16.75,3.94,12.27,1.34
1976,7.12,13.09,5.8,4.73,11.21,9.18,13.6,3.63,7.16,1.85
1977,7.0,11.55,7.35,3.95,14.2,11.55,12.81,5.03,12.78,2.1
1978,8.75,11.77,6.99,4.1,13.09,10.12,14.9,3.15,13.08,0.55
1979,9.95,11.57,6.99,3.03,15.23,12.71,14.26,4.39,12.64,1.62
1980,11.81,10.06,6.74,3.62,12.77,6.21,10.24,2.91,13.56,1.08
1981,12.69,11.24,7.77,3.81,14.67,12.2,14.87,5.14,13.21,0.46
1982,9.38,13.43,7.3,4.12,13.18,11.62,16.67,5.05,11.4,1.98
1983,9.74,9.48,7.22,6.16,8.34,8.93,11.32,4.92,10.52,2.42
1984,10.39,12.07,6.83,4.65,9.44,9.5,15.14,6.89,10.92,2.9
1985,9.57,12.72,6.06,2.72,13.1,11.17,17.92,4.01,10.68,0.88
1986,9.87,13.85,7.34,2.27,11.47,11.12,14.13,5.76,12.93,0.8
1987,9.25,10.12,7.32,3.31,11.77,11.8,12.62,4.84,12.22,0.99
1988,9.97,11.35,4.56,2.31,8.54,9.54,13.0,5.34,8.6,1.27
1989,9.56,15.5,6.05,3.09,14.37,16.32,19.38,4.42,9.8,1.19
1990,9.26,13.53,7.05,4.09,12.66,8.28,11.82,5.0,14.08,1.29
1991,9.22,11.61,6.65,3.57,8.52,10.92,17.33,5.28,10.38,1.11
1992,9.96,13.59,8.94,3.92,14.05,15.51,18.21,5.39,11.16,1.5
1993,8.22,8.96,12.82,6.0,13.42,11.56,10.29,4.61,17.82,1.61
1994,9.71,13.1,6.9,2.24,12.19,11.95,19.68,3.37,13.22,0.43
1995,9.16,8.23,7.36,4.9,11.78,10.86,18.08,4.2,11.49,1.62
1996,9.96,13.83,5.62,1.93,12.57,14.13,15.28,4.77,11.4,0.7
1997,9.83,11.03,8.03,4.8,12.36,11.8,14.3,5.61,11.19,1.99
1998,13.08,13.4,8.98,3.16,15.53,9.08,12.35,5.22,11.98,2.01
1999,10.6,8.21,7.89,3.16,9.42,9.94,14.11,6.61,13.51,1.42
2000,11.21,13.73,6.08,2.07,13.51,8.62,13.38,4.1,12.68,0.98
2001,9.89,11.74,7.1,3.3,13.12,11.88,16.48,4.17,10.22,0.88
2002,10.5,9.73,6.36,2.2,9.79,10.76,13.89,2.84,13.38,0.39
2003,11.55,14.67,5.32,1.27,14.5,13.07,20.95,3.46,8.94,1.29
2004,6.75,14.23,6.48,4.22,13.63,15.1,18.53,4.26,10.68,1.02
2005,10.12,10.85,8.24,2.97,12.21,12.18,18.88,4.2,10.47,1.28
2006,12.21,17.08,5.2,2.46,12.5,9.15,14.17,5.72,9.79,0.7
2007,8.45,10.62,6.53,2.59,10.66,13.7,12.34,4.45,12.03,0.86
2008,10.23,13.62,7.16,2.98,12.44,12.52,16.03,4.95,12.16,0.52
2009,9.52,17.25,8.23,3.76,13.79,11.17,14.0,4.06,11.59,1.68
2010,11.25,11.13,9.16,4.16,13.38,11.41,13.6,4.97,17.35,0.62
2011,12.34,16.69,8.06,2.64,11.22,7.62,12.98,3.77,11.47,1.26
2012,11.61,11.84,4.13,3.75,8.84,11.28,17.38,3.75,8.68,1.41
2013,9.42,17.33,6.35,3.05,14.23,11.06,22.88,4.91,9.92,1.23
2014,13.25,12.76,9.65,3.43,13.9,13.07,13.35,5.32,14.61,1.56
2015,10.87,13.94,7.64,2.23,17.07,10.92,15.24,5.44,12.65,1.62
2016,12.06,10.39,6.33,2.27,14.98,14.29,13.64,4.21,14.62,0.68
2017,11.53,13.03,5.54,1.92,13.15,16.28,17.83,4.75,11.84,1.2
2018,12.31,14.33,8.23,1.84,14.45,11.54,16.94,4.15,13.79,0.69
2019,8.07,13.0,8.84,2.24,14.79,14.06,16.06,3.03,11.16,0.54
2020,10.96,11.33,6.41,3.05,12.89,12.79,17.41,2.5,11.84,0.55
2021,11.48,15.3,5.44,1.96,14.76,14.49,20.18,5.51,11.6,0.89
2022,11.89,9.76,5.66,3.56,13.15,11.52,15.5,5.92,10.28,1.55
2023,11.22,16.81,8.3,2.85,13.14,10.08,16.72,3.95,8.65,2.06
2024,11.89,13.39,6.63,2.52,10.42,10.64,16.14,4.6,13.89,0.66
