Year,Northeast,Northern Rockies and Plains,Northwest,Ohio Valley,South,Southeast,Southwest,Upper Midwest,West
1930,74.2,84.74,67.22,122.59,172.03,138.66,107.54,75.07,115.23
1931,71.72,97.29,77.58,120.14,175.96,143.46,118.26,74.87,129.14
1932,66.33,84.69,66.93,114.5,177.47,130.36,108.44,68.64,121.07
1933,67.53,93.06,67.97,118.32,180.16,139.65,116.23,81.39,120.69
1934,72.19,102.82,83.26,124.27,183.13,134.64,137.4,74.2,134.89
1935,61.87,75.68,70.65,96.91,179.6,131.34,109.42,56.42,122.18
1936,72.63,106.52,81.98,128.37,181.72,142.66,118.8,75.29,133.62
1937,70.27,91.38,69.34,108.4,166.57,126.16,116.05,69.59,127.21
1938,67.26,92.44,79.41,121.2,191.42,138.01,116.67,61.8,118.27
1939,80.8,98.87,76.13,132.23,185.23,147.85,120.06,74.06,136.1
1940,55.86,92.61,82.83,108.63,166.73,126.81,119.76,55.54,132.73
1941,81.45,77.68,56.53,126.63,184.61,156.12,95.83,68.06,107.38
1942,70.55,70.3,68.14,111.58,179.83,146.44,113.43,49.87,119.38
1943,69.8,83.17,71.68,107.04,178.59,141.89,123.62,63.57,126.15
1944,80.8,73.08,69.65,118.01,177.68,142.44,112.22,65.65,116.24
1945,71.61,69.72,73.16,96.35,181.4,149.86,109.99,43.52,122.27
1946,64.01,78.16,64.68,101.99,176.08,128.87,117.45,58.71,122.88
1947,82.14,79.25,66.45,110.44,176.46,135.18,112.82,70.68,128.05
1948,69.3,81.54,60.68,108.93,186.87,130.18,123.27,65.33,109.89
1949,84.36,86.42,74.6,109.4,175.88,129.57,111.05,70.65,131.23
1950,58.08,66.33,69.9,93.5,174.28,130.38,121.45,45.97,129.88
1951,64.67,52.92,71.04,99.35,178.39,135.97,112.56,38.76,126.29
1952,72.51,92.03,79.28,117.74,175.61,137.46,121.09,66.34,128.52
1953,73.93,89.94,63.68,126.29,181.92,147.68,120.68,69.12,114.68
1954,63.42,78.23,54.01,119.38,183.19,150.77,128.35,55.52,124.39
1955,77.18,91.34,59.67,114.76,192.4,136.88,115.44,79.71,117.47
1956,55.5,92.92,70.99,114.73,182.39,128.31,132.2,53.38,124.86
1957,69.97,74.06,68.68,106.22,166.68,130.65,102.52,55.17,113.37
1958,53.14,82.22,87.45,94.57,168.88,131.03,122.74,51.25,132.48
1959,89.2,86.2,60.69,123.09,174.35,141.92,119.87,73.59,130.35
1960,64.34,83.35,75.27,109.36,172.68,133.91,124.39,56.7,135.05
1961,71.68,90.53,79.04,99.54,165.97,126.13,113.32,65.48,122.07
1962,63.79,74.14,64.48,118.2,179.04,136.09,123.11,56.0,124.76
1963,63.58,94.72,68.33,118.88,190.94,132.76,128.62,66.61,113.62
1964,65.05,76.69,54.15,108.28,168.71,127.73,118.23,60.8,119.94
1965,66.02,64.31,59.53,112.71,179.11,130.79,102.81,44.3,116.11
1966,67.96,85.68,74.85,96.37,161.1,120.25,123.75,64.61,132.69
1967,60.48,80.98,87.76,92.84,173.24,115.25,110.39,49.24,123.22
1968,60.84,68.75,59.52,95.8,167.4,130.66,106.81,49.88,117.38
1969,62.19,82.34,72.47,104.31,164.6,124.76,115.91,62.34,124.36
1970,72.14,93.38,75.3,112.52,169.65,141.05,109.52,74.35,121.47
1971,67.55,81.02,64.81,108.05,177.37,126.88,109.63,61.78,114.25
1972,51.49,74.18,69.27,92.28,177.64,113.71,116.41,54.17,120.99
1973,69.29,80.24,70.71,101.59,172.19,133.76,109.12,57.55,122.71
1974,58.19,79.73,77.82,85.89,169.82,124.36,117.7,52.81,128.58
1975,65.95,74.97,63.69,102.23,173.9,129.8,105.81,61.45,115.7
1976,60.27,90.21,60.12,95.66,157.94,121.46,109.25,76.84,117.56
1977,66.15,83.7,67.98,116.75,179.65,139.27,120.72,58.98,122.93
1978,64.46,79.24,56.15,105.48,183.22,136.83,120.21,60.4,120.73
1979,60.21,83.22,77.75,93.96,161.75,111.93,116.74,52.12,125.99
1980,68.5,90.02,60.66,108.99,166.35,132.76,117.79,67.75,115.82
1981,59.05,82.48,67.59,94.31,170.0,130.31,114.7,47.53,127.23
1982,54.12,68.97,60.34,96.49,176.97,128.76,103.85,48.9,105.82
1983,75.89,81.74,54.39,104.36,158.16,122.61,109.46,70.9,110.62
1984,62.06,82.75,63.54,98.89,170.94,128.5,113.08,59.48,122.94
1985,63.29,74.42,67.48,97.93,177.87,141.69,111.07,50.97,116.71
1986,57.21,74.34,71.15,110.44,177.19,142.19,108.88,51.7,117.74
1987,64.2,87.49,81.7,116.31,175.52,132.6,113.63,71.18,129.21
1988,66.42,102.53,80.31,110.73,163.88,119.24,118.9,79.04,131.14
1989,59.76,84.52,64.98,91.63,170.56,127.87,124.64,59.19,123.07
1990,64.41,86.32,71.99,92.52,176.22,140.68,112.7,56.95,126.3
1991,81.64,85.3,72.53,122.23,175.26,139.47,109.17,69.52,121.76
1992,46.83,65.7,79.19,80.0,155.98,110.63,109.83,31.89,130.31
1993,66.96,45.68,51.57,88.61,157.51,133.56,105.45,38.02,112.16
1994,60.32,86.3,79.64,95.46,171.57,122.55,122.77,50.3,120.93
1995,73.6,70.45,61.7,99.79,167.49,127.69,107.13,64.75,113.87
1996,57.07,76.33,65.92,89.14,162.57,123.98,123.94,48.58,129.04
1997,52.3,78.74,65.41,83.16,157.54,116.97,113.08,47.24,127.73
1998,70.36,83.48,71.14,110.69,179.9,138.11,112.82,70.33,97.95
1999,72.4,67.47,65.83,103.4,173.11,117.66,109.56,56.25,119.66
2000,46.83,82.6,65.01,94.8,174.27,124.77,126.16,49.46,118.62
2001,69.83,86.69,76.27,101.89,169.98,133.04,128.25,60.04,139.29
2002,77.39,81.95,69.23,111.92,171.37,136.0,123.68,67.91,124.55
2003,56.58,88.89,86.56,86.53,167.08,114.02,124.47,62.87,129.56
2004,54.15,64.73,67.85,92.67,171.82,128.78,110.78,41.97,125.8
2005,80.96,79.65,62.72,115.62,168.84,132.66,110.66,67.32,110.11
2006,59.91,93.28,75.82,95.23,174.47,123.29,114.02,63.79,122.64
2007,77.37,88.03,72.32,123.44,186.52,148.52,125.7,71.33,129.65
2008,60.73,75.6,69.76,96.76,161.45,121.58,114.05,52.2,133.64
2009,46.61,66.89,76.51,80.95,152.6,122.63,110.44,36.07,125.18
2010,78.92,73.24,57.23,119.89,177.98,145.04,120.44,64.5,109.58
2011,70.65,80.84,61.75,104.49,177.04,135.03,121.71,62.92,114.56
2012,75.36,101.17,73.6,115.43,183.58,133.36,135.71,75.01,135.69
2013,60.25,80.02,76.68,94.2,159.4,113.52,118.18,53.49,132.16
2014,56.99,70.46,74.55,93.32,164.52,123.13,116.58,42.83,140.28
2015,73.88,84.05,82.71,100.91,175.17,130.02,119.57,55.24,140.94
2016,84.27,84.87,70.81,116.94,184.05,139.77,123.94,60.73,125.02
2017,62.7,85.41,80.15,105.35,183.02,139.69,127.11,50.3,128.36
2018,75.53,81.36,74.06,119.69,177.48,142.54,132.32,68.09,131.29
2019,65.14,69.91,68.4,106.89,172.75,142.65,114.77,49.81,121.05
2020,73.99,89.36,76.03,100.87,166.35,120.61,134.2,62.9,143.84
2021,64.34,98.1,85.42,106.9,169.47,132.13,125.44,72.02,134.18
2022,71.19,90.3,79.16,108.11,181.11,134.32,125.12,58.82,135.54
2023,63.07,85.31,81.51,107.11,185.35,126.32,121.33,67.44,122.52
2024,74.53,89.06,77.88,114.86,184.66,134.59,132.23,59.82,135.09
