Year,Northeast,Northern Rockies and Plains,Northwest,Ohio Valley,South,Southeast,Southwest,Upper Midwest,West
1900,56.42,56.44,56.59,64.51,74.48,70.49,66.46,53.47,67.15
1901,54.34,55.3,55.72,63.56,73.92,67.7,66.2,52.45,66.92
1902,54.97,53.48,54.91,62.77,74.29,69.13,65.75,52.26,65.8
1903,55.0,53.02,54.49,62.59,73.08,68.49,64.32,50.99,65.81
1904,52.44,54.57,56.68,61.72,74.51,67.72,65.94,49.26,67.09
1905,54.32,53.6,55.88,62.35,73.01,68.52,63.31,51.06,66.6
1906,55.57,54.23,56.39,63.44,73.87,69.32,64.14,52.3,65.98
1907,53.4,53.35,55.59,62.46,75.24,68.95,65.28,49.96,65.46
1908,56.44,55.03,55.66,64.89,75.36,69.68,64.43,53.49,66.31
1909,55.19,52.7,54.82,63.48,75.45,69.69,64.23,51.06,65.68
1910,55.31,56.67,56.56,63.19,74.66,68.82,67.66,53.64,68.23
1911,56.18,53.51,54.54,65.04,76.37,70.92,64.55,52.65,65.28
1912,54.4,52.17,54.06,61.68,73.02,68.51,62.92,50.33,65.09
1913,57.45,54.14,54.19,65.04,74.62,70.49,63.29,53.06,65.79
1914,54.52,55.33,56.38,63.8,74.07,68.79,65.01,52.3,67.09
1915,55.54,53.18,56.49,62.5,73.91,68.97,63.96,51.71,66.72
1916,54.95,51.69,53.48,63.96,75.14,69.8,64.85,50.33,65.45
1917,52.3,52.3,55.29,61.03,73.67,67.54,64.82,48.01,66.79
1918,55.44,54.61,56.65,64.12,74.91,69.33,64.37,52.4,66.83
1919,56.15,53.76,55.38,64.47,74.56,70.36,63.7,51.72,66.85
1920,54.62,53.38,54.76,62.43,73.24,68.14,63.55,51.7,66.11
1921,58.15,56.83,55.97,66.81,77.25,71.88,66.53,55.03,68.01
1922,56.23,53.74,54.42,65.39,75.69,70.03,64.96,53.24,65.72
1923,55.28,54.55,55.65,63.73,74.32,69.77,63.44,52.8,66.06
1924,54.1,52.78,56.22,61.48,73.85,68.27,64.92,49.88,67.85
1925,55.47,55.23,57.26,64.38,76.26,70.84,65.3,52.13,67.17
1926,53.2,55.51,58.27,62.18,74.09,69.45,65.41,50.42,69.28
1927,55.88,52.31,54.73,64.06,76.33,70.28,65.55,51.26,66.92
1928,55.15,55.19,56.41,63.0,74.02,68.88,65.32,52.09,68.14
1929,55.67,52.52,55.56,62.28,73.92,69.1,64.08,50.34,67.93
1930,57.02,55.17,55.45,65.08,74.6,70.08,64.67,53.77,66.91
1931,57.9,58.37,56.99,66.08,75.63,71.41,65.13,56.83,68.14
1932,56.94,53.94,55.16,64.63,75.11,71.13,64.31,52.41,66.63
1933,56.43,56.77,56.03,65.75,76.54,71.7,66.01,53.39,67.14
1934,55.62,59.49,60.34,65.62,75.75,69.78,69.25,53.59,70.5
1935,54.91,54.89,55.81,62.64,74.63,69.26,65.4,51.1,66.81
1936,55.68,55.12,57.24,64.82,75.37,69.66,66.4,51.2,68.88
1937,56.33,53.75,55.55,62.51,73.96,69.15,65.31,51.32,66.89
1938,57.26,56.31,56.78,66.18,76.33,70.81,65.58,53.74,66.48
1939,56.17,58.12,58.44,65.77,76.19,71.26,66.32,54.09,68.63
1940,53.54,55.63,58.06,62.17,72.84,68.16,66.22,51.06,68.59
1941,57.12,55.83,56.85,65.05,74.7,70.89,63.6,54.15,65.84
1942,56.21,54.51,55.82,63.42,74.31,70.08,65.52,52.61,66.95
1943,55.04,55.84,56.13,63.55,75.38,70.55,67.09,51.51,67.93
1944,56.32,54.69,55.96,64.21,74.96,69.9,64.37,53.39,65.61
1945,56.02,53.97,55.86,62.77,74.68,70.26,65.4,51.15,66.26
1946,57.77,56.21,55.94,66.17,75.65,70.97,66.3,53.98,66.71
1947,56.18,54.53,56.88,62.92,74.04,68.82,65.63,51.91,67.76
1948,56.44,54.68,54.11,63.91,74.66,69.84,65.14,53.18,65.9
1949,58.7,54.78,56.02,64.91,74.99,70.93,64.65,53.75,66.24
1950,55.73,52.06,55.1,62.12,74.33,69.63,67.62,49.55,68.38
1951,56.5,51.21,55.62,62.42,75.15,70.29,65.18,49.49,67.06
1952,57.18,55.72,56.51,65.12,75.73,70.73,65.18,53.54,66.3
1953,58.72,56.98,57.27,66.58,76.06,71.74,66.67,54.23,67.61
1954,56.31,56.46,56.15,65.84,77.03,71.24,68.21,52.52,68.21
1955,56.6,53.97,53.58,64.64,75.31,69.92,65.18,53.32,65.99
1956,55.22,55.45,55.6,64.73,76.03,70.19,67.07,52.29,67.44
1957,57.09,53.95,55.41,63.52,74.22,69.95,64.45,52.11,66.23
1958,54.07,55.86,58.58,61.34,72.6,67.45,66.38,52.62,68.75
1959,56.97,54.42,56.16,63.99,74.05,70.11,66.27,52.16,69.25
1960,55.73,54.78,56.14,61.94,73.09,68.26,65.59,51.97,68.01
1961,55.82,55.85,57.12,62.58,73.51,68.98,65.07,53.06,67.68
1962,54.9,54.93,56.07,62.74,74.69,68.48,66.29,51.41,67.42
1963,55.52,57.05,56.47,63.33,74.67,68.57,66.68,53.04,66.65
1964,56.61,54.81,54.52,64.77,74.44,69.23,64.44,53.67,66.14
1965,55.34,53.35,56.38,63.89,74.86,69.47,64.59,50.67,65.93
1966,55.8,54.66,57.35,62.43,73.1,67.99,65.93,51.4,68.08
1967,54.83,54.84,57.6,62.52,74.21,68.56,65.62,51.25,66.9
1968,55.46,54.32,56.11,62.48,72.94,68.76,64.56,52.61,67.11
1969,55.38,53.94,56.08,61.96,73.31,67.74,65.35,51.55,66.89
1970,55.45,54.12,56.09,62.96,73.83,69.69,65.24,51.77,67.13
1971,55.81,53.92,54.99,63.85,74.56,69.27,64.73,52.13,65.69
1972,54.24,53.01,55.51,61.97,74.38,68.73,65.75,49.66,66.71
1973,57.22,55.23,56.44,63.9,74.03,69.9,64.14,53.62,66.44
1974,55.63,56.26,56.92,63.1,74.63,70.14,65.82,52.08,67.58
1975,56.46,53.35,54.44,63.43,74.1,70.07,64.33,52.49,65.67
1976,55.15,56.84,56.25,62.96,73.38,69.04,65.68,53.16,67.72
1977,55.72,55.88,56.49,63.18,74.58,69.56,66.94,52.93,67.93
1978,54.6,52.56,55.59,61.25,73.51,68.49,65.27,51.33,66.61
1979,55.56,53.54,56.45,61.15,72.52,68.39,64.67,50.01,67.23
1980,55.19,56.45,56.05,63.05,74.67,69.22,66.49,52.33,67.66
1981,55.8,58.03,57.37,62.94,74.39,68.82,67.48,53.62,69.06
1982,55.9,52.75,54.4,62.75,74.36,69.18,64.17,51.1,64.83
1983,56.75,54.58,55.53,63.05,72.52,68.79,64.34,52.43,65.56
1984,56.33,54.71,54.2,63.11,74.38,69.67,64.24,52.94,66.69
1985,56.06,53.22,54.08,62.39,73.92,70.11,64.94,51.23,66.76
1986,56.1,56.06,57.39,64.25,75.45,70.68,66.34,52.95,68.64
1987,56.79,58.48,58.78,65.33,74.69,69.71,65.37,56.52,67.89
1988,56.39,58.2,58.03,64.47,74.18,69.03,66.18,54.26,68.76
1989,55.15,54.97,56.37,62.16,73.38,68.71,67.45,51.74,68.28
1990,58.34,57.26,57.27,65.38,76.52,72.56,66.11,54.79,67.99
1991,58.51,56.54,57.01,65.26,74.71,71.05,65.13,53.78,67.64
1992,54.85,56.44,59.09,62.76,73.36,68.52,65.5,51.75,68.69
1993,55.89,52.26,54.59,61.87,73.38,69.65,65.07,50.76,66.46
1994,56.16,56.12,58.05,63.7,74.19,69.99,67.32,52.76,67.99
1995,56.47,54.74,57.1,63.24,74.44,69.32,67.0,52.03,68.2
1996,55.27,52.73,56.54,61.79,73.74,68.46,67.71,50.01,69.15
1997,55.64,55.15,56.84,62.16,73.51,69.17,65.64,51.96,68.34
1998,59.08,56.82,57.36,65.85,76.28,71.75,66.17,56.57,65.55
1999,58.77,57.86,57.16,65.89,76.38,71.17,67.74,55.46,68.36
2000,56.05,56.62,56.97,63.79,75.33,69.69,68.17,53.71,68.74
2001,58.31,57.29,57.67,64.93,74.94,71.03,67.69,54.95,69.1
2002,57.9,56.01,57.38,64.71,74.53,71.02,67.66,53.76,69.14
2003,55.5,56.84,58.77,62.98,74.06,68.86,68.39,53.36,69.35
2004,56.16,56.3,57.91,63.73,74.38,69.79,66.16,53.11,68.4
2005,57.37,57.25,57.45,64.88,75.22,70.14,67.3,54.78,67.94
2006,58.48,58.37,57.96,65.31,76.46,71.24,67.66,55.67,68.56
2007,57.06,57.32,58.0,65.43,75.73,72.05,67.54,54.43,69.46
2008,57.06,54.88,56.49,62.91,74.54,70.44,66.63,51.91,68.86
2009,56.05,54.17,56.8,62.64,73.94,69.24,66.94,52.01,68.63
2010,58.31,55.16,56.38,64.2,74.51,70.22,66.59,55.03,67.04
2011,57.97,54.91,55.65,64.44,76.21,71.61,66.85,53.64,67.25
2012,59.68,59.83,58.07,67.71,77.05,71.8,69.47,57.44,70.06
2013,56.7,54.94,57.49,62.54,73.59,68.8,66.22,51.4,69.22
2014,55.73,54.92,58.8,61.61,73.41,69.02,67.8,50.01,71.14
2015,57.4,58.35,60.29,64.36,75.44,70.83,67.64,54.57,70.48
2016,59.07,58.41,58.4,66.06,76.8,71.55,68.34,55.5,69.6
2017,57.92,57.13,57.32,65.94,76.32,71.76,69.2,54.15,69.8
2018,56.83,54.8,58.16,63.88,75.01,70.38,68.47,52.46,69.83
2019,56.78,52.7,56.3,64.14,75.67,71.83,66.25,51.01,67.26
2020,58.89,57.41,58.49,64.7,75.49,70.95,69.29,54.32,70.79
2021,58.68,58.47,59.0,64.98,75.1,70.99,68.52,55.98,70.27
2022,58.46,56.18,57.76,64.38,75.93,70.84,67.65,52.44,70.09
2023,59.14,56.68,57.6,66.52,76.98,71.72,67.1,55.54,67.15
2024,59.75,58.64,58.72,67.23,77.04,71.99,69.0,56.98,70.12
