Year,Northeast,Northern Rockies and Plains,Northwest,Ohio Valley,South,Southeast,Southwest,Upper Midwest,West
1950,1.37,0.32,1.13,2.27,3.88,1.86,0.12,0.74,1.37
1951,1.02,0.41,0.76,1.66,3.6,1.45,0.27,0.79,0.98
1952,1.83,0.26,0.27,1.13,2.67,2.65,0.1,0.78,1.15
1953,1.28,0.37,1.0,0.55,4.14,2.14,0.08,1.03,0.63
1954,1.51,0.31,0.65,1.39,2.48,2.05,0.21,0.98,1.09
1955,1.84,0.27,1.01,1.51,3.16,2.74,0.24,0.61,1.44
1956,0.59,0.24,0.85,1.23,2.93,2.2,0.05,0.64,0.78
1957,0.44,0.41,0.55,2.15,4.54,2.24,0.18,0.79,0.87
1958,1.0,0.25,0.64,1.8,3.15,2.43,0.13,0.65,1.2
1959,1.24,0.21,0.83,1.45,3.78,3.34,0.1,1.25,0.81
1960,1.34,0.3,0.83,1.03,3.09,2.52,0.27,0.92,0.89
1961,0.7,0.24,0.78,1.96,4.65,2.44,0.12,0.67,0.47
1962,1.09,0.49,0.71,1.16,3.01,2.5,0.11,0.67,1.58
1963,0.78,0.32,0.47,1.31,2.83,2.69,0.15,0.47,1.24
1964,0.56,0.5,1.26,1.77,5.31,4.31,0.12,0.68,0.95
1965,0.44,0.41,0.57,1.82,3.15,2.05,0.3,0.68,0.91
1966,0.93,0.37,0.72,1.29,3.57,2.5,0.2,0.79,1.07
1967,1.05,0.37,0.58,1.64,3.65,2.2,0.2,0.62,1.0
1968,1.0,0.51,0.62,1.65,3.38,1.82,0.14,1.0,0.83
1969,1.53,0.34,0.61,2.08,4.03,2.63,0.27,0.6,1.92
1970,0.99,0.3,0.61,2.04,3.28,2.11,0.17,0.7,1.43
1971,1.4,0.45,0.76,1.26,3.35,2.93,0.13,0.61,0.61
1972,1.83,0.29,1.07,1.58,4.02,2.46,0.32,0.98,0.4
1973,1.57,0.48,0.62,1.94,5.36,2.86,0.08,0.78,1.21
1974,0.89,0.26,0.94,1.59,4.22,1.98,0.19,0.43,1.02
1975,1.66,0.38,0.87,1.86,4.13,3.04,0.11,1.02,0.73
1976,1.19,0.27,0.43,1.03,3.1,2.53,0.09,0.34,0.5
1977,1.5,0.4,0.73,1.8,3.91,2.71,0.18,0.74,0.7
1978,0.98,0.45,0.3,1.53,3.17,2.22,0.3,1.34,1.55
1979,1.75,0.32,0.59,2.14,5.68,4.09,0.1,0.95,1.08
1980,1.01,0.24,0.82,1.04,4.29,1.63,0.21,0.93,1.35
1981,1.02,0.35,0.88,1.92,2.9,2.07,0.2,0.9,1.16
1982,0.92,0.47,1.06,2.26,4.59,1.98,0.21,0.69,1.88
1983,1.77,0.36,0.83,1.97,5.46,2.42,0.21,0.9,2.05
1984,1.45,0.27,0.8,1.69,4.11,2.72,0.15,0.98,0.34
1985,1.27,0.36,0.34,2.04,3.91,2.87,0.25,1.22,0.51
1986,1.09,0.44,0.83,1.82,3.5,1.53,0.21,1.4,1.32
1987,1.22,0.42,0.64,1.21,3.68,2.52,0.2,0.67,0.59
1988,0.99,0.39,0.52,1.32,3.63,1.35,0.22,0.75,0.57
1989,1.46,0.37,0.46,1.96,4.35,2.84,0.11,0.81,0.62
1990,1.53,0.25,0.9,2.51,4.32,3.14,0.13,1.01,0.45
1991,1.19,0.33,0.6,1.42,5.65,2.63,0.23,1.21,1.0
1992,0.92,0.35,0.42,1.5,3.84,2.83,0.18,0.71,0.96
1993,1.05,0.53,0.47,2.26,3.31,2.33,0.23,1.05,1.11
1994,1.18,0.41,0.98,1.54,4.68,2.72,0.21,1.03,0.49
1995,1.36,0.44,1.08,1.99,4.64,3.36,0.25,0.96,2.28
1996,2.69,0.36,1.66,2.29,3.82,3.33,0.21,0.9,1.74
1997,0.86,0.44,0.82,1.56,4.62,1.87,0.28,0.72,1.1
1998,1.41,0.47,1.23,2.13,4.86,3.6,0.17,0.82,1.45
1999,1.87,0.45,0.87,1.53,3.48,3.17,0.31,0.94,0.55
2000,1.35,0.4,0.38,2.05,2.98,1.67,0.17,1.06,0.93
2001,0.9,0.4,0.59,1.68,4.79,1.48,0.11,0.92,0.77
2002,1.01,0.3,0.57,2.18,4.66,1.93,0.14,1.18,1.0
2003,1.53,0.25,0.91,1.99,4.15,3.74,0.12,0.61,0.67
2004,2.01,0.31,0.46,2.07,4.92,3.12,0.34,1.11,1.19
2005,2.74,0.42,0.84,1.46,3.75,2.64,0.18,1.07,1.52
2006,2.12,0.3,1.09,2.02,3.54,3.59,0.25,0.79,0.96
2007,1.51,0.68,0.87,1.66,3.09,1.82,0.24,0.85,0.46
2008,1.89,0.52,0.5,2.93,4.74,2.55,0.2,1.0,0.88
2009,1.17,0.27,0.62,2.37,5.53,3.09,0.09,0.67,0.8
2010,2.38,0.56,0.55,2.0,3.23,3.27,0.3,1.58,1.32
2011,2.65,0.47,0.79,2.39,4.11,2.36,0.13,0.77,0.63
2012,1.42,0.18,1.21,1.09,3.83,2.15,0.08,0.68,1.08
2013,1.6,0.6,0.45,2.64,4.86,3.62,0.32,0.96,0.16
2014,1.5,0.7,0.77,2.1,4.47,2.67,0.27,1.1,1.06
2015,1.33,0.47,1.28,2.97,4.96,3.42,0.28,0.99,0.48
2016,1.05,0.5,0.81,1.92,4.04,2.91,0.16,1.59,1.1
2017,1.5,0.36,1.02,2.41,4.82,2.66,0.17,1.07,1.75
2018,1.97,0.41,0.46,2.55,5.24,4.82,0.25,1.58,0.96
2019,1.07,0.64,0.6,2.15,4.86,2.16,0.19,0.96,1.4
2020,1.51,0.25,0.61,2.11,5.19,5.49,0.06,1.38,0.41
2021,1.81,0.39,0.87,2.19,4.33,2.45,0.28,0.92,1.15
2022,1.39,0.32,0.89,1.69,4.18,2.73,0.16,0.73,0.83
2023,1.96,0.51,0.55,1.55,3.93,3.43,0.14,0.59,1.67
2024,1.55,0.42,0.57,1.84,5.09,3.92,0.13,1.01,1.17
