Year,AK,HI,PR,AL,AR,AZ,CA,CO,CT,DE,FL,GA,IA,ID,IL,IN,KS,KY,LA,MA,MD,ME,MI,MN,MO,MS,MT,NC,ND,NE,NH,NJ,NM,NV,NY,OH,OK,OR,PA,RI,SC,SD,TN,TX,UT,VA,VT,WA,WI,WV,WY
1930,1.01,-999,-999,165.13,162.73,137.26,119.89,81.63,68.46,109.24,228.01,163.93,103.76,83.18,122.86,114.77,131.85,139.91,186.77,71.34,105.0,51.19,78.11,70.14,133.3,169.99,73.78,134.17,67.73,109.01,51.62,94.41,123.86,101.03,59.4,109.84,158.87,66.43,101.15,52.0,155.31,89.67,144.29,186.96,108.93,122.54,53.08,56.54,79.07,114.21,74.45
1931,1.15,-999,-999,168.28,157.42,146.89,133.24,100.05,70.9,104.4,235.65,179.62,111.02,90.77,120.18,115.72,140.98,135.45,188.68,67.8,91.87,50.07,76.37,71.36,131.26,177.05,75.82,143.03,76.91,124.73,50.95,91.03,119.7,115.31,61.34,104.02,155.43,79.8,94.77,72.0,167.23,109.14,148.28,183.54,123.08,118.17,56.37,62.84,78.92,114.53,91.48
1932,1.08,-999,-999,165.99,164.12,143.15,125.49,88.67,63.9,103.67,276.72,169.88,92.44,75.33,114.06,106.35,139.67,121.49,185.63,67.55,98.45,50.02,63.71,68.59,130.5,166.34,66.34,126.0,67.98,115.77,45.87,92.59,112.94,107.43,50.63,102.39,166.26,71.81,84.82,68.0,150.88,91.2,131.26,190.79,109.21,114.83,44.76,54.63,75.48,106.67,78.27
1933,4.06,-999,-999,171.41,163.66,150.95,121.2,92.3,58.94,99.7,259.28,167.78,108.07,85.0,121.82,117.03,138.82,130.91,204.64,50.95,100.68,46.41,78.09,80.32,131.06,181.06,73.9,140.64,80.56,114.34,43.81,81.86,121.1,116.48,59.97,105.14,158.01,66.78,87.98,39.0,164.83,103.23,145.96,215.26,122.37,110.67,54.54,52.02,87.62,98.81,90.56
1934,4.83,-999,-999,175.32,170.16,179.34,135.81,103.25,59.89,98.73,252.2,176.75,114.14,98.35,120.76,121.04,148.92,139.58,193.1,60.42,100.86,45.49,72.66,72.98,132.34,183.1,80.56,136.04,89.57,129.24,44.68,83.4,140.97,128.45,64.45,117.24,167.27,85.15,97.99,47.0,160.17,116.7,145.85,211.72,142.61,104.91,57.89,67.28,79.42,116.68,95.44
1935,3.61,-999,-999,190.39,152.19,140.87,123.31,84.23,57.86,85.72,261.24,186.92,83.22,83.88,94.83,94.43,114.39,115.06,200.97,54.67,81.66,47.36,56.34,54.41,104.29,181.85,60.62,130.15,60.37,93.07,45.48,78.39,116.53,116.58,52.44,84.29,135.17,74.01,79.39,51.0,169.17,84.67,132.46,186.96,115.81,93.68,51.43,54.07,60.15,93.46,78.39
1936,8.99,-999,-999,181.23,173.65,158.31,137.72,93.27,62.83,100.63,241.85,176.71,111.3,96.1,127.01,123.46,136.79,144.17,186.52,58.04,101.8,39.29,73.91,74.83,140.69,178.9,90.32,139.14,95.9,124.74,46.85,81.07,118.7,120.48,66.19,113.88,163.5,83.55,100.52,38.0,169.78,120.08,147.62,184.87,126.37,117.92,55.14,65.92,79.28,122.72,97.96
1937,4.47,-999,-999,161.77,159.3,157.77,131.26,89.68,70.82,95.38,221.47,162.49,98.63,81.42,106.93,100.73,134.84,124.96,182.4,62.27,86.7,63.49,67.48,67.85,129.61,165.52,79.9,124.75,76.86,113.78,55.53,80.73,122.0,113.38,62.33,91.13,154.89,71.04,83.72,51.0,152.13,96.88,131.14,188.58,116.71,99.78,59.13,53.2,75.8,92.29,86.92
1938,1.92,-999,-999,184.84,183.47,154.28,125.05,89.38,60.77,100.05,256.7,186.25,107.14,80.68,121.9,117.47,149.33,135.77,205.88,53.28,93.57,41.98,64.83,61.26,142.68,194.26,73.85,137.24,75.62,122.57,44.55,80.59,122.61,95.83,60.17,99.93,171.48,84.52,88.11,45.0,168.63,104.69,149.15,208.58,118.25,105.77,54.01,71.91,60.22,98.96,83.3
1939,3.04,-999,-999,171.42,170.99,156.4,146.07,96.92,73.87,116.72,254.37,179.15,119.39,80.72,131.72,127.79,160.51,142.73,197.91,64.22,117.49,52.82,72.24,73.66,147.77,175.85,75.59,147.37,81.91,135.02,55.38,93.2,134.19,105.63,73.04,120.34,175.03,83.41,106.53,51.0,169.95,114.86,151.55,203.66,113.09,123.71,63.43,62.44,79.06,115.2,86.29
1940,2.54,-999,-999,154.62,158.07,157.21,136.68,92.1,52.89,88.07,226.52,165.28,91.94,90.06,111.4,103.9,140.33,126.98,180.57,44.78,82.15,41.08,53.92,55.59,127.99,161.85,83.39,128.72,69.68,118.95,48.67,62.52,128.62,117.69,46.58,88.81,156.26,87.26,72.59,34.0,153.11,98.45,127.53,188.87,121.44,93.57,40.92,71.12,57.31,85.7,90.0
1941,2.42,-999,-999,180.72,172.63,137.39,115.5,75.74,67.36,124.14,227.73,187.9,101.85,62.1,123.79,123.5,124.53,152.3,195.44,67.8,116.73,55.46,72.88,60.82,135.71,180.59,60.28,154.67,66.34,102.07,65.76,95.61,93.52,77.99,70.46,114.25,150.61,56.68,106.12,58.0,178.72,91.83,164.45,174.24,92.76,134.33,60.47,49.87,72.12,117.31,67.46
1942,4.51,-999,-999,173.52,160.7,154.7,125.98,86.46,57.45,112.19,237.52,184.15,89.39,71.84,109.64,106.06,123.32,132.68,191.21,57.84,105.11,49.53,58.86,40.52,122.38,182.47,57.49,144.61,47.4,100.86,53.18,84.65,112.35,96.28,57.86,103.28,146.6,73.1,92.83,39.0,176.58,72.17,147.75,181.19,117.9,114.57,59.98,57.66,52.98,98.0,73.87
1943,3.55,-999,-999,171.88,164.31,168.21,130.89,93.36,70.45,98.75,236.54,175.97,87.47,80.01,105.02,101.45,131.93,130.56,190.8,65.75,104.18,35.84,61.85,61.84,115.3,182.25,67.94,139.8,68.54,108.26,48.83,85.99,130.48,109.62,61.42,94.29,156.97,75.66,94.59,55.0,157.87,91.61,139.83,190.19,123.93,124.35,42.27,59.03,68.33,102.43,80.58
1944,1.48,-999,-999,167.5,164.0,151.45,121.49,90.11,79.47,112.78,243.63,170.15,93.49,72.41,116.84,116.97,130.87,130.59,189.05,74.03,104.12,55.37,72.92,54.27,128.46,179.51,55.03,139.51,51.15,105.58,64.08,94.22,114.62,97.99,73.96,105.79,155.66,74.71,102.61,60.0,165.37,82.68,138.81,182.24,109.16,120.8,65.41,60.06,72.56,106.55,69.99
1945,0.51,-999,-999,180.08,155.34,154.72,128.18,80.5,64.0,102.18,262.52,187.0,70.32,73.58,87.5,85.61,121.57,119.24,203.8,65.27,101.52,47.65,47.22,39.02,106.45,184.22,66.32,143.62,49.37,90.71,57.72,84.41,125.43,102.31,63.1,88.27,144.04,81.86,90.14,45.0,181.16,73.03,138.13,187.59,102.97,125.11,61.77,61.28,45.96,104.66,63.18
1946,4.47,-999,-999,167.05,155.38,154.03,126.46,88.19,53.54,85.52,261.94,176.83,79.32,78.03,104.27,99.51,126.92,110.26,196.09,53.79,97.41,42.94,64.85,51.3,115.25,177.79,65.01,124.98,66.77,98.51,51.52,76.94,128.8,107.9,56.0,85.98,153.59,64.59,80.66,32.0,163.2,84.8,126.5,188.84,120.65,100.4,53.11,50.6,62.22,87.63,77.0
1947,3.5,-999,-999,165.55,155.11,156.82,132.38,88.53,69.48,100.15,258.86,167.26,96.98,72.16,108.88,102.02,133.03,117.94,191.34,77.85,104.63,60.58,73.41,65.36,128.09,172.14,64.51,137.24,61.04,106.19,70.68,84.22,114.39,111.88,72.46,94.06,150.45,70.04,103.18,52.0,160.45,87.03,137.56,190.94,116.86,113.57,72.48,55.25,75.56,104.68,74.9
1948,2.22,-999,-999,168.92,167.33,162.75,111.22,93.65,61.49,94.01,275.62,175.6,93.51,78.22,107.94,106.54,138.95,127.88,204.0,66.74,91.38,52.41,62.5,57.9,125.62,183.18,64.67,129.54,64.84,110.79,57.69,77.37,134.18,102.46,60.45,90.96,163.77,57.81,89.62,52.0,158.53,85.68,142.52,199.45,121.87,98.18,57.52,45.62,75.92,89.98,84.78
1949,0.91,-999,-999,163.3,151.77,163.93,137.2,80.93,74.59,100.47,262.05,175.03,95.68,85.72,109.38,103.12,123.66,118.09,185.96,82.55,95.79,58.26,72.72,66.2,119.38,176.57,79.01,125.57,76.1,99.74,69.88,89.96,113.1,108.85,83.17,101.76,149.53,75.77,103.02,58.0,162.29,96.08,131.67,182.38,111.75,104.05,74.68,62.09,74.43,101.69,77.59
1950,5.83,-999,-999,161.36,147.26,181.84,136.43,79.54,50.03,80.54,258.35,175.41,72.19,69.97,97.35,86.34,123.31,107.28,200.34,59.36,81.1,43.48,47.33,45.74,110.62,175.43,50.87,128.84,49.85,92.68,55.67,67.03,131.63,104.72,47.51,77.55,145.43,77.05,73.18,35.0,167.31,74.05,121.06,201.13,117.73,92.28,49.94,61.12,45.18,70.59,64.72
1951,4.31,-999,-999,172.65,156.7,159.44,130.62,78.52,52.61,105.99,243.44,175.29,63.87,63.24,94.35,99.59,104.76,130.29,199.14,56.09,100.58,37.35,46.78,31.62,95.88,182.1,46.08,133.94,38.04,70.79,44.96,79.97,125.5,106.05,53.87,95.2,141.53,84.33,87.12,40.0,163.64,52.34,141.51,198.7,110.82,110.17,50.54,63.05,39.97,98.85,57.72
1952,2.16,-999,-999,165.07,160.45,162.14,132.21,92.1,67.55,99.53,236.3,169.72,94.73,86.67,117.22,109.38,141.58,134.52,187.57,71.31,97.32,59.01,66.33,63.8,136.69,175.6,73.76,133.8,78.47,115.57,63.52,82.99,128.46,114.5,62.36,100.65,165.24,82.34,88.71,56.0,159.15,103.4,141.1,188.93,123.0,117.37,60.11,67.27,69.79,104.36,91.87
1953,6.71,-999,-999,172.77,168.05,157.39,118.44,94.83,65.46,101.33,249.84,174.64,108.28,78.78,127.5,119.59,145.46,146.58,193.35,65.82,109.61,51.77,69.21,66.05,143.85,180.67,73.62,144.51,65.22,126.52,61.17,80.81,129.56,102.31,63.57,106.11,157.27,60.32,91.45,50.0,173.65,94.64,152.24,191.87,119.16,125.88,66.04,51.45,73.53,111.89,89.83
1954,1.25,-999,-999,176.53,168.04,175.12,129.11,97.72,47.13,102.17,236.44,182.98,95.13,71.57,117.31,112.77,141.41,140.47,197.66,48.97,114.44,27.7,56.86,52.51,137.89,180.12,58.52,148.08,50.61,116.1,39.4,80.79,133.48,105.49,51.65,100.0,168.22,52.28,90.57,37.0,174.44,83.64,150.05,202.35,126.41,130.22,39.22,37.2,59.47,106.54,85.72
1955,3.44,-999,-999,184.65,175.44,158.44,123.69,89.37,67.0,93.94,250.19,189.41,107.91,73.88,113.54,107.75,141.09,136.23,215.58,66.95,97.38,54.46,81.05,76.8,129.99,196.18,67.84,134.05,79.56,119.54,65.58,83.9,120.4,94.69,73.32,99.23,167.58,59.74,91.12,54.0,172.35,108.05,148.49,210.31,110.75,105.57,69.03,45.1,82.44,103.43,84.81
1956,1.96,-999,-999,166.78,172.5,172.25,128.39,103.3,54.48,87.35,254.13,173.73,107.06,82.42,120.19,107.12,158.51,126.3,203.94,60.23,89.26,26.28,51.88,52.09,150.73,178.9,73.89,122.53,63.96,132.05,47.51,71.26,141.18,109.24,43.71,82.42,171.11,72.47,70.01,42.0,157.01,105.23,139.45,209.16,129.98,108.32,42.26,56.95,57.37,85.18,88.5
1957,7.62,-999,-999,158.53,147.9,146.41,116.46,72.96,61.98,107.99,250.6,160.08,82.31,81.53,99.18,97.86,113.45,129.84,179.74,68.16,108.41,40.57,53.69,51.17,118.75,159.05,67.53,128.51,59.28,95.03,56.78,87.79,106.24,101.19,56.03,91.5,129.3,70.61,88.23,56.0,150.37,74.33,137.51,170.05,103.46,113.42,57.16,52.84,59.74,108.89,73.07
1958,4.29,-999,-999,166.57,148.63,163.85,133.94,98.68,44.92,85.7,224.94,173.28,83.39,91.14,93.81,82.24,129.53,118.17,179.95,46.58,85.66,30.23,48.44,51.32,117.63,165.21,70.12,126.33,64.07,103.92,45.78,65.47,121.45,123.07,42.56,69.13,147.07,90.48,66.95,36.0,160.45,89.72,136.09,171.66,132.77,106.8,41.82,79.27,53.68,83.85,83.39
1959,2.88,-999,-999,165.94,159.77,164.81,137.3,91.3,81.41,118.97,249.03,173.18,97.36,73.5,120.73,119.6,131.09,136.98,179.02,77.19,120.12,53.24,78.77,69.3,129.96,164.09,67.57,136.16,76.08,108.62,71.96,98.75,124.78,106.81,83.35,114.33,148.18,63.78,106.66,68.0,165.84,99.5,143.69,183.64,117.85,126.05,83.7,43.01,73.65,119.71,81.21
1960,3.41,-999,-999,162.51,158.97,166.9,137.37,92.8,54.04,103.1,236.95,172.17,83.65,86.17,105.5,102.62,131.6,133.79,187.51,59.31,103.93,51.29,54.44,58.04,126.02,171.26,74.06,125.55,70.59,102.34,55.48,75.3,129.85,125.85,49.28,89.4,155.94,81.22,79.48,43.0,164.3,87.58,135.69,188.21,129.16,116.69,51.68,56.19,57.34,100.89,82.23
1961,1.18,-999,-999,152.03,146.49,160.03,124.98,79.27,64.43,97.81,257.64,170.13,85.37,87.34,102.1,97.39,114.34,113.79,172.5,66.82,104.54,49.69,60.28,70.27,108.62,158.67,87.0,118.85,83.68,99.4,59.25,82.47,121.95,110.5,61.91,84.75,136.47,80.93,86.97,57.0,153.01,96.52,123.49,186.97,114.67,110.72,63.21,68.11,64.46,86.43,83.55
1962,5.01,-999,-999,170.72,164.73,167.42,127.59,88.29,58.42,94.33,235.03,179.84,93.99,73.64,119.57,113.67,143.48,134.86,191.83,53.93,103.91,29.34,64.18,47.81,137.31,180.24,60.74,129.96,50.45,108.24,48.56,72.84,134.31,112.81,55.37,99.53,163.37,68.35,85.18,31.0,166.73,75.86,145.9,195.74,122.77,114.33,44.89,49.54,57.5,96.08,74.53
1963,2.03,-999,-999,180.66,186.27,166.91,115.47,101.15,62.42,100.33,239.61,175.34,103.54,79.52,120.86,110.23,162.54,136.03,211.82,61.53,99.38,42.13,62.66,65.89,151.83,193.77,78.12,122.94,81.99,122.82,60.86,78.9,137.5,106.02,49.45,93.14,186.55,67.65,79.33,45.0,159.29,102.3,154.75,214.93,125.27,120.74,46.42,57.16,71.71,80.47,88.35
1964,1.54,-999,-999,157.29,152.09,152.84,123.51,87.74,59.91,103.4,244.58,161.48,89.8,66.02,111.28,105.01,132.24,121.61,186.61,52.12,101.07,29.29,62.04,56.33,121.71,168.94,59.24,121.04,62.51,102.93,52.52,80.67,137.02,106.45,58.15,88.97,145.89,57.32,82.41,39.0,150.49,87.47,128.56,185.32,112.9,115.67,51.45,36.69,64.98,96.36,72.13
1965,0.88,-999,-999,171.0,166.83,152.08,120.91,68.45,64.39,100.27,246.61,174.55,83.5,58.53,113.93,107.7,130.17,131.64,190.96,63.42,104.91,44.05,49.4,39.7,131.03,177.22,52.68,124.2,43.73,90.8,55.95,78.51,117.95,97.45,54.32,89.78,158.15,68.19,80.57,55.0,158.5,74.41,141.28,186.21,93.01,112.63,51.29,48.74,45.97,101.27,57.3
1966,2.14,-999,-999,150.79,147.9,169.74,136.64,90.75,66.4,98.18,223.0,158.35,87.41,91.57,95.94,89.78,137.08,104.44,175.35,67.74,96.4,43.71,64.69,63.96,110.72,161.3,78.31,112.28,65.65,107.47,60.66,79.59,130.84,117.49,60.58,81.49,149.5,78.3,80.48,52.0,146.21,88.05,118.15,181.96,125.01,108.29,60.52,51.83,64.19,91.33,87.79
1967,3.39,-999,-999,162.27,158.44,158.59,129.72,75.98,58.03,91.39,252.81,170.19,80.85,88.61,91.92,91.18,127.64,106.1,194.77,65.62,86.82,44.36,52.91,47.34,112.69,169.37,79.08,109.37,67.5,97.97,57.16,74.02,121.3,102.98,50.92,76.31,152.93,96.6,67.63,32.0,145.03,80.71,118.09,199.23,107.47,95.29,64.34,75.77,48.46,69.46,75.51
1968,6.2,-999,-999,163.05,147.51,149.31,123.75,78.1,60.03,96.85,231.75,173.71,86.28,63.81,98.0,87.02,128.57,112.03,178.51,64.22,98.97,36.5,53.93,44.21,111.7,163.29,53.63,125.96,46.58,103.77,44.6,78.59,116.37,97.5,52.88,77.87,143.87,64.74,72.69,51.0,155.85,75.08,127.81,175.85,104.15,111.9,55.25,47.29,52.68,86.16,62.03
1969,4.14,-999,-999,153.4,159.93,156.14,126.97,82.79,57.51,94.08,216.42,161.94,84.91,82.85,103.65,98.05,120.6,125.69,179.49,63.64,97.16,36.18,63.79,59.82,118.09,158.26,72.63,121.05,59.7,103.64,42.86,74.47,121.81,114.28,55.59,86.12,142.65,74.83,74.2,46.0,146.76,90.12,133.45,178.18,122.62,107.98,60.62,58.31,64.13,94.76,84.55
1970,0.97,-999,-999,159.12,155.94,148.49,127.52,84.92,66.02,104.44,237.73,174.58,101.4,79.94,108.01,103.78,137.15,126.33,172.0,76.01,115.8,48.6,69.49,74.81,128.27,165.52,79.62,136.3,78.57,119.25,63.03,83.64,110.84,101.92,60.31,101.21,149.04,82.76,84.3,50.0,159.24,101.94,134.76,177.78,111.59,128.22,66.87,60.72,78.69,106.11,86.02
1971,4.03,-999,-999,165.87,162.74,151.51,118.33,82.47,65.03,97.21,259.84,173.9,98.57,73.46,113.37,97.64,133.73,122.95,186.88,79.41,93.33,42.49,68.44,56.1,129.49,173.32,69.81,119.21,57.74,106.05,57.99,71.75,113.94,100.61,57.23,87.5,150.8,68.43,79.86,55.0,158.85,89.56,137.0,192.12,108.82,106.65,69.78,50.62,62.94,86.13,77.85
1972,4.93,-999,-999,165.56,160.08,165.62,126.17,83.45,47.77,79.89,271.75,169.79,81.39,71.93,92.47,84.26,135.55,107.99,184.33,54.45,74.01,31.09,52.56,54.14,120.73,175.66,60.03,106.58,55.32,101.68,38.21,63.04,125.05,102.74,42.79,66.73,164.41,76.73,63.14,42.0,148.17,82.41,125.15,198.93,113.63,91.28,49.41,55.39,55.3,65.72,70.08
1973,0.73,-999,-999,169.51,152.18,156.29,125.5,75.72,54.72,100.08,255.4,165.87,84.16,78.96,100.66,95.07,122.03,125.98,181.93,69.81,94.5,45.49,62.65,54.91,116.92,172.53,73.72,127.53,61.2,99.95,55.25,78.05,115.47,111.79,65.74,84.41,140.43,74.74,74.69,63.0,162.64,88.39,127.68,174.91,109.13,113.57,72.78,56.59,57.04,88.27,72.44
1974,2.23,-999,-999,156.23,144.45,161.78,131.45,85.39,59.0,91.36,268.55,176.7,73.68,86.19,82.58,78.45,121.02,101.95,182.7,67.52,87.24,34.26,53.28,55.68,100.24,165.2,66.95,115.97,60.45,100.29,48.59,73.79,117.53,120.87,48.52,73.7,141.41,82.67,67.36,55.0,161.48,88.35,113.85,186.66,127.24,100.56,51.6,62.49,50.96,78.87,82.29
1975,3.19,-999,-999,157.28,152.06,146.14,118.73,77.68,55.43,96.29,275.28,176.13,89.47,66.51,98.09,96.34,130.96,114.89,182.86,66.61,92.83,45.23,61.53,60.89,123.66,161.23,52.99,123.16,54.33,107.78,59.8,70.57,109.74,103.94,57.91,84.74,147.16,70.2,72.39,56.0,163.8,88.88,124.54,184.84,106.54,108.37,72.01,51.55,62.56,88.95,70.62
1976,3.0,-999,-999,140.44,141.85,150.11,126.84,78.7,59.07,102.37,237.14,156.17,98.87,65.69,98.12,91.01,132.02,105.09,169.92,71.09,93.0,39.11,69.62,82.62,116.39,153.98,71.51,112.17,81.88,109.24,53.29,73.9,115.78,88.87,47.26,76.76,140.96,64.56,68.9,53.0,147.56,108.42,112.32,168.24,111.93,108.69,57.42,47.16,78.18,74.0,80.33
1977,7.71,-999,-999,165.34,170.64,161.63,127.14,92.31,57.97,111.86,238.54,175.98,99.68,76.52,114.19,111.54,140.97,139.86,196.21,71.82,107.63,33.77,60.86,55.96,136.65,175.18,67.2,133.24,65.51,107.93,52.81,84.09,127.52,108.97,52.68,97.98,160.94,70.08,80.94,65.0,168.28,95.94,143.44,194.56,118.68,118.83,54.79,55.76,62.2,96.27,83.07
1978,2.21,-999,-999,182.64,164.49,163.45,127.36,88.76,55.52,91.56,248.54,182.47,97.14,63.73,107.09,97.98,137.63,121.67,202.18,64.03,99.37,45.86,61.63,61.42,125.54,182.06,59.18,130.22,67.17,109.39,58.04,62.88,129.55,99.59,55.16,86.05,159.71,58.0,74.47,52.0,166.63,90.21,136.6,192.86,119.45,117.8,60.77,45.1,59.12,90.38,74.76
1979,1.81,-999,-999,148.23,144.74,156.85,126.4,87.77,57.45,82.0,240.13,160.28,88.98,86.24,101.52,85.4,137.6,107.95,177.87,59.37,83.21,34.3,53.73,51.92,116.36,158.79,79.82,105.7,56.57,106.53,50.44,64.77,115.75,123.23,54.2,72.2,148.24,79.47,67.14,55.0,137.69,84.49,109.35,177.36,127.71,94.9,65.19,65.7,53.29,71.48,81.53
1980,1.66,-999,-999,142.83,155.51,158.46,118.65,94.81,58.83,106.54,235.83,159.83,104.7,65.74,113.97,104.52,139.62,124.11,181.51,57.82,106.99,41.42,59.01,75.46,128.09,160.57,67.15,129.65,77.16,119.77,54.99,86.35,121.22,106.33,55.48,90.51,150.39,66.29,84.14,70.0,152.35,106.43,131.75,185.06,111.96,117.01,55.67,47.32,66.95,87.72,80.43
1981,0.61,-999,-999,157.62,153.98,164.21,132.19,86.74,63.52,89.45,239.27,167.71,89.03,79.89,93.08,85.5,133.11,117.07,186.85,65.38,98.04,38.72,48.09,48.1,114.92,168.87,72.43,124.72,60.42,104.22,45.74,80.89,110.73,113.72,44.56,72.36,151.22,68.18,71.88,56.0,153.24,89.47,125.96,181.74,117.46,114.1,47.7,54.07,47.4,83.62,85.05
1982,2.55,-999,-999,162.08,157.52,148.21,110.52,71.98,50.56,87.28,269.73,170.99,73.58,66.11,95.6,91.87,115.23,119.5,188.93,55.57,94.06,30.6,51.26,47.77,111.19,169.19,62.64,120.64,53.22,86.67,46.43,67.7,111.89,89.34,39.22,80.89,146.44,61.58,69.15,47.0,158.31,71.5,135.42,186.25,103.95,109.93,51.62,52.34,48.92,80.54,68.13
1983,3.35,-999,-999,147.9,147.12,146.0,116.01,83.87,76.44,104.12,223.61,152.5,99.71,64.55,105.26,104.29,120.9,117.86,169.96,72.92,106.89,50.96,72.59,67.94,114.65,156.35,67.68,118.76,75.52,98.94,66.17,89.39,119.63,93.85,68.2,92.54,135.48,53.13,86.31,79.0,140.93,87.29,123.49,177.64,106.39,107.74,70.91,44.77,72.93,90.66,82.83
1984,1.71,-999,-999,169.77,148.79,154.65,130.65,84.16,61.57,102.92,243.97,172.22,91.32,70.58,96.43,92.83,124.47,122.25,186.4,62.63,99.23,43.62,58.79,60.06,113.39,169.07,72.65,121.31,66.47,103.81,58.95,77.76,115.09,99.7,50.05,77.77,138.5,67.52,67.89,56.0,159.11,86.44,131.21,184.33,116.84,106.77,63.2,50.82,59.25,89.55,82.02
1985,1.78,-999,-999,170.5,157.26,154.59,123.06,79.22,53.15,109.51,263.89,180.54,87.29,71.85,94.93,100.09,111.9,115.74,191.11,61.71,108.72,34.98,52.62,45.65,102.85,173.62,65.4,135.98,48.06,96.16,56.3,86.23,114.29,96.0,48.32,84.19,144.01,70.66,80.78,58.0,175.45,82.69,130.14,182.75,115.3,117.04,50.89,58.65,56.62,91.84,78.52
1986,4.09,-999,-999,172.17,160.11,152.61,121.81,73.87,45.27,106.96,255.16,173.81,86.8,78.36,106.79,102.57,131.21,135.48,186.96,53.3,109.6,22.13,51.08,50.71,127.85,171.67,67.77,136.37,51.96,98.26,45.29,82.09,114.78,104.31,41.94,89.9,146.37,74.21,77.0,46.0,168.47,74.88,143.22,184.57,115.94,124.18,41.19,59.26,52.37,101.33,76.22
1987,2.8,-999,-999,168.97,171.49,151.06,129.51,82.37,49.34,100.57,226.56,165.36,102.96,88.6,113.8,112.86,131.96,141.31,187.86,61.59,107.84,33.24,69.66,74.45,131.62,174.79,72.19,128.05,70.57,110.93,51.49,77.17,116.01,124.3,54.85,96.88,155.89,86.54,80.08,62.0,156.64,97.75,141.76,179.93,127.32,116.71,52.23,68.55,69.31,104.84,84.15
1988,3.25,-999,-999,149.32,153.5,157.21,136.27,91.04,60.91,94.08,244.12,147.03,113.98,99.2,118.22,106.58,137.34,115.21,182.97,64.34,98.9,41.87,69.64,84.11,127.11,160.97,94.64,113.16,89.86,118.35,58.54,79.25,118.25,114.87,59.15,87.9,140.94,79.6,78.83,58.0,144.34,109.24,122.43,194.44,131.07,104.57,51.27,61.96,83.94,95.07,98.07
1989,2.9,-999,-999,156.15,150.78,174.35,127.71,84.88,50.98,96.91,277.06,166.96,92.61,73.58,92.44,83.1,130.09,107.71,189.18,62.76,95.76,38.86,52.66,67.12,110.94,154.55,64.74,121.71,71.4,110.44,56.04,78.06,133.63,104.31,49.25,69.74,152.23,66.44,68.69,55.0,160.53,96.17,118.97,198.09,128.87,103.67,55.41,52.85,56.8,79.07,80.16
1990,7.7,-999,-999,167.63,148.96,154.52,133.48,85.06,48.18,99.5,280.31,181.6,81.96,83.76,92.34,84.86,123.26,110.58,182.08,66.38,107.34,44.42,50.61,65.23,108.43,165.86,78.11,132.64,73.53,103.75,56.93,86.45,116.47,102.2,52.78,69.43,146.61,72.11,72.83,65.0,174.74,91.12,127.76,175.58,118.07,116.57,58.17,58.51,55.98,85.92,83.49
1991,3.74,-999,-999,163.64,154.74,150.07,124.79,83.26,75.11,117.55,260.88,176.92,100.24,78.62,122.17,119.68,145.07,132.72,182.03,74.53,125.55,51.69,74.86,64.73,132.67,165.4,73.83,133.72,68.2,113.28,62.79,101.09,113.59,109.62,71.02,107.33,153.94,79.99,102.12,80.0,166.46,91.81,136.96,182.77,111.3,120.25,59.43,55.22,70.61,114.48,78.4
1992,2.12,-999,-999,146.86,141.68,149.63,133.28,75.77,40.52,73.74,232.16,151.29,59.86,84.31,82.72,69.68,110.49,103.71,169.2,47.06,93.97,28.19,30.37,32.47,97.57,153.01,65.07,105.81,44.99,80.81,44.41,68.32,119.6,118.19,33.31,55.86,134.88,86.6,58.64,40.0,143.23,62.7,110.22,176.74,119.49,85.61,42.36,63.39,32.94,68.92,72.96
1993,6.09,-999,-999,151.84,137.36,152.96,117.17,69.67,64.05,101.22,230.33,162.65,60.01,49.43,83.0,81.85,104.32,110.24,167.4,69.71,104.91,36.55,46.73,30.8,95.22,146.79,29.76,131.69,29.47,76.75,57.47,89.61,115.35,93.2,55.09,79.42,130.39,57.43,80.8,69.0,158.69,48.53,122.49,172.66,110.87,111.17,56.82,44.87,37.47,91.43,47.45
1994,3.96,-999,-999,161.19,155.09,153.25,122.2,94.91,59.52,94.04,259.18,160.23,83.59,91.29,97.33,93.02,140.55,113.98,184.49,65.47,104.01,44.55,48.88,49.77,110.29,166.96,80.1,114.05,56.37,110.86,56.77,84.16,130.55,114.79,48.09,76.74,155.57,83.0,67.58,57.0,156.57,87.82,120.95,182.98,133.14,103.23,54.12,63.08,53.02,77.25,94.14
1995,3.17,-999,-999,157.51,148.27,151.76,119.28,71.92,-999.0,100.05,235.55,163.69,78.88,61.81,101.91,98.34,108.41,122.21,185.89,70.76,112.52,48.14,64.86,60.24,106.77,167.73,59.42,121.11,61.68,88.0,64.05,86.79,118.87,96.12,66.18,82.83,141.48,68.26,84.12,65.0,159.21,76.52,128.39,183.26,107.09,107.2,63.15,52.3,70.09,92.32,66.72
1996,2.12,-999,-999,150.53,144.48,165.14,132.46,89.36,54.87,91.72,235.17,160.63,70.14,72.76,89.95,83.83,120.46,105.96,181.0,55.85,99.52,31.49,46.2,50.08,105.55,160.89,71.77,118.35,58.97,89.2,45.6,74.39,136.76,113.83,44.86,71.55,143.28,72.59,71.98,52.0,157.26,77.22,117.63,194.88,130.22,100.62,47.85,50.16,49.41,73.56,85.0
1997,5.71,-999,-999,141.45,141.82,160.52,131.3,79.04,50.47,86.23,248.95,151.93,81.15,67.55,82.65,79.45,120.73,98.33,170.31,58.82,98.15,33.4,43.9,53.43,101.67,149.0,68.62,115.35,68.68,101.25,44.0,75.21,121.06,112.06,39.13,64.14,139.44,73.48,60.49,62.0,147.18,82.09,109.51,169.11,116.93,96.77,40.63,52.62,44.01,67.38,69.76
1998,1.8,-999,-999,175.41,158.71,143.92,102.16,87.68,68.07,107.67,255.54,173.84,92.2,73.97,109.91,109.85,133.99,136.02,191.56,69.82,114.14,38.71,72.38,67.59,120.94,176.77,75.89,128.09,66.95,105.81,54.69,89.64,126.79,81.01,59.01,96.15,156.1,73.94,92.82,72.0,170.38,88.84,145.52,188.61,109.63,122.56,57.31,64.54,71.97,95.34,77.57
1999,4.74,-999,-999,163.61,160.89,156.04,122.03,75.55,66.04,88.17,238.96,155.52,77.49,72.76,101.72,99.98,115.63,132.31,196.95,72.1,98.78,57.49,62.73,51.5,110.83,176.53,58.54,115.96,47.94,90.8,63.47,83.64,111.71,109.74,64.0,87.32,141.67,70.91,83.7,70.0,147.92,72.34,140.61,197.91,121.0,97.86,72.42,52.53,55.77,99.3,64.3
2000,0.99,-999,-999,169.22,153.14,161.84,119.55,96.24,48.78,83.13,247.92,160.93,88.28,73.6,95.86,87.36,131.94,124.08,199.22,48.22,91.1,21.81,44.78,55.65,114.56,174.73,71.77,123.06,56.49,110.82,40.12,70.03,136.96,113.61,35.01,67.66,142.94,71.33,55.02,69.0,159.74,87.19,139.77,193.99,131.4,100.76,35.86,48.88,49.18,75.93,82.06
2001,0.99,-999,-999,156.38,152.68,167.13,140.05,95.77,64.01,98.5,251.18,165.45,84.68,91.57,103.8,99.92,132.98,128.72,182.68,70.44,106.21,49.83,58.4,61.35,116.89,162.72,83.55,129.35,63.92,102.85,57.9,89.98,135.89,135.53,59.78,75.71,154.32,81.24,77.18,81.0,166.15,88.98,126.34,181.32,137.06,111.57,59.92,55.58,60.97,84.35,93.17
2002,5.48,-999,-999,164.31,150.34,165.62,128.51,94.55,71.12,111.41,250.86,173.23,95.83,77.44,110.89,110.69,126.84,133.52,178.42,71.92,117.61,43.06,74.68,64.41,118.71,161.86,65.89,135.66,67.03,107.7,65.68,98.53,134.32,110.58,69.18,100.83,144.15,74.3,91.45,80.0,162.82,90.2,139.56,177.74,122.22,116.86,59.52,55.18,67.54,102.0,81.15
2003,4.07,-999,-999,155.17,147.04,161.8,131.93,93.14,48.78,82.03,251.93,157.3,91.29,94.85,93.99,82.31,121.84,99.39,190.57,60.22,88.23,40.08,56.77,66.51,103.08,171.02,81.44,110.68,69.4,108.56,50.19,76.64,132.47,120.68,47.77,60.5,140.8,91.61,60.49,74.0,149.78,95.22,114.95,185.02,132.3,93.2,48.55,72.03,65.82,68.64,87.09
2004,10.29,-999,-999,162.39,152.5,157.23,131.43,78.61,53.09,93.29,239.32,167.09,71.31,70.24,94.96,89.19,123.98,121.65,191.59,55.37,103.76,26.39,46.67,38.14,101.98,175.05,53.84,126.86,40.04,94.27,43.48,83.92,113.99,105.57,40.67,67.94,143.8,74.78,64.83,57.0,162.74,70.24,127.84,176.79,118.88,107.71,44.37,56.26,42.93,87.04,64.13
2005,4.79,-999,-999,158.01,158.0,150.66,114.01,86.63,75.5,108.64,224.75,165.88,98.43,69.73,116.62,109.69,129.44,128.99,178.05,75.29,118.13,51.49,73.58,57.78,129.38,167.9,64.37,130.96,55.34,109.8,68.19,97.56,120.4,92.8,75.48,98.18,153.18,64.51,92.73,84.0,159.51,92.82,137.87,187.46,108.17,113.91,73.04,52.0,73.0,105.97,74.39
2006,0.56,-999,-999,164.98,157.34,152.14,124.61,85.06,61.04,97.33,244.59,167.09,90.68,86.61,97.68,88.34,137.47,106.51,195.01,62.56,98.74,40.67,57.39,71.69,117.87,171.86,81.91,123.22,79.61,113.74,54.83,79.75,121.67,112.04,47.64,71.64,162.57,76.49,65.93,77.0,154.54,100.22,126.78,198.17,120.19,101.77,51.97,63.4,62.84,72.66,90.63
2007,3.37,-999,-999,183.29,166.0,170.72,131.32,93.61,73.15,113.35,250.31,179.64,102.32,86.38,126.35,124.77,131.74,153.52,202.31,71.8,126.47,42.97,74.25,69.54,130.07,185.95,80.5,150.21,66.33,106.83,62.5,94.98,133.47,118.57,66.99,99.64,144.01,72.66,95.76,83.0,174.0,92.35,161.67,187.47,127.16,129.68,49.72,56.72,71.83,107.73,93.94
2008,1.29,-999,-999,155.75,131.71,160.25,138.21,80.66,56.63,101.98,236.38,155.08,79.33,79.1,96.32,96.44,115.82,129.17,182.18,60.18,104.94,28.61,52.35,53.81,99.36,157.63,70.21,116.66,56.76,93.56,49.19,91.1,122.99,114.45,48.78,84.7,138.36,72.94,74.86,75.0,149.12,76.58,131.61,188.46,114.87,102.0,36.66,56.41,50.48,82.2,80.68
2009,5.11,-999,-999,142.67,122.77,159.28,127.59,73.0,50.07,81.85,238.01,149.59,56.68,76.05,78.11,75.65,105.28,104.12,171.75,45.53,99.35,26.77,34.81,38.56,90.83,151.2,69.19,117.98,42.97,80.38,37.37,71.02,122.57,113.73,32.53,68.76,130.36,78.48,56.14,55.0,153.4,67.32,112.01,182.3,114.53,99.01,28.59,73.84,35.54,69.42,69.08
2010,2.43,-999,-999,170.9,165.84,156.68,110.13,91.69,81.66,118.9,221.75,176.93,98.37,66.66,118.9,120.65,132.05,144.37,193.4,81.21,128.07,48.22,69.77,59.36,127.05,179.44,55.78,141.31,48.29,108.24,68.52,101.0,131.74,103.67,65.55,107.09,155.35,58.57,92.86,88.0,167.21,78.36,151.7,187.14,118.98,129.99,57.8,46.24,66.15,107.88,78.07
2011,1.48,-999,-999,162.85,155.04,159.27,115.49,89.16,71.66,113.76,249.14,172.75,89.07,74.75,103.97,98.29,133.55,115.22,205.61,72.83,116.89,41.51,64.74,62.29,120.68,171.32,74.05,131.14,60.48,99.55,63.04,82.98,146.49,107.75,61.0,87.55,160.07,61.14,79.92,93.0,164.04,83.84,133.57,210.43,113.86,112.19,52.67,49.83,62.33,93.03,86.49
2012,1.01,-999,-999,170.21,165.7,180.36,135.09,103.47,69.09,102.43,256.7,185.82,106.01,87.49,116.42,113.0,145.78,130.47,204.05,76.25,115.1,48.7,76.46,73.89,129.26,173.79,85.84,125.07,75.61,128.46,70.86,85.31,146.66,133.99,66.66,101.5,165.46,75.98,87.55,83.0,171.15,110.23,138.24,211.01,130.66,110.76,60.53,56.89,76.08,97.38,108.26
2013,8.98,-999,-999,143.53,140.83,166.26,137.25,91.24,55.64,96.11,252.69,150.28,84.11,86.99,98.0,88.91,124.77,117.77,170.45,63.72,101.81,34.72,52.29,52.95,104.87,147.02,73.6,106.43,53.73,99.9,54.46,79.52,122.65,114.01,48.56,78.45,143.27,80.63,69.55,74.0,143.04,82.7,118.02,181.12,109.99,98.0,45.89,62.1,55.94,75.51,86.66
2014,0.82,-999,-999,159.07,139.25,163.06,145.86,83.76,50.59,93.42,241.22,158.16,68.05,73.0,91.88,86.81,130.9,117.22,179.83,64.23,98.04,41.14,41.41,44.71,110.32,159.18,62.01,119.76,47.24,97.88,53.44,72.9,126.04,121.95,43.36,74.08,150.39,84.14,64.29,64.0,153.99,71.07,128.16,183.05,115.3,96.39,47.32,64.84,43.4,78.35,69.97
2015,5.26,-999,-999,156.68,150.93,165.43,146.54,88.25,82.05,115.23,269.56,174.65,76.6,83.46,96.86,96.83,128.81,126.48,201.49,83.32,117.24,43.48,52.32,62.15,110.5,164.91,75.68,127.02,69.08,99.8,70.94,97.96,122.33,120.93,58.63,88.2,144.34,92.0,84.78,94.0,153.49,87.76,129.53,189.52,122.86,109.22,58.89,68.49,51.29,91.92,86.97
2016,3.54,-999,-999,178.78,155.96,177.57,128.88,86.84,91.11,110.61,260.14,182.07,89.19,74.76,114.13,113.6,134.91,144.75,200.48,83.63,122.78,49.8,71.81,53.43,123.33,177.29,72.73,135.47,60.9,104.43,78.91,98.95,137.82,111.21,74.91,108.55,161.83,77.59,97.06,98.0,166.51,95.37,151.08,193.39,116.76,117.19,68.63,57.85,59.82,105.94,89.61
2017,3.87,-999,-999,167.74,163.38,178.87,132.81,89.52,71.0,98.95,265.1,180.42,84.39,85.49,104.67,99.29,135.1,131.0,208.96,65.96,103.59,40.94,55.67,48.35,123.52,171.01,83.81,133.05,65.33,101.25,61.55,80.07,144.69,111.78,46.76,83.97,158.17,82.67,74.26,85.0,173.65,87.84,137.12,204.84,123.47,114.22,50.77,71.08,48.47,89.32,82.52
2018,2.97,-999,-999,172.33,154.78,171.18,134.07,102.03,76.0,105.79,265.77,175.34,97.3,77.91,121.39,116.04,135.45,139.71,195.32,76.78,115.54,55.4,73.66,63.42,131.32,161.23,63.3,138.22,70.93,103.8,72.79,89.44,142.95,118.46,63.94,102.99,152.83,79.59,83.74,89.0,169.63,89.07,145.24,183.24,135.66,119.51,68.1,61.47,68.28,106.37,80.54
2019,8.23,-999,-999,165.84,146.61,151.26,127.5,89.45,67.94,109.34,264.39,180.01,77.34,72.26,100.39,99.25,126.52,139.21,182.15,63.03,124.95,36.41,51.93,48.8,115.78,151.8,59.4,136.49,51.85,95.66,59.69,88.9,127.79,98.21,47.82,90.43,143.56,71.76,75.75,87.0,169.46,70.86,142.91,177.85,112.0,123.65,50.57,59.68,49.63,108.82,71.51
2020,1.47,-999,-999,154.16,135.72,173.01,148.42,104.46,78.54,96.33,270.7,165.77,92.83,87.11,100.57,99.21,130.04,116.05,190.0,73.1,105.11,57.03,65.59,61.18,110.89,157.94,75.52,115.68,68.78,113.0,70.49,83.88,142.0,129.32,65.81,89.32,145.67,79.17,82.4,85.0,148.87,95.06,122.89,187.78,138.01,99.77,66.36,61.12,62.64,86.62,94.57
2021,4.19,-999,-999,152.09,147.71,164.16,137.9,99.5,59.07,107.71,257.35,166.31,102.98,96.56,108.6,105.66,131.46,118.21,190.47,61.52,118.91,41.81,66.15,79.29,119.2,167.13,88.19,125.37,86.3,114.14,54.25,89.5,127.87,121.9,52.74,93.87,143.48,89.95,71.42,82.0,161.77,105.71,128.48,189.53,129.61,109.49,53.34,67.26,69.85,90.97,94.71
2022,4.45,-999,-999,164.8,155.63,165.66,139.4,96.04,78.59,101.27,262.66,178.2,96.15,85.9,105.17,106.9,143.11,127.76,205.11,79.95,117.04,46.28,65.34,54.57,126.84,184.71,78.3,128.57,63.6,120.19,67.56,89.14,131.45,122.5,59.01,89.44,160.92,84.13,72.99,81.0,164.03,95.12,135.29,198.68,122.9,108.68,60.76,67.31,58.67,86.32,86.19
2023,2.55,-999,-999,174.44,160.77,167.61,127.54,87.86,64.15,93.29,269.83,170.68,101.18,78.41,108.87,106.67,143.75,123.38,210.07,70.52,117.78,33.9,57.97,71.42,130.23,189.07,71.61,119.08,71.97,111.32,57.6,81.76,132.38,106.89,48.52,80.3,158.48,90.37,68.2,82.0,159.44,94.53,137.09,195.71,115.11,101.93,57.93,76.47,72.65,81.18,69.96
2024,4.82,-999,-999,175.15,164.79,171.99,137.41,100.24,70.64,107.82,250.54,178.29,92.7,88.13,107.62,108.14,145.93,135.46,207.71,78.76,118.57,58.82,62.03,58.28,128.53,171.23,78.94,126.17,63.06,113.99,63.77,91.13,140.71,125.77,57.9,104.72,175.61,82.34,84.65,75.0,167.07,91.41,145.27,209.8,133.21,114.51,70.95,64.92,60.35,106.04,94.36
