Year,AK,HI,PR,AL,AR,AZ,CA,CO,CT,DE,FL,GA,IA,ID,IL,IN,KS,KY,LA,MA,MD,ME,MI,MN,MO,MS,MT,NC,ND,NE,NH,NJ,NM,NV,NY,OH,OK,OR,PA,RI,SC,SD,TN,TX,UT,VA,VT,WA,WI,WV,WY
1930,-999,-999,-999,16.22,35.59,23.36,14.03,2.69,0.0,2.17,0.09,8.76,8.65,3.08,13.06,8.41,21.78,14.71,15.94,0.01,9.0,0.0,0.97,1.43,18.46,25.27,3.62,3.8,3.1,13.15,0.0,1.44,8.33,2.23,0.25,5.4,31.58,1.71,3.84,0.0,6.6,12.17,18.47,32.15,9.02,9.43,0.0,2.22,0.37,6.75,2.14
1931,-999,-999,-999,5.49,4.91,22.17,21.32,8.23,0.0,0.0,1.22,12.31,6.18,6.0,10.13,3.11,19.47,6.3,5.4,0.01,0.0,0.0,1.18,4.36,8.95,4.91,5.87,2.6,7.57,18.1,0.0,0.3,5.7,11.93,0.9,1.33,9.76,2.9,0.58,0.0,6.42,20.82,3.74,14.9,15.54,1.1,0.0,1.53,4.29,1.04,7.48
1932,-999,-999,-999,3.39,8.65,25.04,20.07,2.4,0.0,0.4,3.9,6.69,0.31,2.1,2.02,1.27,10.43,3.36,6.53,0.01,1.02,0.0,0.02,0.97,3.33,6.48,1.28,7.41,1.91,5.4,0.0,0.12,3.64,5.63,0.01,1.31,11.53,1.64,0.55,0.0,7.22,5.38,1.56,18.42,8.97,5.11,0.0,0.61,0.41,1.28,0.47
1933,-999,-999,-999,4.72,8.49,36.91,21.96,3.22,0.0,0.03,1.46,5.82,3.67,4.62,5.77,5.4,24.08,4.15,1.92,0.11,0.0,0.0,0.81,2.43,6.38,5.27,4.36,3.25,5.65,10.62,0.0,1.2,7.25,11.44,0.55,3.08,20.74,3.25,1.61,0.0,4.48,18.02,2.08,22.42,14.13,1.57,1.0,3.7,0.86,0.99,3.88
1934,-999,-999,-999,3.18,34.93,41.22,22.25,10.81,0.0,0.4,0.0,4.68,19.83,3.42,17.78,10.11,50.04,5.87,8.99,0.01,1.47,0.0,3.44,4.67,37.74,9.51,3.68,1.46,6.61,30.65,0.0,0.26,19.71,4.52,0.09,5.83,53.52,2.59,1.95,0.0,4.7,18.18,8.17,39.72,14.27,1.66,0.0,2.22,3.41,2.97,3.25
1935,-999,-999,-999,3.81,12.28,27.78,25.53,4.91,0.0,0.03,0.33,3.24,1.97,2.89,0.9,0.66,23.49,4.19,3.77,0.01,0.0,0.58,0.03,0.7,3.7,7.32,2.71,1.86,2.6,12.66,0.0,0.1,6.0,3.67,0.01,0.15,17.36,3.86,0.18,0.0,2.82,13.09,3.19,13.23,9.28,0.21,0.0,1.49,0.0,0.11,3.48
1936,-999,-999,-999,9.26,40.94,40.17,32.13,8.41,0.5,3.45,0.15,9.74,25.49,4.47,25.96,19.04,51.73,25.39,8.66,0.08,0.98,0.0,5.77,8.91,43.65,13.57,10.44,3.09,17.48,37.05,0.33,2.74,10.38,7.17,2.07,9.46,57.19,1.91,3.86,0.0,7.72,34.41,12.99,23.99,15.4,3.8,0.0,2.1,8.18,3.17,8.03
1937,-999,-999,-999,1.94,8.82,36.04,29.82,7.02,0.0,0.03,0.05,0.56,2.98,1.68,0.58,0.36,27.26,0.31,2.25,0.14,0.0,0.0,0.0,0.7,2.92,4.63,4.32,1.48,4.27,16.74,0.0,0.35,7.92,4.93,0.17,0.39,20.78,1.56,0.01,0.0,1.58,15.54,1.0,31.73,12.57,0.29,0.0,1.08,0.52,0.12,2.99
1938,-999,-999,-999,3.52,15.27,43.63,27.92,4.85,0.0,0.03,2.15,3.7,1.67,1.37,0.92,0.41,21.09,0.22,4.16,0.01,0.0,0.0,0.0,0.3,7.45,6.28,0.39,0.55,1.04,11.95,0.0,0.11,3.61,2.1,0.01,0.0,14.53,4.45,0.01,0.0,1.45,8.26,1.43,18.54,7.82,0.14,0.0,3.86,0.0,0.08,0.55
1939,-999,-999,-999,0.81,15.48,35.16,33.22,5.3,0.0,0.03,0.1,3.03,3.13,5.59,3.77,3.44,28.87,3.36,9.32,0.01,0.0,0.0,0.11,0.45,8.96,2.22,3.11,1.0,2.06,12.51,0.0,0.06,6.66,5.81,0.01,1.11,24.85,5.91,0.04,0.0,3.65,8.81,2.03,26.39,13.56,0.08,0.0,4.34,0.5,0.06,3.47
1940,-999,-999,-999,0.19,1.45,38.83,27.01,6.08,0.0,1.54,0.27,3.02,3.93,5.58,4.36,3.87,18.11,1.59,1.02,0.01,1.79,0.0,0.46,1.73,4.34,0.31,3.99,3.19,1.06,13.71,0.0,0.47,6.67,7.92,0.01,0.78,9.55,2.89,0.05,0.0,4.83,10.25,0.82,12.99,15.17,0.82,-999.0,1.66,0.35,0.13,3.77
1941,-999,-999,-999,0.26,3.74,30.38,18.87,0.17,0.0,0.4,0.61,2.95,3.29,2.12,3.1,2.35,9.85,2.51,0.54,0.01,1.93,0.0,0.25,1.4,8.25,1.23,1.85,2.57,2.67,6.37,0.04,0.17,0.4,1.5,0.01,1.18,6.1,3.3,0.83,0.0,3.55,10.02,3.18,6.26,4.15,1.03,0.0,3.43,0.51,0.15,1.82
1942,-999,-999,-999,0.8,5.34,41.33,27.36,1.8,0.0,0.03,1.37,3.51,0.37,2.94,0.12,0.0,9.4,1.57,0.69,0.01,1.01,0.0,0.01,0.02,1.01,2.24,0.37,2.9,0.29,5.02,0.0,0.06,4.69,8.38,0.01,0.14,5.47,5.9,0.18,0.0,3.3,1.49,2.01,10.3,11.04,2.31,0.0,3.84,0.06,0.1,0.77
1943,-999,-999,-999,4.46,28.38,42.91,25.87,3.74,0.0,0.03,0.27,4.93,0.04,1.42,1.83,1.0,23.88,3.51,10.8,0.01,0.0,0.0,0.0,0.02,5.97,14.18,0.61,2.67,0.06,8.96,0.0,0.41,4.93,3.93,0.04,0.01,35.09,0.96,1.19,0.0,4.56,5.61,7.54,26.24,8.31,0.98,0.0,0.55,0.0,0.58,0.96
1944,-999,-999,-999,4.33,11.08,37.63,24.56,0.76,0.0,0.03,1.33,5.72,0.18,0.88,2.67,1.43,9.97,1.9,6.59,0.25,0.44,0.79,0.22,0.0,2.43,6.89,0.1,1.99,0.04,2.7,0.23,1.47,7.83,0.39,0.34,1.24,18.62,3.01,1.51,0.0,7.23,1.37,2.47,23.23,9.46,1.88,0.0,1.72,0.21,0.91,0.25
1945,-999,-999,-999,1.56,3.42,30.11,28.6,1.2,0.0,0.03,1.48,1.78,0.25,1.87,0.57,0.07,10.78,0.44,0.15,0.05,1.01,0.0,0.0,0.05,1.61,0.56,1.31,1.21,0.63,4.06,0.0,0.17,5.46,4.86,0.01,0.01,5.22,1.76,0.01,0.0,3.01,3.26,1.04,16.65,8.04,1.31,0.0,1.21,0.03,0.03,0.31
1946,-999,-999,-999,0.06,6.77,36.96,25.85,2.88,0.0,0.03,0.0,0.12,0.36,2.36,0.82,0.2,24.41,0.0,0.39,0.01,0.0,0.0,0.02,0.03,5.53,0.01,0.95,0.16,0.79,6.89,0.0,0.06,7.78,3.44,0.01,0.07,26.43,2.74,0.05,0.0,0.53,3.41,0.03,22.65,8.12,0.02,0.0,1.88,0.0,0.05,0.38
1947,-999,-999,-999,2.3,25.46,38.52,24.23,3.3,0.0,0.03,0.06,0.63,6.88,1.71,4.81,1.47,23.85,1.04,15.42,0.01,0.0,0.0,1.04,1.45,13.76,8.84,2.54,0.47,3.21,13.13,0.0,0.06,4.06,4.31,0.01,0.25,25.6,0.58,0.01,0.0,1.83,10.17,3.58,22.73,8.0,0.02,0.0,0.52,1.17,0.03,2.92
1948,-999,-999,-999,0.84,3.32,45.43,22.88,1.41,0.0,0.03,0.0,1.49,1.32,0.85,0.22,0.33,3.95,0.67,8.61,0.85,1.69,0.0,0.14,0.33,0.3,2.1,1.71,2.64,1.49,4.88,0.96,1.19,8.17,1.38,0.51,1.09,7.06,1.14,0.85,0.0,3.58,4.3,0.97,30.09,7.87,1.58,0.0,0.35,0.95,0.61,1.13
1949,-999,-999,-999,0.0,0.99,41.09,25.43,1.07,0.5,1.14,0.09,0.43,0.1,2.0,0.42,0.0,3.83,0.0,0.23,0.87,0.88,0.0,0.01,0.43,0.1,0.53,2.95,1.42,3.34,1.44,0.27,1.72,3.22,3.12,0.37,0.46,4.79,1.76,0.49,0.0,1.78,8.82,0.03,10.98,7.89,0.12,0.0,1.77,0.0,0.02,2.13
1950,-999,-999,-999,0.0,0.13,36.85,31.02,0.82,0.0,0.03,1.21,2.5,0.02,1.48,0.01,0.0,3.59,0.0,0.15,0.01,0.0,0.0,0.0,0.07,0.04,0.35,0.52,0.18,0.04,0.73,0.0,0.06,4.8,6.1,0.01,0.0,1.04,1.45,0.01,0.0,2.48,0.54,0.02,8.58,8.04,0.3,-999.0,1.17,0.0,0.02,0.41
1951,-999,-999,-999,6.3,8.98,46.78,27.57,1.44,0.0,0.03,0.19,4.4,0.01,2.17,0.04,0.4,4.96,1.23,10.93,0.01,0.0,0.0,0.0,0.0,0.47,12.3,2.04,1.22,0.33,0.59,0.0,0.06,17.11,1.58,0.01,0.27,17.49,1.72,0.01,0.0,4.02,1.01,2.81,36.88,11.72,0.31,0.0,1.27,0.0,0.02,0.88
1952,-999,-999,-999,12.24,20.85,49.96,27.57,4.84,0.5,0.4,0.78,10.52,0.28,1.16,2.4,1.86,26.14,9.68,5.09,0.35,0.56,0.0,0.0,0.0,9.5,15.51,1.14,8.62,1.1,8.5,0.15,0.47,10.53,1.37,0.22,1.04,26.37,1.9,0.12,0.0,12.78,4.79,11.84,28.18,9.53,4.95,0.0,2.01,0.0,0.05,0.9
1953,-999,-999,-999,2.36,19.72,43.32,25.22,3.99,0.5,0.4,1.44,3.02,1.2,1.34,5.23,4.6,20.7,7.61,5.82,0.27,4.04,0.0,0.53,0.04,13.65,9.02,1.28,2.15,0.3,6.11,0.08,2.31,14.61,3.77,1.26,1.58,20.64,1.04,2.7,0.0,5.58,1.6,4.08,34.37,12.5,5.9,1.0,1.2,0.09,2.88,2.01
1954,-999,-999,-999,23.12,48.19,36.04,22.93,6.2,0.0,1.54,1.28,18.47,3.01,1.58,7.59,5.34,37.3,10.96,17.53,0.01,2.91,0.0,0.0,0.18,27.91,25.11,1.74,7.71,0.36,13.9,0.0,1.1,9.68,4.51,0.28,0.58,49.89,0.77,0.7,0.0,19.98,4.51,17.07,35.69,13.31,5.35,0.0,0.06,0.0,0.61,5.38
1955,-999,-999,-999,0.26,2.06,31.31,26.12,2.71,0.5,0.77,0.13,1.41,5.72,2.37,1.04,0.1,16.6,0.85,0.0,0.22,1.59,0.17,0.51,0.92,2.29,0.11,2.03,0.25,0.75,14.29,0.92,1.64,2.81,5.04,0.84,0.08,10.93,2.97,1.41,0.0,0.62,9.15,0.29,13.1,7.93,0.34,0.0,1.11,1.0,0.1,1.06
1956,-999,-999,-999,3.26,14.27,46.24,24.14,2.47,0.0,0.03,0.15,1.68,1.51,1.41,0.57,0.13,31.61,0.31,4.76,0.01,0.0,0.0,0.0,0.28,6.17,4.47,0.82,0.4,0.26,6.36,0.0,0.06,7.97,1.8,0.01,0.01,43.43,2.6,0.01,0.0,4.62,4.15,3.64,35.93,11.05,0.23,0.0,1.56,0.0,0.02,0.48
1957,-999,-999,-999,0.73,1.38,39.96,25.75,1.97,0.0,1.91,0.0,1.75,0.73,0.97,0.01,0.01,13.23,0.06,0.34,0.01,1.37,0.0,0.0,0.02,1.5,0.18,1.48,0.76,0.83,5.19,0.0,1.33,9.55,3.12,0.09,0.08,16.95,0.26,0.53,0.0,3.13,2.18,0.24,23.92,7.97,1.19,0.0,0.09,0.0,0.06,1.3
1958,-999,-999,-999,0.0,0.31,59.03,29.48,2.09,0.0,0.03,0.24,0.61,0.01,1.55,0.01,0.0,3.79,0.0,0.17,0.01,0.0,0.0,0.0,0.21,0.03,0.01,0.95,0.02,2.1,1.27,0.0,0.06,10.37,3.24,0.01,0.01,8.33,3.13,0.01,0.0,1.03,3.76,0.05,21.19,12.91,0.02,0.0,3.22,0.0,0.02,0.65
1959,-999,-999,-999,0.0,0.19,36.69,29.29,2.89,0.0,0.77,0.01,1.75,0.04,3.7,0.05,0.0,9.04,0.0,0.05,0.01,0.39,0.0,0.0,0.41,0.03,0.01,1.42,1.59,3.47,3.8,0.0,0.11,5.61,12.87,0.02,0.04,5.47,3.87,0.01,0.0,3.54,8.88,0.04,10.41,11.35,1.22,0.0,2.1,0.0,0.22,1.44
1960,-999,-999,-999,0.37,2.84,48.09,33.74,5.36,0.0,0.03,0.1,0.39,0.03,4.16,0.4,0.0,9.25,0.09,2.81,0.01,0.0,0.0,0.0,0.04,1.22,2.25,4.06,0.05,1.94,3.66,0.0,0.06,7.53,11.45,0.02,0.01,7.02,4.63,0.01,0.0,0.73,7.55,0.92,17.27,16.32,0.17,0.0,3.71,0.0,0.02,3.97
1961,-999,-999,-999,0.0,0.07,39.82,29.74,2.05,0.0,0.03,0.83,0.39,0.03,5.51,0.01,0.0,5.67,0.0,0.01,0.01,0.0,0.0,0.0,0.07,0.01,0.01,4.45,0.02,1.23,3.66,0.0,0.06,3.49,11.15,0.01,0.01,3.21,6.75,0.01,0.0,0.14,4.76,0.03,4.33,11.89,0.02,0.0,4.57,0.0,0.02,2.76
1962,-999,-999,-999,0.92,6.26,45.73,24.47,1.72,0.0,0.03,1.87,1.73,0.01,1.35,0.35,0.19,7.48,0.94,7.84,0.01,0.69,0.0,0.0,0.0,3.17,3.95,0.22,0.08,0.01,0.66,0.0,0.06,5.46,1.89,0.01,0.07,12.46,1.57,0.08,0.0,1.07,0.96,1.88,24.81,9.92,0.03,0.0,1.06,0.0,0.04,0.11
1963,-999,-999,-999,1.44,5.43,39.4,19.92,5.14,0.0,0.03,0.0,1.23,0.57,0.9,0.36,0.18,18.6,0.22,4.49,0.08,0.0,0.0,0.0,0.04,2.54,3.52,1.53,0.08,0.38,5.45,0.0,0.43,8.32,1.02,0.01,0.01,17.17,0.62,0.11,0.0,0.77,2.46,0.18,25.5,8.77,0.03,0.0,0.21,0.05,0.02,0.67
1964,-999,-999,-999,0.18,11.68,33.81,22.63,4.59,0.0,0.03,0.38,1.83,0.26,1.6,0.96,0.48,20.07,1.27,2.86,0.08,0.0,0.0,0.15,0.2,3.04,1.19,1.75,0.62,0.72,7.11,0.0,0.28,8.65,2.14,0.05,0.22,19.37,1.21,0.11,0.0,1.11,5.29,0.76,23.78,7.94,0.18,0.0,0.66,0.43,0.02,2.19
1965,-999,-999,-999,0.04,1.41,34.78,15.89,1.13,0.0,0.03,0.0,0.02,0.15,0.82,0.28,0.11,4.69,0.41,0.42,0.01,0.0,0.0,0.0,0.21,0.64,0.09,0.63,0.02,0.51,1.66,0.0,0.05,5.95,0.28,0.01,0.0,7.98,1.26,0.01,0.0,0.06,3.75,0.05,13.03,2.54,0.05,0.0,1.61,0.06,0.02,0.65
1966,-999,-999,-999,1.45,7.63,41.57,25.55,2.72,0.0,1.54,0.07,0.73,0.74,2.28,3.37,0.95,11.74,1.63,1.78,0.08,2.44,0.0,0.15,0.52,4.81,2.59,1.99,0.66,0.22,5.23,0.55,1.08,6.08,4.9,0.44,0.03,10.34,1.46,0.86,0.0,1.36,5.98,1.92,10.91,10.01,0.88,0.0,0.5,0.08,0.28,3.09
1967,-999,-999,-999,0.04,0.06,31.67,28.12,0.57,0.0,0.03,0.34,0.17,0.23,4.32,0.01,0.0,2.81,0.0,0.05,0.01,0.0,0.0,0.0,0.0,0.01,0.05,0.31,0.02,0.34,1.77,0.0,0.06,1.72,6.01,0.01,0.01,3.51,6.89,0.01,0.0,0.06,2.28,0.03,15.08,9.42,0.03,0.0,4.57,0.0,0.02,0.08
1968,-999,-999,-999,0.32,0.09,36.1,18.88,2.27,0.0,0.03,0.09,3.35,0.01,2.5,0.04,0.0,8.34,0.0,0.01,0.01,0.0,0.0,0.0,0.02,0.05,0.11,0.31,1.41,0.32,3.73,0.0,0.06,4.61,4.88,0.07,0.0,3.86,3.39,0.01,0.0,3.94,2.23,1.24,3.97,8.23,0.08,0.0,2.61,0.02,0.02,0.3
1969,-999,-999,-999,1.23,9.21,43.46,26.38,3.87,0.0,0.03,0.41,0.84,0.02,2.71,0.04,0.0,10.1,0.09,8.33,0.01,0.0,0.0,0.0,0.0,1.17,4.21,2.08,0.39,0.75,3.35,0.0,0.06,10.27,6.61,0.01,0.01,18.75,1.21,0.01,0.0,1.66,4.46,1.91,27.42,12.66,0.03,0.0,0.16,0.0,0.02,1.67
1970,-999,-999,-999,0.4,4.68,43.54,26.72,3.88,0.0,0.03,0.17,1.19,0.3,2.51,0.28,0.18,20.12,0.0,0.86,0.01,0.0,0.0,0.0,0.03,3.33,1.27,1.4,0.48,0.45,7.76,0.0,0.06,5.15,6.16,0.01,0.02,19.54,3.23,0.01,0.0,3.79,6.48,0.33,16.36,11.09,0.07,0.0,2.63,0.02,0.02,1.78
1971,-999,-999,-999,0.0,3.56,38.8,25.71,3.5,0.0,0.03,0.02,0.24,0.1,3.21,0.27,0.07,7.74,0.09,1.32,0.01,0.0,0.0,0.3,0.1,0.79,0.6,3.43,0.02,1.95,2.58,0.0,0.06,5.93,9.24,0.01,0.1,6.99,5.25,0.01,0.0,0.03,5.43,0.05,9.89,13.2,0.03,0.0,5.78,0.0,0.02,1.19
1972,-999,-999,-999,0.13,4.56,38.21,23.01,1.26,0.0,0.03,0.0,0.91,0.01,2.08,0.01,0.0,2.62,0.0,0.43,0.01,0.0,0.0,0.0,0.01,1.23,0.11,0.24,0.02,0.12,0.61,0.0,0.06,3.83,8.53,0.01,0.01,7.48,4.67,0.01,0.0,0.06,1.18,0.03,6.91,9.37,0.02,0.0,1.85,0.0,0.02,0.56
1973,-999,-999,-999,0.0,0.62,45.91,28.62,2.8,0.0,0.03,0.06,0.02,0.01,2.2,0.01,0.0,9.59,0.0,0.21,0.01,0.0,0.0,0.0,0.17,0.56,0.14,1.55,0.02,1.75,3.2,0.0,0.23,5.96,5.38,0.01,0.0,3.35,1.97,0.01,0.0,0.13,7.52,0.15,4.73,11.03,0.03,0.0,1.73,0.0,0.02,1.64
1974,-999,-999,-999,0.0,2.86,44.29,25.89,3.54,0.0,0.03,0.05,0.02,1.86,2.8,0.28,0.07,16.15,0.0,0.39,0.01,0.0,0.0,0.03,0.29,4.2,0.42,1.1,0.02,0.6,9.31,0.0,0.06,6.25,5.01,0.01,0.01,9.79,2.09,0.0,0.0,0.21,8.24,0.03,12.65,15.07,0.03,0.0,0.83,0.15,0.02,1.13
1975,-999,-999,-999,0.0,0.69,37.25,23.39,1.06,0.5,0.03,0.13,0.15,0.13,2.45,0.01,0.0,7.05,0.0,0.01,0.7,0.0,1.01,0.04,0.26,1.58,0.04,1.02,0.05,1.32,2.31,0.92,0.17,1.73,5.17,0.01,0.01,3.26,1.8,0.0,1.0,1.02,5.5,0.03,2.8,7.08,0.12,1.0,2.91,0.0,0.02,1.31
1976,-999,-999,-999,0.15,0.9,32.18,21.5,2.63,0.0,0.03,0.0,0.06,0.52,1.43,0.15,0.01,9.24,0.0,0.1,0.01,0.0,0.0,0.01,1.96,1.06,0.32,1.01,0.44,2.89,3.92,0.0,0.06,1.75,2.75,0.01,0.01,6.94,0.45,0.01,0.0,0.19,12.13,0.05,4.52,10.24,0.31,0.0,0.39,0.09,0.02,2.18
1977,-999,-999,-999,4.7,4.17,41.84,25.68,3.38,0.5,1.51,0.77,5.09,2.13,1.83,0.48,0.0,10.23,0.22,2.8,0.5,0.61,0.0,0.12,0.26,1.11,3.42,1.0,4.17,1.04,3.44,1.09,0.4,6.56,5.22,0.18,0.11,7.82,4.77,0.01,0.0,8.3,4.23,1.68,16.79,12.01,4.85,0.0,4.6,0.11,0.06,1.82
1978,-999,-999,-999,0.6,13.4,47.47,28.02,4.74,0.0,0.03,0.0,1.92,0.02,2.29,0.49,0.26,24.68,1.36,4.23,0.01,0.39,0.0,0.0,0.18,2.36,1.22,0.74,0.11,2.5,4.86,0.55,0.06,11.03,9.59,0.01,0.01,30.84,4.02,0.01,0.0,1.3,4.18,0.36,21.72,13.18,0.2,0.0,1.78,0.09,0.02,1.4
1979,-999,-999,-999,0.15,0.1,46.84,24.94,2.9,0.0,0.03,0.01,0.83,0.06,2.36,0.04,0.0,6.58,0.0,0.42,0.01,0.0,0.0,0.0,0.23,0.04,0.17,0.84,0.26,0.36,2.47,0.0,0.06,4.98,6.67,0.01,0.01,3.53,2.9,0.01,0.0,0.51,1.96,0.03,7.65,14.41,0.05,0.0,3.03,0.0,0.04,1.6
1980,-999,-999,-999,12.22,40.48,47.14,24.62,7.17,0.0,1.51,0.58,9.7,2.28,1.06,2.07,1.49,36.81,6.4,18.5,0.01,1.76,0.0,0.01,0.42,24.2,14.94,1.68,2.59,1.44,11.88,0.0,1.04,15.79,5.39,0.14,0.19,45.0,1.22,0.52,0.0,10.83,7.05,8.1,37.25,11.0,2.65,0.0,0.76,0.08,0.16,2.17
1981,-999,-999,-999,1.9,2.0,43.37,28.96,3.86,0.0,0.03,2.52,8.56,0.25,1.57,0.01,0.0,7.5,0.0,2.45,0.01,0.0,0.0,0.0,0.0,0.08,2.84,1.3,0.85,1.34,3.31,0.0,0.06,8.63,7.04,0.01,0.01,11.69,4.67,0.01,0.0,3.81,2.39,0.03,8.61,16.65,0.08,0.0,4.14,0.0,0.02,2.83
1982,-999,-999,-999,0.0,1.49,32.94,16.55,2.6,0.0,0.03,0.07,0.02,0.05,0.89,0.01,0.0,6.58,0.12,0.27,0.01,0.0,0.0,0.0,0.09,0.59,0.01,0.39,0.12,0.52,1.69,0.0,0.11,2.78,2.04,0.01,0.0,12.75,0.78,0.01,0.0,0.25,2.29,0.03,16.34,10.21,0.03,0.0,1.86,0.0,0.02,1.58
1983,-999,-999,-999,2.51,11.45,38.09,22.69,3.31,0.0,0.03,0.29,6.18,5.02,1.42,4.53,2.2,27.55,7.24,0.63,0.01,1.37,0.0,0.03,0.28,13.13,1.46,4.98,6.55,3.86,7.94,0.0,1.22,3.99,2.27,0.01,0.61,22.32,0.79,0.46,0.0,10.15,6.71,2.84,13.27,10.07,3.6,0.0,0.92,0.11,0.5,6.09
1984,-999,-999,-999,0.0,2.3,35.08,28.53,2.2,0.0,0.03,0.08,0.34,0.83,1.91,0.05,0.1,13.71,0.0,0.17,0.01,0.0,0.0,0.0,0.2,2.23,0.05,2.07,0.03,1.54,3.03,0.0,0.06,2.29,2.32,0.01,0.01,13.52,1.02,0.01,0.0,0.64,2.6,0.01,15.42,12.45,0.03,0.0,1.12,0.05,0.04,0.89
1985,-999,-999,-999,2.34,6.79,44.43,25.47,3.73,-999.0,0.03,1.97,2.98,0.54,4.08,0.02,0.01,11.81,0.0,0.75,0.01,0.0,0.0,0.0,0.22,0.36,0.88,2.83,0.09,0.8,3.91,0.0,0.06,7.27,5.25,0.01,0.01,17.4,2.46,0.01,0.0,1.54,4.43,0.03,18.43,18.27,0.03,0.0,2.56,0.0,0.07,0.85
1986,-999,-999,-999,3.05,9.95,35.13,23.91,2.15,-999.0,0.03,0.5,8.09,0.02,2.26,0.0,0.01,6.61,0.84,2.73,0.01,0.3,0.0,0.0,0.0,2.51,4.41,0.52,3.12,0.03,1.68,0.0,0.25,4.1,2.49,0.12,0.01,10.56,2.19,0.11,0.0,12.1,0.48,1.06,11.88,14.7,0.88,0.0,1.72,0.0,0.02,0.83
1987,-999,-999,-999,1.29,9.3,36.84,26.76,2.48,0.0,0.4,0.34,1.42,1.33,1.55,1.52,0.02,7.44,0.43,1.33,0.09,0.31,0.0,0.07,0.2,4.6,1.34,0.35,1.25,0.39,3.51,0.0,0.06,4.19,2.41,0.01,0.01,9.47,3.2,0.01,0.0,2.1,5.46,0.91,7.63,10.75,2.34,0.0,0.86,0.08,0.16,0.46
1988,-999,-999,-999,1.55,5.52,37.91,31.17,3.55,0.0,4.93,0.02,0.92,8.65,4.16,9.34,4.48,15.71,5.47,2.02,0.08,4.81,0.0,1.8,5.45,7.27,2.98,7.04,2.35,7.48,8.96,0.73,1.77,1.28,6.8,0.07,3.58,12.93,4.72,1.99,0.0,2.87,15.57,3.57,9.05,17.96,2.41,0.0,2.05,3.22,2.89,5.51
1989,-999,-999,-999,0.29,0.61,44.83,23.12,3.28,0.0,0.03,0.25,0.32,0.35,1.67,0.38,0.0,3.58,0.13,0.18,0.15,0.0,0.0,0.0,0.26,0.34,0.01,1.81,0.13,2.01,4.01,0.0,0.04,9.14,3.52,0.01,0.01,2.35,0.87,0.01,0.0,0.1,5.18,0.03,11.67,13.86,0.11,0.0,0.51,0.04,0.0,3.8
1990,-999,-999,-999,4.13,9.86,34.91,24.5,5.39,0.0,0.03,0.28,6.03,0.34,5.15,0.53,0.07,16.65,0.54,4.13,0.01,0.77,0.0,0.01,0.38,1.71,4.73,2.61,0.73,0.2,5.96,0.0,0.06,9.14,5.52,0.01,0.0,20.18,5.24,0.01,0.0,6.3,2.37,2.08,12.78,14.76,0.84,0.0,2.5,0.07,0.02,3.18
1991,-999,-999,-999,0.0,1.91,33.78,23.33,1.94,2.0,0.77,0.0,0.3,0.08,1.79,0.64,0.24,13.73,0.15,0.06,0.14,1.97,0.0,0.05,0.05,3.47,0.09,1.71,0.22,1.34,4.18,0.0,0.35,3.77,3.13,0.1,0.01,6.85,1.81,0.7,0.0,0.28,5.65,0.14,4.47,7.56,0.51,0.0,0.51,0.0,0.19,1.5
1992,-999,-999,-999,0.0,0.09,34.95,23.12,0.73,0.0,0.03,0.05,0.08,0.01,3.95,0.01,0.0,0.96,0.0,0.0,0.01,0.0,0.0,0.0,0.0,0.02,0.01,0.16,0.64,0.15,0.19,0.0,0.06,4.12,5.01,0.01,0.01,0.97,5.24,0.01,0.0,1.32,0.21,0.02,4.11,8.16,0.02,0.0,3.79,0.0,0.08,0.19
1993,-999,-999,-999,1.56,7.06,40.59,19.13,1.56,0.5,0.03,0.21,2.88,0.01,0.56,0.04,0.0,3.56,0.08,2.89,0.04,2.0,0.0,0.0,0.01,0.21,1.35,0.02,3.22,0.02,0.27,0.0,0.97,5.08,1.31,0.14,0.01,14.09,0.38,0.04,0.0,12.92,0.07,0.77,10.27,9.24,1.42,-999.0,0.1,0.0,0.02,0.26
1994,-999,-999,-999,0.0,0.27,47.69,24.63,4.43,0.0,0.03,0.0,0.02,0.01,5.37,0.08,0.0,6.26,0.06,0.0,0.01,0.39,0.0,0.02,0.0,0.01,0.07,0.59,0.03,0.18,0.74,0.0,0.29,17.33,7.28,0.01,0.01,8.57,4.1,0.01,0.0,0.18,0.81,0.02,14.02,23.01,0.06,0.0,3.12,0.01,0.08,1.01
1995,-999,-999,-999,3.5,9.2,40.59,21.69,5.36,-999.0,0.4,0.56,3.11,1.07,0.92,1.0,0.08,9.69,0.2,4.52,0.22,1.07,0.0,0.72,0.28,0.56,1.43,1.68,0.29,0.47,5.74,0.55,0.64,8.18,3.07,0.2,0.16,12.59,0.62,0.28,0.0,3.35,2.84,0.04,10.8,14.83,0.02,-999.0,0.2,0.74,0.04,2.34
1996,-999,-999,-999,0.0,0.78,46.8,32.64,1.81,0.0,0.03,0.03,0.55,0.01,2.9,0.01,0.0,5.3,0.08,0.0,0.01,0.0,0.0,0.03,0.0,0.01,0.03,1.3,0.06,0.22,0.43,0.0,0.06,9.02,5.92,0.01,0.01,9.06,5.96,0.01,0.0,1.96,0.73,0.03,16.38,18.85,0.03,-999.0,2.45,0.02,0.04,0.74
1997,-999,-999,-999,0.13,4.11,44.7,21.51,2.3,0.0,0.03,0.34,0.09,0.05,0.78,0.13,0.05,4.62,0.0,0.58,0.01,1.37,0.0,0.0,0.0,0.44,0.29,0.36,0.4,0.07,1.74,0.0,0.4,7.2,2.12,0.02,0.01,5.07,0.7,0.01,0.0,0.97,0.24,0.29,8.43,9.04,1.09,-999.0,0.99,0.0,0.08,0.42
1998,-999,-999,-999,0.95,16.62,37.84,23.99,3.44,0.0,0.03,2.89,5.97,0.01,3.14,0.01,0.0,16.02,0.0,15.86,0.01,0.0,0.0,0.0,0.02,0.53,2.5,1.94,0.33,0.2,3.65,0.0,0.04,12.78,8.9,0.01,0.01,37.77,6.92,0.01,0.0,6.26,2.04,0.18,39.15,14.61,1.52,-999.0,4.7,0.0,0.04,1.7
1999,-999,-999,-999,2.64,10.63,33.59,19.04,1.93,2.0,0.03,0.55,3.81,0.38,1.52,0.73,0.73,8.32,2.94,8.27,0.04,2.3,0.0,0.14,0.04,3.26,6.02,1.68,1.6,0.79,1.48,0.0,2.44,4.88,1.59,0.15,0.36,18.75,1.26,0.46,0.0,7.91,2.41,3.23,19.25,9.46,2.27,-999.0,1.04,0.1,0.8,0.99
2000,-999,-999,-999,9.17,21.45,49.21,24.52,5.45,0.0,0.03,0.34,3.38,0.36,3.25,0.05,0.0,24.74,0.53,17.42,0.01,0.0,0.0,0.0,0.15,5.36,17.2,3.85,0.08,0.51,5.76,0.0,0.04,13.36,5.51,0.01,0.01,32.22,1.93,0.01,0.0,3.51,4.42,2.55,34.4,21.22,0.02,0.0,0.81,0.0,0.11,3.14
2001,-999,-999,-999,0.0,3.74,45.41,29.05,5.46,0.5,0.8,0.0,0.25,0.06,3.48,0.01,0.0,19.37,0.0,0.11,0.04,0.0,0.0,0.2,0.0,0.23,0.04,2.17,0.03,0.85,3.25,0.0,0.84,9.86,8.63,0.36,0.01,28.6,3.03,0.3,0.0,0.44,4.21,0.03,21.28,14.52,0.03,0.0,2.28,0.04,0.02,4.94
2002,-999,-999,-999,0.11,2.23,47.12,26.12,7.39,0.0,0.03,0.0,2.54,0.2,4.94,0.3,0.12,13.26,0.47,0.48,0.08,0.39,0.0,0.03,0.0,0.2,0.0,3.88,1.21,1.91,7.94,0.04,1.1,14.6,9.23,0.04,0.01,6.5,4.19,0.01,0.0,5.4,8.99,0.09,7.04,24.82,1.67,0.0,2.63,0.04,0.02,5.62
2003,-999,-999,-999,0.0,2.13,51.82,28.44,9.41,0.0,0.03,0.0,0.02,0.85,7.27,0.08,0.0,19.99,0.0,0.61,0.01,0.0,0.0,0.0,0.08,3.85,0.07,6.69,0.02,1.65,5.95,0.0,0.04,15.04,9.9,0.01,0.01,17.66,6.62,0.01,0.0,0.03,6.02,0.03,12.83,22.29,0.15,0.0,4.08,0.0,0.02,7.23
2004,-999,-999,-999,0.04,0.49,38.76,22.47,1.95,0.0,0.03,0.0,0.3,0.02,1.85,0.05,0.0,3.73,0.0,0.12,0.01,0.0,0.0,0.0,0.0,0.0,0.0,0.81,0.05,0.29,1.45,0.0,0.04,6.44,3.48,0.01,0.0,5.28,3.48,0.01,0.0,0.07,1.61,0.03,5.2,10.35,0.03,0.0,3.1,0.0,0.02,0.91
2005,-999,-999,-999,0.04,7.88,43.26,24.75,6.48,0.0,0.03,0.0,0.61,0.28,2.71,0.74,0.04,10.07,0.26,4.88,0.04,0.0,0.0,0.0,0.0,2.24,1.85,1.83,0.88,0.52,4.96,0.0,0.31,11.54,7.74,0.01,0.02,6.21,2.89,0.01,0.0,2.16,4.95,0.03,13.4,12.29,0.41,0.0,1.3,0.11,0.08,4.95
2006,-999,-999,-999,3.44,12.77,41.43,27.95,4.02,0.0,0.03,0.13,1.52,0.44,4.17,0.23,0.0,17.93,0.12,7.13,0.09,0.77,0.0,0.04,0.55,3.99,6.82,3.18,0.32,2.89,7.47,0.0,0.57,12.81,7.76,0.01,0.01,28.08,5.9,0.01,0.0,3.19,10.45,0.75,23.62,13.17,0.51,0.0,3.76,0.35,0.02,6.53
2007,-999,-999,-999,11.64,8.56,43.29,26.37,3.13,0.0,0.03,0.0,5.34,0.04,4.33,1.02,0.29,6.65,7.05,4.59,0.01,0.7,0.0,0.0,0.04,3.47,9.01,6.3,4.12,2.57,2.49,0.0,0.05,9.03,13.84,0.01,0.1,9.14,3.43,0.11,0.0,9.3,6.24,8.39,2.57,15.11,1.68,0.0,1.99,0.0,0.61,8.05
2008,-999,-999,-999,0.32,4.83,36.79,27.3,3.6,0.0,0.03,0.02,1.51,0.02,1.99,0.0,0.0,6.95,0.0,4.42,0.01,0.0,0.0,0.0,0.0,0.09,0.63,1.23,0.77,0.18,1.96,0.0,0.06,7.84,5.87,0.01,0.01,9.18,3.74,0.11,0.0,4.76,0.54,0.14,14.91,13.84,0.27,0.0,2.51,0.0,0.02,1.74
2009,-999,-999,-999,0.17,1.28,40.28,30.4,1.22,0.0,0.11,0.16,1.23,0.02,2.5,0.0,0.0,4.73,0.0,6.41,0.01,0.0,0.0,0.01,0.03,0.03,2.38,0.29,0.12,0.09,0.4,0.0,0.05,7.95,6.99,0.01,0.0,12.51,4.85,0.01,0.0,0.68,0.37,0.07,26.12,12.0,0.03,0.0,2.61,0.0,0.02,0.16
2010,-999,-999,-999,3.24,11.02,45.18,23.07,2.04,0.5,1.91,0.74,3.81,0.05,0.92,0.38,0.21,11.58,2.92,9.45,0.11,6.1,0.0,0.01,0.0,2.42,7.05,0.93,0.93,0.23,1.32,0.16,1.6,10.91,6.71,0.5,0.05,19.17,1.46,0.39,0.0,5.23,1.91,1.7,13.96,10.76,4.6,0.0,0.5,0.0,0.12,1.33
2011,-999,-999,-999,2.03,19.29,40.43,21.99,3.92,0.5,1.54,0.51,7.87,0.55,0.68,1.21,0.55,31.34,1.03,25.1,0.48,4.41,0.0,0.0,0.32,9.44,4.81,0.95,2.01,0.08,2.97,0.74,1.24,26.26,3.07,0.32,0.2,51.8,0.43,1.0,1.0,6.86,2.71,1.44,60.12,12.5,1.01,0.0,0.36,0.02,0.08,1.99
2012,-999,-999,-999,3.07,18.97,45.79,27.22,9.32,0.0,3.08,0.0,2.93,4.09,2.46,8.74,6.74,30.69,9.18,4.13,0.01,4.48,0.0,0.58,0.2,16.52,3.59,2.78,3.27,1.25,15.31,0.0,0.86,13.95,8.03,0.08,1.91,34.06,3.1,0.51,0.0,5.41,9.13,5.7,25.35,10.06,4.44,0.0,1.87,1.19,0.94,6.46
2013,-999,-999,-999,0.05,1.53,46.3,27.15,3.38,0.0,0.03,0.0,0.08,0.66,3.65,0.09,0.0,10.62,0.0,2.03,0.01,0.0,0.0,0.0,0.09,0.69,0.12,0.32,0.02,0.12,3.74,0.0,0.17,9.92,11.26,0.01,0.01,10.43,2.92,0.01,0.0,0.03,1.34,0.09,16.55,6.13,0.07,0.0,1.23,0.0,0.02,0.7
2014,-999,-999,-999,0.0,0.39,37.99,28.47,2.03,0.0,0.03,0.03,0.39,0.01,2.94,0.01,0.01,7.48,0.0,0.0,0.01,0.0,0.0,0.01,0.0,1.05,0.09,0.15,0.08,0.01,1.54,0.0,0.06,9.26,6.69,0.01,0.01,6.04,2.67,0.01,0.0,1.12,0.81,0.03,11.6,4.76,0.05,0.0,3.81,0.0,0.02,0.92
2015,-999,-999,-999,0.07,2.62,46.08,27.5,1.1,0.0,0.03,0.08,0.08,0.02,4.1,0.01,0.0,6.32,0.0,5.69,0.01,0.0,0.0,0.01,0.0,0.14,2.08,1.72,1.2,1.04,1.14,0.0,0.12,7.94,6.7,0.01,0.01,7.77,6.83,0.01,0.0,3.84,1.52,0.08,13.37,11.76,0.05,0.0,5.28,0.0,0.02,0.87
2016,-999,-999,-999,0.15,1.35,45.38,25.77,1.95,0.5,0.03,0.12,0.67,0.03,1.76,0.04,0.0,5.88,0.0,1.02,0.01,0.39,0.0,0.01,0.0,0.22,0.47,1.03,0.26,0.08,2.12,0.0,0.12,16.4,8.61,0.05,0.01,10.15,3.05,0.11,0.0,3.39,2.88,0.14,16.05,13.64,0.35,0.0,0.69,0.0,0.02,3.67
2017,-999,-999,-999,0.01,0.44,45.89,30.84,2.35,0.0,0.03,0.06,0.02,0.05,3.52,0.08,0.0,7.64,0.48,0.25,0.01,0.0,0.0,0.01,0.0,0.75,0.11,2.66,0.21,1.18,3.11,0.0,0.05,9.9,14.01,0.01,0.01,4.16,5.89,0.05,0.0,0.3,5.17,0.02,10.77,15.06,0.21,0.0,1.7,0.0,0.02,1.56
2018,-999,-999,-999,0.04,2.73,51.22,29.41,3.02,0.0,0.03,0.0,0.02,0.21,3.72,0.01,0.0,4.89,0.0,3.3,0.27,0.0,0.0,0.01,0.21,0.75,0.14,1.88,0.17,1.08,1.09,0.0,0.36,13.59,17.62,0.01,0.01,7.37,4.05,0.15,0.0,1.47,1.46,0.08,22.96,15.51,0.05,0.0,2.68,0.0,0.02,1.67
2019,-999,-999,-999,5.99,0.74,36.54,24.05,2.71,0.0,0.03,0.15,1.36,0.02,0.69,0.01,0.01,5.75,0.23,4.35,0.01,0.77,0.0,0.01,0.0,0.01,0.02,0.04,0.54,0.03,0.85,0.0,0.29,15.97,6.42,0.01,0.01,7.46,1.09,0.14,0.0,3.57,0.28,0.32,20.72,14.16,0.3,0.0,0.75,0.0,0.02,0.73
2020,-999,-999,-999,0.0,0.11,60.9,37.89,3.84,0.0,0.11,0.09,0.18,0.09,2.76,0.01,0.0,4.18,0.0,1.23,0.07,0.77,0.0,0.01,0.09,0.04,0.02,1.13,0.12,0.31,1.78,0.0,0.06,16.83,15.64,0.01,0.01,5.06,3.61,0.01,0.0,0.23,1.63,0.04,22.48,22.28,0.8,0.0,2.84,0.0,0.02,2.38
2021,-999,-999,-999,0.0,0.97,40.78,35.51,4.4,0.0,0.11,0.05,0.0,0.33,5.89,0.01,0.05,9.99,0.0,0.84,0.14,0.3,0.0,0.01,0.44,0.13,0.05,5.23,0.03,3.9,3.14,0.0,0.41,8.79,24.17,0.01,0.01,4.72,8.8,0.11,0.0,0.1,6.03,0.05,6.62,21.82,0.16,0.0,6.34,0.07,0.05,5.1
2022,-999,-999,-999,0.84,11.08,43.55,36.4,6.25,0.0,0.03,0.37,1.79,0.29,4.65,0.15,0.07,21.12,1.07,6.47,0.21,0.0,0.0,0.01,0.17,4.42,2.15,3.65,0.24,0.73,8.04,0.0,1.42,13.49,21.19,0.01,0.01,29.14,8.09,0.01,0.0,1.42,5.13,0.79,39.69,13.6,0.11,0.0,4.31,0.01,0.02,5.02
2023,-999,-999,-999,2.55,8.53,57.4,24.9,3.97,0.0,0.03,1.41,0.82,0.65,2.15,0.3,0.17,15.09,0.16,26.5,0.01,0.39,0.0,0.01,0.39,4.01,11.52,1.61,0.32,0.07,6.27,0.0,0.06,21.99,8.29,0.01,0.01,18.92,4.03,0.01,0.0,0.62,3.15,0.21,55.08,11.96,0.12,0.0,2.97,0.35,0.04,1.04
2024,-999,-999,-999,2.35,3.63,61.6,42.92,5.17,0.0,0.03,0.87,1.68,0.05,4.59,0.13,0.07,11.71,0.45,6.51,0.01,3.68,0.0,0.01,0.0,0.31,1.59,2.91,0.72,0.65,3.53,0.0,0.49,18.71,17.07,0.01,0.04,17.36,7.61,0.25,0.0,2.61,2.46,1.25,25.07,18.38,0.71,0.0,4.79,0.0,0.31,4.52
