Year,AK,HI,PR,AL,AR,AZ,CA,CO,CT,DE,FL,GA,IA,ID,IL,IN,KS,KY,LA,MA,MD,ME,MI,MN,MO,MS,MT,NC,ND,NE,NH,NJ,NM,NV,NY,OH,OK,OR,PA,RI,SC,SD,TN,TX,UT,VA,VT,WA,WI,WV,WY
1900,-999.0,-999,-999,51.74,63.16,-999.0,-999.0,152.44,-999.0,-999.0,10.88,43.78,150.58,128.1,126.61,111.73,116.74,95.67,29.4,-999.0,-999.0,167.55,152.2,162.34,107.18,37.43,150.09,80.57,177.26,147.93,-999.0,115.08,-999.0,-999.0,148.42,130.53,-999.0,85.95,136.15,-999.0,46.41,159.72,77.22,43.77,158.7,105.38,-999.0,98.55,155.11,117.52,-999.0
1901,-999.0,-999,-999,66.85,57.21,-999.0,-999.0,167.17,-999.0,-999.0,14.66,59.09,153.23,137.54,137.05,126.22,128.6,102.7,32.85,-999.0,-999.0,168.01,163.61,173.7,114.52,48.99,174.02,93.31,189.89,153.37,-999.0,114.77,108.0,-999.0,155.73,132.34,-999.0,108.63,149.66,-999.0,69.18,170.59,86.29,54.71,165.13,127.48,-999.0,126.36,159.03,138.02,-999.0
1902,-999.0,-999,-999,59.65,70.22,-999.0,-999.0,162.72,-999.0,-999.0,6.67,50.14,135.02,153.37,113.68,108.49,116.78,94.26,32.71,-999.0,-999.0,155.97,147.14,174.54,103.41,48.32,182.55,78.44,197.25,145.09,-999.0,95.79,106.29,-999.0,144.15,118.66,-999.0,124.72,126.92,-999.0,56.88,172.02,75.19,35.8,163.59,104.15,-999.0,108.67,140.78,114.24,-999.0
1903,-999.0,-999,-999,59.54,74.92,-999.0,-999.0,174.68,-999.0,-999.0,9.3,51.74,143.83,167.24,125.82,123.09,130.6,101.7,31.45,-999.0,-999.0,172.66,154.21,177.21,115.96,50.17,177.38,81.53,195.28,157.5,-999.0,101.44,118.57,-999.0,145.17,121.58,94.0,111.43,129.18,-999.0,57.96,174.47,86.47,37.73,162.74,106.5,-999.0,110.4,151.48,128.65,-999.0
1904,-999.0,-999,-999,57.47,65.04,-999.0,-999.0,167.32,-999.0,-999.0,4.81,58.73,157.3,157.27,131.4,134.35,133.75,115.78,31.91,-999.0,-999.0,176.62,164.55,172.24,116.3,49.26,179.65,99.74,190.08,162.13,-999.0,131.37,106.84,-999.0,167.93,141.67,94.0,95.78,158.18,-999.0,61.17,174.07,87.4,44.42,155.69,129.5,-999.0,110.41,166.26,151.0,-999.0
1905,-999.0,-999,-999,55.0,71.5,-999.0,-999.0,155.16,-999.0,-999.0,7.67,48.43,147.9,156.47,130.77,122.82,123.05,103.23,34.14,-999.0,-999.0,173.84,162.46,175.66,111.55,47.85,177.85,82.68,196.67,157.4,-999.0,128.26,110.13,-999.0,158.19,136.46,89.0,100.54,143.97,-999.0,50.13,172.0,73.85,45.85,142.33,117.58,-999.0,117.11,165.55,127.91,-999.0
1906,-999.0,-999,-999,51.9,63.3,-999.0,-999.0,158.96,-999.0,-999.0,5.06,40.66,149.69,150.82,125.43,120.94,122.38,102.66,23.04,-999.0,-999.0,174.46,157.39,172.46,117.1,44.41,173.15,82.05,187.65,156.91,-999.0,107.03,132.07,-999.0,156.74,128.54,-999.0,97.98,146.02,-999.0,44.39,167.85,78.96,38.89,144.88,115.77,-999.0,101.52,159.52,132.1,-999.0
1907,-999.0,-999,-999,48.64,47.51,-999.0,-999.0,159.03,-999.0,-999.0,1.12,34.97,166.54,142.47,135.46,132.44,126.8,92.29,12.35,-999.0,-999.0,189.34,178.15,203.38,110.21,33.73,181.27,72.23,225.94,168.4,-999.0,120.43,138.17,-999.0,164.19,140.4,-999.0,98.28,150.93,-999.0,41.86,190.31,65.12,22.58,143.04,116.75,-999.0,110.72,184.33,132.84,-999.0
1908,-999.0,-999,-999,49.11,52.19,-999.0,-999.0,176.47,-999.0,-999.0,4.61,34.96,153.62,163.3,120.37,118.31,124.25,90.38,21.8,-999.0,-999.0,176.01,157.51,177.05,100.31,35.84,175.67,68.62,197.21,160.2,-999.0,120.24,144.7,-999.0,159.08,130.34,86.0,106.81,144.02,-999.0,40.79,176.42,66.91,30.12,171.16,115.38,-999.0,113.74,164.37,129.67,-999.0
1909,-999.0,-999,-999,47.73,57.62,-999.0,-999.0,179.48,-999.0,-999.0,7.79,39.57,155.36,163.09,120.24,116.09,129.56,93.9,32.86,-999.0,-999.0,164.73,163.79,185.83,100.41,42.01,190.76,74.44,202.21,168.33,-999.0,111.94,144.96,-999.0,156.96,128.58,99.0,104.61,142.0,-999.0,40.53,178.89,66.94,43.56,158.22,112.21,-999.0,113.11,171.71,132.42,-999.0
1910,-999.0,-999,-999,62.47,68.92,-999.0,-999.0,164.93,-999.0,108.0,10.61,56.76,144.43,153.01,130.75,126.55,126.09,106.51,34.97,-999.0,-999.0,171.86,152.52,169.92,115.19,49.99,162.73,94.14,187.02,148.31,-999.0,115.17,114.01,-999.0,149.17,139.04,92.52,82.2,144.65,-999.0,58.23,144.38,88.39,41.03,145.33,122.92,-999.0,98.27,154.68,140.01,-999.0
1911,-999.0,-999,-999,34.32,46.89,-999.0,-999.0,182.85,-999.0,102.0,4.45,31.98,155.39,181.91,124.41,114.79,127.74,87.96,23.35,-999.0,-999.0,187.32,158.84,179.89,104.31,29.72,187.7,67.98,188.79,161.89,-999.0,118.5,131.48,-999.0,161.77,128.2,80.91,124.42,143.7,-999.0,34.77,173.83,58.41,35.28,154.0,116.62,-999.0,131.64,163.77,117.38,-999.0
1912,-999.0,-999,-999,66.83,87.89,-999.0,-999.0,187.85,-999.0,98.0,5.55,51.2,153.68,176.49,135.28,129.8,140.94,116.51,43.24,-999.0,-999.0,179.75,158.19,183.39,125.47,60.0,184.44,88.81,193.93,163.85,-999.0,113.89,164.36,-999.0,153.45,133.66,101.3,100.79,139.19,-999.0,54.77,180.4,94.49,56.72,169.15,121.22,-999.0,114.47,163.75,138.65,-999.0
1913,-999.0,-999,-999,47.69,65.73,-999.0,-999.0,185.38,-999.0,77.0,1.76,30.39,138.65,170.3,113.9,106.58,123.3,84.85,21.84,-999.0,-999.0,154.24,139.37,180.14,102.72,39.52,188.65,59.52,198.92,153.15,-999.0,90.54,150.9,-999.0,134.21,115.49,88.84,104.63,125.01,-999.0,28.72,173.25,67.95,49.23,171.1,91.25,-999.0,120.63,157.01,120.97,-999.0
1914,-999.0,-999,-999,64.54,71.75,-999.0,-999.0,174.68,-999.0,100.0,5.77,50.32,142.32,143.06,119.58,119.29,125.31,107.04,34.72,-999.0,-999.0,180.9,149.26,169.54,106.51,54.64,174.16,88.76,185.67,152.4,-999.0,118.22,134.92,-999.0,157.03,129.59,97.76,106.33,141.23,-999.0,62.75,164.17,87.62,45.03,148.27,112.64,-999.0,93.64,156.04,133.93,-999.0
1915,-999.0,-999,-999,58.37,69.65,-999.0,-999.0,185.21,-999.0,115.0,6.01,45.31,142.04,142.48,127.16,123.61,127.8,106.99,33.21,-999.0,-999.0,170.69,150.86,165.38,111.45,44.92,166.13,93.51,181.98,151.64,-999.0,122.68,146.4,-999.0,157.01,135.57,99.68,106.58,147.94,-999.0,60.33,166.19,86.64,48.47,155.07,130.42,-999.0,95.7,153.86,138.13,-999.0
1916,-999.0,-999,-999,56.55,63.01,-999.0,-999.0,188.35,-999.0,-999.0,6.36,41.69,153.61,175.79,124.87,121.25,131.56,97.62,34.37,-999.0,-999.0,176.78,144.77,185.14,107.69,49.89,186.55,77.97,205.39,161.06,-999.0,116.4,141.03,-999.0,148.27,130.75,93.69,137.28,144.86,-999.0,46.86,187.62,80.65,43.61,157.26,115.74,-999.0,134.25,168.5,131.39,-999.0
1917,-999.0,-999,-999,62.6,71.83,-999.0,-999.0,194.43,-999.0,-999.0,9.78,49.26,161.15,159.02,134.43,132.63,140.05,107.44,39.34,-999.0,-999.0,184.67,169.74,198.95,117.26,53.3,186.09,82.96,211.07,170.87,-999.0,131.07,159.42,-999.0,171.81,150.67,101.92,109.9,164.25,-999.0,54.67,191.5,84.31,50.81,162.25,126.89,-999.0,105.33,184.25,134.63,-999.0
1918,-999.0,-999,-999,41.47,61.23,-999.0,-999.0,181.35,-999.0,-999.0,8.0,32.88,139.26,151.89,112.94,105.82,116.27,88.17,35.1,-999.0,-999.0,172.36,146.91,171.84,98.45,42.96,164.67,70.9,187.11,148.28,-999.0,109.15,132.69,-999.0,152.21,119.14,82.54,109.03,127.82,-999.0,36.31,163.1,73.78,48.03,149.24,107.48,-999.0,102.11,156.64,119.76,-999.0
1919,-999.0,-999,-999,49.39,60.18,-999.0,-999.0,185.75,-999.0,-999.0,4.83,32.0,145.85,170.54,123.7,112.67,131.83,95.01,23.17,-999.0,-999.0,168.08,148.9,177.47,111.45,38.81,182.86,76.69,196.86,158.53,-999.0,94.21,128.78,-999.0,153.63,127.2,98.3,119.52,138.55,-999.0,45.37,170.87,78.44,42.8,155.08,108.95,-999.0,118.66,158.12,116.41,-999.0
1920,-999.0,-999,-999,52.53,62.38,-999.0,-999.0,193.88,-999.0,99.0,7.81,42.68,142.6,167.12,127.98,114.99,132.47,95.84,28.37,-999.0,-999.0,167.76,147.21,172.8,113.31,45.82,180.31,85.28,190.42,162.23,-999.0,112.92,136.82,-999.0,153.2,127.7,89.54,117.1,139.1,-999.0,52.73,176.04,82.02,45.21,155.36,118.12,-999.0,119.26,158.86,128.25,-999.0
1921,-999.0,-999,-999,33.61,36.63,-999.0,-999.0,179.78,-999.0,83.0,0.6,17.31,138.55,155.84,102.75,92.62,117.49,66.78,12.46,-999.0,-999.0,156.76,130.28,169.86,91.74,21.66,174.09,58.26,189.29,146.65,-999.0,96.38,127.35,-999.0,140.53,110.37,72.0,91.85,124.15,-999.0,27.18,168.62,57.04,34.44,137.64,91.55,-999.0,107.82,154.81,97.46,-999.0
1922,-999.0,-999,-999,29.37,52.72,-999.0,-999.0,180.2,-999.0,96.0,2.44,24.5,133.03,178.38,110.52,103.62,121.42,77.36,16.15,-999.0,-999.0,171.14,150.04,160.02,101.17,25.39,177.43,57.12,185.77,148.03,-999.0,113.8,148.06,-999.0,152.48,120.91,55.71,128.93,140.76,-999.0,31.74,165.58,64.48,39.94,158.61,98.47,-999.0,134.94,149.42,118.51,-999.0
1923,-999.0,-999,-999,41.09,48.62,-999.0,-999.0,190.42,-999.0,96.0,1.85,24.84,156.43,168.2,123.57,109.67,129.05,84.71,16.99,-999.0,-999.0,166.65,163.6,180.09,109.51,28.32,177.95,58.67,191.54,161.7,-999.0,110.17,141.63,-999.0,162.23,134.35,66.0,108.7,149.18,-999.0,35.3,175.91,72.6,29.89,170.46,103.39,-999.0,111.95,169.6,126.59,-999.0
1924,-999.0,-999,-999,57.35,70.47,-999.0,-999.0,199.38,-999.0,103.0,3.48,44.44,147.91,159.65,128.88,123.27,134.78,105.71,31.83,-999.0,-999.0,173.27,157.53,176.77,112.69,48.7,181.2,86.85,195.51,158.37,-999.0,119.38,156.55,-999.0,161.08,134.27,94.0,107.54,151.48,-999.0,55.28,174.42,91.5,58.26,178.47,120.56,-999.0,113.01,165.08,130.49,-999.0
1925,-999.0,-999,-999,45.12,63.18,-999.0,-999.0,173.87,-999.0,95.0,3.76,29.62,160.56,146.52,135.52,122.43,127.13,91.87,19.17,-999.0,-999.0,175.95,163.75,188.32,112.33,38.61,171.98,66.42,190.75,153.22,-999.0,101.82,140.42,-999.0,154.11,140.06,90.23,77.71,146.97,-999.0,42.24,174.71,72.59,50.33,155.8,114.3,-999.0,86.06,174.64,113.8,-999.0
1926,-999.0,-999,-999,51.42,63.77,-999.0,-999.0,177.17,-999.0,117.0,5.1,41.08,163.43,150.59,137.99,129.97,132.19,103.78,20.57,-999.0,-999.0,182.86,173.17,188.65,115.44,42.59,171.29,85.55,192.92,162.09,-999.0,126.12,137.4,-999.0,171.97,143.93,85.84,89.63,157.74,-999.0,56.01,176.03,84.51,41.05,134.79,118.35,-999.0,93.29,179.12,132.55,-999.0
1927,-999.0,-999,-999,39.59,47.35,-999.0,-999.0,175.96,-999.0,84.0,7.02,32.11,133.71,153.17,103.89,95.23,115.92,73.77,17.22,-999.0,-999.0,169.55,146.82,171.62,95.25,30.6,182.17,55.44,186.48,146.34,-999.0,98.03,127.45,-999.0,151.76,107.62,78.0,105.31,126.66,-999.0,42.19,175.53,58.41,38.26,145.31,91.18,-999.0,102.29,152.55,108.08,-999.0
1928,-999.0,-999,-999,58.35,61.01,-999.0,-999.0,182.39,-999.0,100.0,8.96,38.91,150.17,159.41,124.32,118.45,119.55,96.6,23.12,-999.0,-999.0,182.99,148.83,181.08,105.94,43.67,188.46,80.15,202.6,155.75,-999.0,106.01,141.95,-999.0,160.08,128.34,74.47,99.69,138.59,-999.0,51.62,180.21,81.23,40.12,148.93,106.61,-999.0,103.68,159.3,127.42,-999.0
1929,-999.0,-999,-999,44.58,71.8,-999.0,-999.0,187.25,-999.0,88.0,4.36,37.14,148.59,174.47,114.93,109.31,130.96,88.5,28.29,-999.0,-999.0,174.71,157.57,184.33,106.79,45.02,188.55,67.62,193.71,155.03,-999.0,104.4,155.72,-999.0,154.28,117.97,96.23,131.04,134.49,-999.0,45.64,172.38,71.66,53.24,167.14,97.58,-999.0,123.69,160.82,110.56,-999.0
1930,209.06,-999,-999,52.38,61.65,120.1,64.16,176.06,-999.0,91.0,3.3,40.07,142.26,157.43,125.33,114.71,126.06,92.87,24.68,-999.0,-999.0,172.92,152.13,175.36,111.59,42.96,171.45,80.31,185.56,148.56,-999.0,106.12,156.76,-999.0,148.57,126.32,82.24,119.69,136.88,-999.0,54.25,168.05,81.17,45.94,155.56,114.91,-999.0,109.81,157.46,123.45,-999.0
1931,196.24,-999,-999,38.16,37.42,113.39,57.28,175.41,-999.0,77.0,2.69,27.97,134.02,162.13,99.69,94.25,113.99,65.34,8.81,-999.0,-999.0,153.18,144.75,164.16,86.66,22.2,169.91,67.48,179.0,146.47,-999.0,94.65,138.79,-999.0,139.59,112.27,58.31,108.41,126.83,-999.0,45.99,169.65,62.27,27.6,150.15,91.32,-999.0,108.4,144.82,96.89,-999.0
1932,195.14,-999,-999,42.47,58.78,115.18,72.56,186.36,-999.0,77.0,3.42,27.49,155.78,154.67,120.44,106.43,130.48,79.28,20.07,-999.0,-999.0,167.67,153.38,181.51,109.71,34.76,169.02,56.51,188.22,155.05,-999.0,96.55,144.66,-999.0,157.42,117.31,81.85,102.39,133.91,-999.0,34.72,170.27,68.74,48.91,159.93,91.29,-999.0,96.49,168.66,109.99,-999.0
1933,215.06,-999,-999,33.74,38.44,118.59,75.33,168.91,-999.0,85.0,1.24,25.92,152.26,160.53,115.7,103.19,113.48,75.04,10.23,-999.0,-999.0,181.83,157.22,185.99,93.67,24.76,169.5,58.38,192.75,148.28,-999.0,100.45,143.82,-999.0,159.61,116.31,65.01,108.94,132.44,-999.0,40.94,170.64,59.59,26.71,166.09,93.06,-999.0,98.73,168.38,113.33,-999.0
1934,194.7,-999,-999,45.8,58.25,86.63,44.39,166.88,-999.0,101.0,6.53,43.97,142.42,126.56,123.06,116.34,117.35,95.7,15.89,-999.0,-999.0,173.65,155.6,175.76,110.02,37.88,156.41,83.49,184.86,147.65,-999.0,106.29,132.19,-999.0,159.1,131.15,76.08,69.76,142.41,-999.0,61.1,166.1,78.67,35.38,131.55,114.75,-999.0,69.57,155.06,129.31,-999.0
1935,209.62,-999,-999,48.37,53.83,100.18,63.01,180.12,-999.0,87.0,8.22,47.05,145.81,175.72,112.2,103.2,114.01,83.08,21.84,-999.0,-999.0,180.72,158.6,183.75,96.46,41.34,181.49,68.94,195.51,155.59,-999.0,94.69,135.26,-999.0,156.25,114.76,66.31,134.02,132.91,-999.0,54.76,179.26,69.09,32.14,155.79,100.23,-999.0,119.42,164.2,111.59,-999.0
1936,193.36,-999,-999,42.71,66.87,101.55,55.6,173.39,-999.0,102.0,4.22,39.03,156.89,168.93,134.7,124.87,136.04,101.62,27.12,-999.0,-999.0,174.8,163.03,189.71,118.23,46.04,169.81,73.28,198.11,160.83,-999.0,107.08,133.32,-999.0,158.61,136.26,86.31,121.61,141.45,-999.0,49.66,174.39,81.49,50.1,152.61,109.73,-999.0,112.62,171.77,124.0,-999.0
1937,196.87,-999,-999,45.6,64.51,106.16,65.03,181.63,-999.0,89.0,3.55,36.41,156.76,151.31,134.87,124.01,131.79,93.45,19.12,-999.0,-999.0,171.97,161.51,178.71,123.52,39.34,173.83,66.73,187.27,151.58,-999.0,108.43,145.27,-999.0,158.76,133.41,96.3,106.56,140.39,-999.0,44.76,172.1,70.82,49.11,150.31,105.73,-999.0,96.61,170.77,118.5,-999.0
1938,185.81,-999,-999,43.19,53.25,95.93,55.52,173.0,-999.0,83.0,5.0,34.38,138.74,145.46,109.21,102.69,113.5,76.06,17.76,-999.0,-999.0,163.95,139.63,167.21,95.8,36.58,167.19,60.09,175.28,137.99,-999.0,100.23,137.44,-999.0,147.37,117.62,72.01,115.57,132.58,-999.0,39.56,158.74,62.55,39.14,145.07,98.31,-999.0,101.95,146.48,112.01,-999.0
1939,202.2,-999,-999,41.61,51.84,102.56,56.71,178.93,-999.0,91.0,3.23,33.46,147.66,150.58,123.76,111.09,120.56,91.79,12.7,-999.0,-999.0,189.56,164.26,184.64,103.24,33.35,162.07,71.3,190.72,147.77,-999.0,110.67,149.31,-999.0,165.25,130.38,74.62,110.23,145.13,-999.0,48.51,171.7,70.65,37.75,139.91,110.19,-999.0,92.96,170.18,124.89,-999.0
1940,192.16,-999,-999,60.49,68.39,85.98,43.64,168.58,-999.0,106.0,10.51,52.69,147.11,128.9,127.15,113.3,123.86,96.49,32.36,-999.0,-999.0,179.38,162.39,178.86,118.74,51.41,159.19,84.85,180.34,148.04,-999.0,119.76,145.54,-999.0,167.19,134.64,84.31,92.41,147.09,-999.0,62.35,172.22,81.96,49.92,131.89,114.77,-999.0,85.27,165.87,130.24,-999.0
1941,188.4,-999,-999,61.16,61.13,80.33,45.7,175.43,-999.0,96.0,4.3,48.61,133.88,139.7,114.74,113.43,117.91,96.63,14.7,-999.0,-999.0,165.38,147.76,164.36,105.08,44.31,171.23,91.95,182.2,141.82,-999.0,118.43,139.42,-999.0,157.08,123.78,71.16,97.33,138.96,-999.0,63.87,163.25,82.08,30.14,142.76,111.95,-999.0,88.5,149.65,134.81,-999.0
1942,191.47,-999,-999,56.52,61.14,95.63,60.71,185.72,-999.0,89.0,7.14,45.68,148.58,164.99,120.28,113.71,125.34,98.75,24.33,-999.0,-999.0,168.41,162.5,182.53,112.37,47.3,175.9,82.18,189.09,153.68,-999.0,107.46,151.12,-999.0,155.37,124.95,81.78,105.01,133.9,-999.0,56.23,174.53,83.51,47.72,159.21,111.33,-999.0,104.76,166.57,125.5,-999.0
1943,193.21,-999,-999,61.97,66.52,85.77,52.5,178.68,-999.0,105.0,8.17,45.72,155.46,158.34,133.11,125.05,134.82,100.48,25.99,-999.0,-999.0,182.67,171.47,188.85,123.25,53.5,171.55,87.58,194.03,154.79,-999.0,126.85,143.36,-999.0,167.28,138.54,86.77,115.38,146.39,-999.0,61.24,180.14,88.8,52.76,141.07,118.88,-999.0,109.84,173.14,137.94,-999.0
1944,190.65,-999,-999,51.2,56.13,96.93,58.52,191.29,-999.0,101.0,4.47,37.83,144.02,166.52,120.34,116.63,126.05,94.7,22.32,-999.0,-999.0,183.38,165.17,176.19,106.17,39.04,174.7,83.2,187.01,156.78,-999.0,118.08,153.63,-999.0,170.16,133.32,71.47,120.18,138.34,-999.0,53.14,174.53,74.26,42.95,150.91,124.33,-999.0,109.59,163.8,137.99,-999.0
1945,201.97,-999,-999,49.94,56.37,113.01,57.68,184.57,-999.0,92.0,4.04,36.21,138.9,163.72,113.5,110.86,126.7,93.49,18.52,-999.0,-999.0,169.0,152.38,188.06,108.07,38.08,184.9,64.26,203.78,152.33,-999.0,103.63,153.16,-999.0,143.77,120.81,83.7,99.07,131.01,-999.0,44.98,179.91,68.62,38.99,152.57,104.31,-999.0,98.52,159.73,122.4,-999.0
1946,208.13,-999,-999,42.3,42.02,102.76,62.09,180.52,-999.0,76.0,1.24,26.58,123.59,159.47,96.38,92.84,102.02,75.74,11.83,-999.0,-999.0,179.91,137.38,166.75,82.95,30.75,178.88,58.56,188.45,138.59,-999.0,95.68,113.25,-999.0,146.43,108.52,59.86,98.58,118.74,-999.0,35.96,165.47,59.19,31.87,149.06,91.96,-999.0,107.99,142.18,109.15,-999.0
1947,199.03,-999,-999,60.34,71.03,107.4,62.48,184.46,-999.0,84.0,5.76,40.34,148.9,148.05,126.5,123.2,129.33,113.8,28.1,-999.0,-999.0,188.75,167.0,178.95,115.35,48.23,167.85,83.67,190.74,156.17,-999.0,122.97,150.24,-999.0,167.43,133.02,-999.0,92.06,147.25,-999.0,49.95,172.56,93.15,48.55,146.99,117.21,-999.0,90.33,162.81,133.18,-999.0
1948,218.95,-999,-999,49.02,72.83,106.11,72.74,185.68,-999.0,91.0,2.19,34.66,139.12,168.81,114.65,104.09,130.47,95.25,33.97,-999.0,-999.0,177.1,143.35,174.03,109.42,50.09,185.55,66.84,179.93,154.66,-999.0,110.65,139.18,-999.0,142.6,116.87,87.61,122.54,129.0,-999.0,43.6,171.91,72.77,55.15,164.9,96.84,-999.0,112.32,155.73,116.25,-999.0
1949,201.62,-999,-999,45.49,56.63,102.76,73.9,184.67,-999.0,64.0,1.2,31.46,147.0,164.24,119.14,107.45,123.48,88.66,12.82,-999.0,-999.0,170.36,152.08,172.94,111.58,34.15,176.39,56.45,184.37,151.7,-999.0,94.37,116.88,-999.0,150.34,110.18,83.31,121.48,127.56,-999.0,36.73,170.6,67.93,41.84,153.22,85.67,-999.0,121.31,160.31,106.34,-999.0
1950,199.09,-999,-999,61.14,70.55,93.83,54.79,189.82,141.93,92.0,5.96,40.72,159.98,155.5,130.62,125.41,135.41,110.06,21.8,133.12,99.38,177.28,158.94,184.76,121.67,46.19,183.06,75.36,192.76,163.74,175.92,105.23,113.77,151.45,155.06,126.61,95.85,93.78,142.29,127.02,51.56,181.67,83.21,47.87,148.29,103.4,167.39,104.67,171.15,119.66,204.73
1951,203.55,-999,-999,57.19,66.7,98.01,61.26,197.95,128.35,88.0,5.35,42.25,156.36,171.44,128.95,123.17,140.68,101.21,30.3,123.8,98.65,165.64,152.57,181.62,116.86,48.66,191.45,80.27,195.86,166.51,169.62,103.01,143.17,161.89,152.63,130.45,89.01,109.22,132.33,109.33,50.17,187.13,77.3,54.9,154.31,105.74,156.72,117.87,164.6,120.63,209.2
1952,206.3,-999,-999,50.49,62.88,100.65,63.87,190.12,134.12,81.0,3.82,30.48,161.5,169.59,130.3,118.07,137.64,92.49,15.61,131.3,93.16,179.69,157.15,184.2,113.73,39.24,178.49,75.74,191.15,165.8,179.38,103.14,134.9,162.99,151.38,128.37,80.93,119.46,134.47,127.37,44.98,181.81,72.11,42.22,156.69,104.99,161.8,115.06,174.5,121.28,200.26
1953,197.41,-999,-999,56.27,53.76,97.29,57.44,186.52,109.63,61.0,1.59,31.59,144.81,145.47,116.38,113.28,122.89,91.23,18.39,113.22,85.93,155.01,139.08,171.65,105.65,35.39,169.19,69.8,182.97,154.06,165.22,98.47,119.18,161.34,136.11,119.62,67.55,90.64,118.31,107.95,46.21,171.0,75.48,37.72,153.18,100.57,142.16,76.18,159.95,121.67,197.26
1954,203.15,-999,-999,71.48,57.87,83.51,59.47,171.84,130.12,92.0,5.46,44.85,141.63,160.7,121.74,128.37,119.11,94.94,22.64,132.67,102.85,167.63,156.23,178.12,99.01,45.27,173.16,86.88,192.85,148.77,171.28,113.13,130.13,161.85,154.5,133.66,77.54,119.26,138.67,123.69,60.84,169.53,86.16,39.36,141.9,112.86,161.9,106.57,164.07,124.4,194.94
1955,216.51,-999,-999,70.49,75.35,98.75,70.16,185.09,132.14,98.0,6.5,47.49,147.02,176.69,121.93,120.95,132.39,103.12,29.5,135.66,107.34,171.61,152.34,170.61,110.62,51.04,186.83,86.27,178.98,156.32,177.38,111.05,121.61,172.75,155.85,125.75,97.31,119.03,135.44,125.15,55.92,165.78,86.33,53.38,169.05,114.09,160.43,117.75,157.1,125.79,200.18
1956,212.82,-999,-999,60.89,57.42,98.78,67.14,183.83,146.37,78.0,6.38,41.62,154.7,168.05,127.43,121.89,134.13,90.13,25.75,151.27,93.25,195.53,164.69,183.43,112.54,41.0,179.58,74.57,195.74,161.5,197.91,110.12,128.36,164.92,171.01,129.18,94.16,115.05,141.78,136.48,50.2,176.47,72.68,49.03,150.34,103.45,182.08,92.81,169.98,121.79,196.81
1957,196.68,-999,-999,48.5,49.57,73.02,56.67,177.66,131.57,83.0,5.1,30.8,149.87,159.46,119.79,121.66,121.1,94.84,15.27,135.11,94.88,168.05,154.91,174.55,104.96,33.06,177.86,63.76,187.92,150.86,173.61,109.96,115.98,156.26,158.25,129.87,75.77,106.9,144.46,124.42,37.85,165.98,67.51,35.22,133.11,97.28,159.95,100.91,166.85,119.05,193.81
1958,201.14,-999,-999,77.35,76.08,77.68,46.39,184.25,133.75,102.0,12.74,57.94,150.46,147.39,127.12,130.31,130.41,108.73,32.72,135.83,108.16,175.33,157.35,170.95,113.8,59.96,165.09,88.02,185.46,155.39,178.96,108.14,137.48,158.77,164.83,130.62,88.85,87.0,145.36,119.44,69.07,165.93,95.09,54.01,140.08,116.47,169.87,83.31,163.99,131.17,192.9
1959,206.92,-999,-999,60.6,67.27,84.43,55.18,191.25,142.36,87.0,7.14,43.16,153.34,165.36,123.8,127.54,130.79,99.57,31.98,138.88,101.66,179.28,158.53,183.4,112.03,49.66,183.1,79.22,198.86,159.41,177.18,113.84,137.72,166.66,164.76,131.42,92.77,112.52,142.58,125.18,44.54,182.5,84.11,54.65,151.05,116.74,164.97,104.63,166.94,127.95,205.02
1960,198.67,-999,-999,79.66,84.2,97.14,59.35,183.1,137.67,106.0,7.6,63.19,153.26,166.41,130.17,134.33,132.7,120.21,31.15,140.91,115.92,178.12,149.23,179.94,125.84,66.17,178.57,103.09,193.3,156.28,174.6,124.48,139.84,163.2,155.62,136.31,99.39,112.55,143.69,135.99,72.34,172.72,109.08,55.53,147.96,127.63,160.35,106.75,163.76,137.37,193.08
1961,205.52,-999,-999,64.61,58.41,93.46,60.43,179.79,141.82,94.0,4.18,47.14,156.65,167.73,120.59,125.38,132.05,92.64,26.68,144.67,99.38,172.69,154.13,184.28,109.75,46.28,178.86,83.6,197.73,163.09,176.52,109.21,138.91,167.56,160.81,131.41,83.16,101.71,129.57,129.02,56.62,180.18,77.16,46.65,158.39,108.86,165.2,91.9,170.22,123.52,198.29
1962,208.85,-999,-999,67.77,57.89,87.69,59.92,178.57,147.49,111.0,7.49,47.86,153.84,148.94,130.34,136.8,120.1,102.4,26.52,154.23,112.24,182.03,159.14,171.92,112.66,48.09,157.06,91.71,179.37,150.4,185.94,121.62,127.06,160.25,173.0,140.48,82.46,106.83,149.97,136.45,58.31,165.65,87.11,47.99,143.59,119.01,176.78,89.31,165.1,135.48,182.59
1963,197.57,-999,-999,82.59,77.6,88.66,58.7,163.44,138.11,102.0,5.42,70.27,135.74,147.05,121.76,131.4,120.83,111.87,47.68,144.82,110.75,181.85,151.15,161.98,112.27,68.14,154.79,92.26,175.74,141.92,181.35,118.22,123.86,147.31,159.69,135.57,91.7,93.67,145.93,131.94,77.83,157.5,100.51,60.76,141.3,121.57,168.28,92.47,154.88,138.63,180.91
1964,211.91,-999,-999,64.02,66.87,111.53,69.47,188.88,135.25,89.0,3.61,52.43,145.3,178.08,126.43,131.91,131.13,98.52,30.66,145.49,103.18,189.53,147.67,170.35,115.03,52.82,182.62,82.78,186.81,162.39,184.51,117.5,142.63,169.1,162.68,127.77,94.39,124.54,137.96,128.56,55.14,173.82,89.56,55.6,161.62,117.16,168.42,108.79,163.36,135.36,204.38
1965,209.89,-999,-999,62.87,57.12,90.3,58.65,174.52,138.85,95.0,4.22,56.9,144.36,164.56,115.75,122.44,119.31,96.44,27.36,160.45,103.55,195.62,155.06,177.86,103.0,50.69,185.09,86.42,196.87,152.02,191.36,113.74,133.8,165.11,163.07,129.88,82.31,113.57,140.8,141.51,62.02,172.34,87.01,45.42,148.76,109.64,175.32,96.18,165.55,124.06,201.82
1966,215.54,-999,-999,58.84,68.4,96.48,58.8,180.47,136.88,93.0,7.37,59.16,153.42,164.5,127.58,130.6,133.22,100.3,32.79,147.4,109.91,181.3,163.35,187.32,114.25,53.45,179.74,94.44,195.18,164.4,180.56,118.61,133.02,157.14,165.97,134.76,89.23,98.71,151.9,127.66,64.67,180.35,93.59,56.9,149.1,124.41,168.71,91.71,175.29,137.58,202.26
1967,207.75,-999,-999,54.43,65.12,99.95,65.6,177.49,140.2,98.0,2.95,55.32,150.04,164.53,116.22,121.57,122.87,93.53,29.96,152.37,105.15,193.44,157.87,186.51,104.33,57.48,173.31,84.85,198.19,162.43,190.76,121.27,136.94,166.13,164.04,128.1,80.0,96.44,131.1,140.92,54.92,175.97,87.27,48.33,151.18,115.03,173.57,94.73,172.83,124.89,193.33
1968,213.19,-999,-999,89.96,77.32,98.17,60.55,191.33,126.82,95.0,10.19,84.86,145.48,166.72,121.73,120.78,123.8,104.03,39.16,133.45,104.24,175.91,144.71,169.86,114.28,71.62,179.79,101.73,186.87,154.69,174.68,112.53,143.54,164.85,152.47,125.43,88.23,99.75,130.17,114.74,84.42,172.18,102.9,56.12,150.97,121.72,158.31,97.33,156.48,130.79,212.77
1969,196.49,-999,-999,79.88,67.86,90.56,58.96,179.73,140.82,109.0,2.75,71.81,152.59,170.38,135.6,135.55,132.0,110.68,26.56,143.42,116.58,182.98,155.68,175.0,118.87,60.37,181.51,98.88,189.13,159.78,176.01,117.07,139.09,163.0,165.78,141.77,86.54,116.35,148.19,141.08,80.1,175.27,99.6,43.73,147.18,120.15,165.49,107.34,169.53,140.35,199.76
1970,203.71,-999,-999,70.48,64.44,103.61,54.81,192.71,138.61,93.0,9.5,60.32,148.92,168.68,122.96,122.98,138.03,102.55,33.58,144.24,101.92,164.94,150.56,182.81,114.41,56.73,194.9,83.88,200.73,173.26,171.06,113.68,159.39,169.15,157.82,126.27,93.24,114.52,133.97,140.16,68.86,186.11,86.36,52.41,158.27,109.74,160.67,121.87,161.53,118.93,217.99
1971,214.0,-999,-999,62.17,57.03,105.34,71.42,182.72,129.72,77.0,5.86,51.68,146.05,163.52,121.33,121.28,127.34,97.43,22.34,152.03,93.61,183.84,154.08,178.75,108.99,43.53,180.24,79.29,184.76,153.95,181.39,102.46,147.4,173.05,161.95,134.15,86.39,117.47,138.63,135.51,59.05,171.52,82.73,41.16,158.25,112.23,162.38,113.29,163.42,121.37,204.99
1972,222.52,-999,-999,52.0,61.65,94.27,63.72,165.77,149.28,79.0,2.63,43.7,153.22,153.84,128.58,125.73,126.11,94.27,23.85,155.85,89.43,208.18,167.23,180.58,110.18,43.91,179.3,72.29,194.63,155.55,196.23,110.79,139.32,153.28,169.87,133.97,93.0,104.29,143.78,138.97,44.24,174.42,78.57,55.02,144.04,108.19,179.84,104.05,171.77,119.35,194.35
1973,207.74,-999,-999,61.96,50.12,96.3,49.77,177.67,113.15,76.0,10.16,51.42,122.39,162.01,96.96,103.55,113.91,85.42,26.02,123.53,86.62,184.15,131.12,168.37,89.67,45.97,178.2,79.4,186.5,145.0,174.49,91.02,151.19,158.93,136.64,107.29,69.84,97.16,108.67,104.49,59.32,161.43,74.84,47.41,155.3,102.56,145.89,99.73,149.79,107.72,201.79
1974,198.66,-999,-999,55.79,51.71,93.54,57.03,173.31,139.39,85.0,7.04,42.3,144.98,158.85,115.14,117.31,117.43,95.13,18.68,147.91,92.21,205.03,158.97,184.22,96.79,45.06,169.58,72.49,193.43,148.34,192.58,114.14,151.67,154.71,166.32,128.31,74.01,101.01,150.73,129.5,46.48,171.31,77.52,44.49,146.52,106.87,166.48,94.0,174.43,120.72,204.42
1975,205.28,-999,-999,62.02,65.63,106.23,68.47,194.03,129.89,86.0,6.89,46.04,152.11,170.97,123.62,121.01,135.98,97.81,26.09,141.32,94.69,182.66,151.42,170.91,113.23,48.64,184.11,80.64,181.65,158.45,176.95,103.79,166.28,167.72,156.66,129.76,88.0,112.96,139.21,122.07,56.62,169.08,83.49,49.77,169.71,113.04,155.88,118.2,165.3,124.57,209.64
1976,201.83,-999,-999,83.9,72.42,97.62,67.76,191.03,141.78,102.0,11.18,61.94,158.84,176.09,138.67,140.52,136.98,125.13,34.05,147.85,112.34,185.01,173.37,185.71,118.79,61.76,174.24,99.96,196.23,159.32,190.84,122.71,153.22,163.47,171.67,140.37,85.16,117.21,150.24,143.97,73.4,174.88,104.02,53.34,156.53,129.1,167.95,111.61,184.7,146.46,201.53
1977,196.14,-999,-999,74.49,69.37,92.31,52.71,182.14,126.33,84.0,17.98,67.68,129.86,161.71,114.39,113.98,121.37,101.52,35.31,132.54,96.5,175.73,146.65,153.28,100.87,59.05,167.89,90.3,173.76,144.23,175.43,105.44,150.88,157.83,153.7,121.77,81.47,108.18,134.45,119.5,72.89,158.62,95.19,46.6,143.78,110.29,151.55,111.96,151.04,128.96,186.96
1978,202.59,-999,-999,81.31,85.88,74.86,51.99,175.93,136.93,97.0,11.47,63.55,148.61,155.51,129.67,126.12,131.55,109.93,43.75,155.44,109.78,203.3,167.25,171.38,117.52,68.89,174.0,92.57,178.36,151.06,200.69,119.85,132.49,150.92,170.65,134.3,106.0,106.79,148.79,145.84,68.97,164.05,100.95,63.14,132.74,127.09,172.18,107.54,171.09,131.21,194.42
1979,188.61,-999,-999,74.04,82.3,93.23,54.45,180.56,118.89,68.0,9.61,58.22,153.86,158.84,127.25,125.57,133.6,105.65,38.63,120.33,98.02,176.08,153.82,185.08,123.05,65.29,180.25,89.86,196.49,162.97,167.46,98.2,148.08,153.45,146.62,126.32,93.77,95.28,130.23,112.71,59.09,181.34,98.76,59.89,152.31,113.12,149.13,106.5,168.13,134.1,200.73
1980,207.35,-999,-999,68.66,75.66,82.01,45.98,183.67,138.61,97.0,8.38,58.06,153.73,150.84,130.68,130.16,130.68,106.19,34.1,150.52,104.52,194.24,162.14,178.53,116.94,57.15,158.67,93.1,186.21,154.55,185.27,115.5,152.53,144.79,164.68,135.87,84.24,92.42,138.55,137.54,64.0,171.01,95.25,50.53,144.49,113.48,163.71,102.97,175.21,140.07,189.4
1981,199.85,-999,-999,66.69,68.12,76.67,41.96,159.13,128.83,88.0,17.22,66.32,134.34,156.26,120.91,125.42,111.78,106.39,29.44,140.51,104.57,180.87,160.71,166.78,104.86,55.85,164.9,105.99,179.2,140.13,172.07,112.04,141.07,149.56,148.49,131.59,65.24,85.25,142.55,128.37,74.49,161.39,96.16,36.58,135.58,123.99,157.22,99.09,164.29,152.72,185.3
1982,209.7,-999,-999,50.17,63.59,78.68,61.03,178.27,133.58,79.0,6.21,48.09,141.18,165.89,119.18,116.09,128.68,98.75,24.04,142.13,98.65,189.58,150.59,166.89,111.39,49.83,182.03,80.53,178.42,156.34,172.37,111.17,143.68,163.37,145.88,122.23,80.16,119.95,139.2,121.85,44.63,167.86,84.49,46.95,152.97,114.57,154.52,116.83,159.58,128.32,198.0
1983,205.35,-999,-999,59.15,65.98,77.81,44.33,174.13,121.85,74.0,8.09,59.86,146.34,143.0,116.05,112.56,126.22,98.01,26.87,130.4,88.48,170.05,155.07,174.94,106.45,51.13,175.84,86.8,184.46,154.28,165.75,98.09,144.72,137.8,152.51,120.37,68.4,82.22,131.85,106.38,56.96,175.36,86.24,50.61,139.29,115.03,158.08,89.35,164.55,133.19,194.64
1984,201.55,-999,-999,54.23,63.38,86.17,56.63,187.08,124.7,84.0,5.6,55.86,150.58,174.45,118.5,112.41,129.83,93.46,26.34,136.27,93.92,179.88,152.47,174.99,106.72,52.11,183.21,81.42,184.94,163.21,171.19,99.11,152.19,163.4,149.89,122.06,72.32,100.73,136.22,116.01,54.23,175.26,84.32,44.23,163.96,103.18,151.46,101.93,159.15,116.05,208.98
1985,213.02,-999,-999,67.43,70.47,78.65,65.7,172.85,128.59,88.0,13.15,58.59,143.2,176.43,116.29,107.25,125.17,93.38,38.65,140.2,97.1,179.71,146.79,169.75,107.07,63.61,180.4,79.65,180.62,157.45,172.88,103.84,138.94,166.18,147.14,114.69,87.23,142.46,132.31,125.5,61.0,166.78,85.56,53.8,143.36,102.32,149.54,129.64,153.13,108.12,204.61
1986,207.85,-999,-999,53.84,57.31,83.14,38.28,154.98,136.65,84.0,4.38,43.79,138.06,142.46,114.14,105.62,114.66,85.56,22.97,143.94,99.16,187.8,152.84,165.25,102.98,49.0,161.47,77.61,175.65,145.16,176.49,108.8,134.51,147.96,152.45,118.25,63.31,88.71,136.45,135.48,49.88,152.65,76.18,34.91,127.44,109.5,157.41,89.46,157.81,114.53,187.01
1987,186.76,-999,-999,63.88,58.53,91.53,53.96,159.19,122.3,71.0,5.81,49.56,136.09,151.23,118.32,116.1,112.19,99.95,26.03,145.66,101.89,177.94,149.0,162.15,103.55,52.02,159.96,92.53,173.47,148.56,181.88,113.87,155.09,141.53,147.62,126.8,69.24,93.21,146.19,130.88,61.3,164.72,78.26,43.23,136.27,123.94,149.5,96.1,156.35,135.52,188.44
1988,199.66,-999,-999,69.92,69.58,93.27,54.12,168.56,135.11,90.0,9.01,63.2,157.04,149.83,137.76,128.72,124.93,109.13,33.77,141.01,111.52,170.49,154.5,179.79,122.83,60.72,158.31,99.46,190.13,160.82,180.09,110.34,152.26,150.51,157.31,140.64,91.08,98.88,150.76,129.91,68.12,170.8,94.39,53.78,142.28,134.59,155.13,90.81,170.88,142.06,192.31
1989,191.36,-999,-999,56.69,70.08,88.84,61.35,174.71,131.17,88.0,8.23,49.41,159.75,154.27,135.67,126.14,129.34,106.86,37.12,142.78,106.39,177.55,165.47,184.81,120.02,56.34,169.71,83.1,189.75,159.98,178.87,126.75,144.7,144.37,158.18,133.84,81.17,103.56,151.66,134.97,53.67,172.11,87.88,53.17,136.66,129.42,165.66,90.23,169.33,133.77,185.33
1990,197.18,-999,-999,54.87,43.1,95.28,60.22,169.14,115.83,65.0,0.81,34.38,147.04,151.17,119.73,108.3,114.12,83.72,15.09,121.0,85.19,165.96,153.19,179.88,103.76,33.57,171.59,61.41,196.11,156.15,159.87,90.9,145.23,145.6,135.96,113.31,67.31,96.58,124.24,111.57,29.13,176.21,63.54,33.72,132.61,100.26,153.31,90.02,163.91,116.65,193.02
1991,185.08,-999,-999,64.63,56.36,92.95,51.92,172.44,114.99,79.0,3.07,39.84,146.67,155.67,116.78,112.34,123.03,93.63,20.95,122.85,92.44,174.39,148.66,174.64,105.92,47.46,171.47,67.87,187.66,153.26,166.95,98.02,148.09,159.59,143.98,122.18,75.92,98.39,133.69,112.36,41.97,175.12,72.64,36.79,150.58,109.99,151.56,97.1,165.14,127.99,197.52
1992,213.37,-999,-999,59.84,52.02,83.8,43.99,162.22,135.01,81.0,3.66,43.65,142.72,141.25,110.99,107.14,111.16,93.76,18.47,146.68,92.75,193.68,164.34,177.73,101.11,37.21,171.33,79.76,186.24,147.75,185.55,107.32,145.91,139.09,151.83,120.12,58.54,83.14,132.77,125.93,51.31,174.33,76.5,29.64,134.44,103.24,167.0,77.81,167.27,131.72,184.97
1993,181.22,-999,-999,61.8,70.25,86.01,51.76,170.73,127.25,86.0,4.42,47.01,153.27,159.6,123.4,121.14,134.58,106.56,25.31,137.22,101.86,183.4,165.27,178.19,113.65,48.94,170.35,87.16,194.02,156.82,179.7,109.82,157.03,145.7,163.01,127.44,94.07,113.76,136.67,129.56,52.91,174.06,88.83,44.84,141.83,119.71,167.65,105.89,171.44,133.88,194.99
1994,190.06,-999,-999,50.82,56.52,92.88,55.52,171.01,122.67,90.0,2.05,37.08,140.56,148.45,115.32,111.37,124.66,88.87,26.71,132.6,95.09,174.42,153.09,163.1,100.29,42.08,167.02,71.84,177.2,152.1,172.5,111.1,141.87,148.8,156.15,125.31,80.23,100.08,141.37,121.88,39.85,163.12,74.57,37.31,135.85,121.47,155.68,85.04,154.69,141.57,186.34
1995,176.21,-999,-999,67.01,63.24,93.57,34.14,181.64,125.7,86.0,5.89,51.78,146.93,136.23,126.07,119.98,124.08,101.09,26.16,134.14,100.16,186.6,160.26,173.8,110.9,51.81,167.9,87.21,188.62,156.35,174.76,114.96,149.95,136.24,152.12,135.56,75.23,79.47,142.48,124.58,56.98,170.85,86.92,37.41,131.5,126.89,151.9,83.2,167.7,145.86,189.63
1996,210.94,-999,-999,77.72,64.16,89.87,38.76,174.99,132.57,85.0,7.57,56.45,159.68,150.88,138.89,129.73,137.06,110.11,35.64,137.06,101.69,183.54,168.78,180.02,117.04,54.44,179.27,91.34,197.09,165.54,180.75,110.01,148.77,138.93,159.49,138.5,85.08,91.94,146.05,123.93,71.11,180.12,91.07,50.76,140.08,119.0,169.23,98.75,178.31,140.04,190.49
1997,191.12,-999,-999,56.94,52.86,93.99,42.33,174.35,138.28,75.0,2.88,34.27,157.75,156.34,130.02,123.08,129.61,97.12,22.45,147.11,95.85,190.88,165.45,181.86,110.89,43.17,169.11,70.87,184.85,161.55,184.75,109.93,147.28,149.06,163.91,135.95,91.61,88.3,148.36,131.07,45.9,173.43,77.16,43.14,137.76,113.37,178.4,90.35,174.51,142.72,187.64
1998,193.92,-999,-999,46.49,40.64,97.46,45.62,167.02,99.97,55.0,0.95,29.67,121.03,138.27,96.33,92.76,108.9,76.12,14.51,111.23,73.33,162.55,125.66,144.84,85.14,37.07,166.12,59.0,170.35,137.66,152.86,78.3,142.81,146.25,129.27,103.79,69.92,77.79,110.7,100.43,37.62,156.14,56.63,31.01,134.44,98.81,148.98,71.91,138.67,119.2,181.46
1999,205.98,-999,-999,57.05,48.51,96.55,53.53,178.08,112.0,76.0,3.65,47.39,141.34,163.04,118.74,108.5,117.12,92.31,22.0,123.61,88.48,167.38,146.7,160.23,93.83,41.79,174.56,81.89,176.46,151.69,169.79,97.89,142.02,153.02,151.62,123.87,62.16,100.77,134.34,114.44,55.06,163.99,75.2,33.08,142.83,109.18,159.24,82.8,148.71,133.49,190.28
2000,202.89,-999,-999,71.48,67.89,89.35,45.34,169.92,116.43,85.0,7.32,55.64,139.6,159.69,122.16,118.2,128.54,100.71,29.51,125.57,102.47,164.4,142.29,159.74,108.6,56.15,175.62,91.38,177.05,150.74,174.59,103.52,138.58,145.95,149.83,124.34,95.0,93.14,136.02,109.98,61.5,163.16,87.06,42.83,127.96,122.11,157.03,95.03,151.26,139.22,191.49
2001,200.22,-999,-999,60.88,58.43,87.62,45.87,165.23,125.01,81.0,7.75,43.71,137.35,156.06,115.87,104.72,120.83,90.32,23.96,137.63,98.97,178.86,138.13,158.84,101.67,44.35,170.17,83.86,180.2,143.38,177.68,97.52,132.64,144.55,152.17,117.95,76.84,96.91,134.17,121.66,54.28,162.77,77.76,41.14,127.92,117.1,168.82,100.59,148.41,134.97,190.42
2002,183.9,-999,-999,71.67,72.07,92.54,51.4,182.24,125.46,70.0,5.03,58.02,159.23,163.47,124.39,114.37,132.1,94.51,29.39,134.23,94.72,186.7,168.01,185.69,111.39,56.64,189.01,84.47,212.89,162.04,182.79,99.59,142.29,159.85,161.95,121.11,86.39,100.93,135.52,120.98,63.17,184.06,86.93,50.56,142.87,115.93,172.2,94.11,175.0,124.84,202.79
2003,188.99,-999,-999,63.98,72.38,83.98,43.85,167.86,124.6,87.0,7.65,51.93,144.73,140.02,121.06,111.46,118.75,90.14,30.18,139.54,99.6,172.64,157.2,167.83,107.04,53.61,165.57,81.01,179.27,146.04,168.76,104.0,138.86,140.73,158.15,124.46,93.3,79.25,128.53,125.07,61.1,158.01,77.85,45.65,126.29,120.93,164.05,78.79,159.85,121.7,184.3
2004,191.31,-999,-999,58.03,60.0,84.71,48.89,162.2,120.05,78.0,4.34,47.9,140.42,146.99,111.95,104.34,110.92,87.6,25.76,132.98,96.18,175.32,143.94,162.09,93.51,48.73,170.4,89.32,186.3,143.97,166.63,97.78,121.19,132.62,144.88,111.9,65.76,78.76,123.74,120.47,67.13,161.78,75.03,36.46,121.92,101.87,163.82,74.4,152.86,112.62,183.07
2005,180.72,-999,-999,63.48,57.15,73.16,43.85,174.7,119.03,64.0,2.44,48.51,146.37,149.59,114.77,109.08,120.58,93.46,21.54,136.02,99.66,167.99,154.76,162.35,101.64,44.78,164.26,89.8,175.33,153.37,167.76,105.67,138.5,136.94,153.42,117.75,71.0,92.73,133.98,126.5,57.29,163.55,76.32,34.35,128.54,112.29,156.33,82.8,157.55,120.87,181.16
2006,199.02,-999,-999,58.09,57.61,98.03,51.37,178.62,106.52,58.0,2.9,40.94,142.57,150.92,109.67,103.35,120.46,76.76,25.17,118.23,83.35,163.78,141.28,162.46,92.86,44.89,166.54,75.34,184.08,157.97,156.98,89.38,139.32,146.83,134.69,109.3,70.77,87.43,123.26,109.3,47.04,166.63,76.54,39.88,144.92,111.91,145.89,79.56,152.36,122.48,190.53
2007,194.96,-999,-999,60.46,68.08,88.01,55.75,173.32,128.64,86.0,3.48,44.59,145.61,152.69,122.99,114.94,126.57,92.68,24.57,140.61,99.15,180.25,146.98,158.88,111.92,47.88,159.03,79.56,169.82,144.55,173.52,101.79,143.05,150.86,158.05,124.2,88.07,95.68,138.64,128.34,52.04,158.09,80.55,47.99,138.24,111.53,166.25,90.58,150.28,126.01,182.2
2008,203.27,-999,-999,72.42,83.46,93.04,56.78,192.95,131.09,74.0,3.6,47.97,154.3,167.84,126.46,121.6,138.11,104.78,30.35,137.24,95.02,174.27,158.17,174.29,121.5,55.68,180.83,78.17,191.64,164.7,176.76,99.26,156.55,163.09,155.62,134.67,82.78,100.55,141.98,124.07,59.57,177.91,88.72,49.54,148.16,110.24,161.66,101.77,164.72,126.75,204.83
2009,201.52,-999,-999,58.7,70.03,86.11,48.87,178.5,120.29,53.0,7.4,56.29,146.79,173.51,112.95,112.69,128.72,86.11,25.29,132.25,93.56,173.06,154.02,164.06,104.69,46.36,183.68,79.76,184.94,157.31,172.83,96.43,151.52,151.45,146.6,125.44,86.23,114.57,135.07,113.09,59.03,169.86,81.33,45.03,137.23,110.22,161.62,107.1,163.71,125.85,194.08
2010,195.07,-999,-999,79.44,79.74,81.11,46.11,180.13,109.28,93.0,19.85,77.4,139.42,151.46,119.39,120.58,127.36,99.21,39.15,125.89,96.73,153.17,149.63,152.86,105.51,67.88,173.54,100.3,171.6,147.77,163.44,99.05,145.74,143.22,147.57,133.61,88.07,81.44,136.46,116.79,78.52,158.38,95.06,51.9,134.78,124.56,157.22,83.72,152.14,137.15,193.71
2011,200.73,-999,-999,64.23,64.04,93.28,57.28,181.69,117.91,82.0,3.68,48.16,153.77,167.91,112.27,106.79,130.95,87.41,30.67,126.81,92.33,158.34,147.74,173.55,100.89,50.27,173.34,83.93,184.48,157.58,163.02,95.23,151.33,152.4,141.2,116.31,87.84,104.35,126.79,117.63,55.61,172.56,77.63,49.09,143.73,117.47,152.76,116.49,163.79,122.64,189.06
2012,207.78,-999,-999,48.62,56.61,82.5,43.71,168.38,104.53,67.0,5.36,31.54,135.62,148.25,110.04,105.2,110.04,94.87,16.68,116.08,75.12,165.34,142.84,160.04,87.07,38.35,165.94,67.02,172.48,141.85,158.6,81.74,138.8,136.1,140.21,115.76,67.61,91.96,125.97,108.06,38.31,154.98,70.55,35.97,128.18,103.67,149.37,95.88,151.13,120.83,180.15
2013,194.19,-999,-999,60.19,80.52,88.22,55.31,188.73,129.65,90.0,3.19,44.57,169.02,166.95,137.21,136.12,149.37,112.4,31.28,139.94,100.71,176.53,156.97,190.35,125.04,58.49,178.63,91.19,199.21,177.64,177.96,110.34,157.36,162.01,154.65,139.57,103.54,100.24,142.75,127.07,65.65,189.25,97.96,53.16,150.91,128.26,170.48,107.72,177.75,139.17,199.78
2014,191.45,-999,-999,78.65,90.22,79.66,34.3,175.5,126.95,86.0,3.94,53.06,152.63,138.5,135.23,128.93,137.23,106.36,37.84,134.74,104.12,167.41,163.19,170.08,119.04,65.81,165.03,93.82,184.68,164.35,167.29,111.75,143.1,131.36,157.06,131.11,97.84,69.07,139.89,123.55,68.17,172.39,100.16,52.21,131.19,129.26,161.92,93.23,170.12,128.67,188.92
2015,183.17,-999,-999,59.04,66.21,72.75,43.18,159.89,117.32,80.0,1.87,40.21,134.85,128.02,112.28,107.18,116.41,87.49,27.49,125.62,93.4,174.24,139.57,152.15,91.65,47.51,157.09,72.04,176.68,144.87,164.42,101.49,127.07,129.23,145.09,117.08,77.69,69.58,124.22,115.55,52.72,157.09,77.16,39.38,116.85,99.63,157.22,78.12,149.6,114.75,173.01
2016,170.4,-999,-999,58.66,60.64,76.99,40.4,163.38,116.19,69.0,2.89,44.31,130.78,126.04,104.85,105.51,117.58,90.27,17.74,127.28,88.95,167.4,137.37,150.4,90.63,47.1,152.35,75.69,167.4,141.85,167.65,101.6,132.06,126.01,152.23,120.36,76.84,69.86,127.59,115.98,51.02,155.01,76.0,34.65,118.55,106.95,160.19,74.17,142.83,118.01,177.82
2017,189.89,-999,-999,49.29,52.62,77.22,46.23,159.59,111.74,66.0,1.28,38.01,133.62,149.0,105.47,100.01,113.51,74.1,14.74,121.15,79.56,167.77,136.43,162.58,89.78,38.58,165.22,72.09,181.79,146.26,159.17,89.49,115.61,138.02,146.16,105.77,58.93,90.29,119.94,106.05,44.68,163.2,64.84,26.86,117.82,96.07,151.52,105.44,151.25,102.97,181.58
2018,179.43,-999,-999,55.03,72.65,83.98,45.16,179.59,127.31,82.0,3.13,54.93,162.76,157.98,140.74,129.79,144.16,92.86,23.07,136.82,100.82,178.1,166.76,184.97,120.38,57.09,183.17,77.96,199.04,167.76,174.32,109.6,130.49,141.56,161.3,136.85,102.99,98.19,139.78,115.55,55.81,181.89,77.99,44.86,134.41,114.63,170.95,92.4,182.06,132.3,194.73
2019,174.86,-999,-999,49.51,64.11,97.41,48.22,185.01,129.79,86.0,0.01,40.1,157.46,162.36,131.03,116.42,141.18,82.49,18.33,137.95,88.9,173.22,155.44,180.4,110.88,47.29,183.11,66.78,190.46,164.22,172.43,105.23,144.45,140.09,151.09,118.6,85.3,116.74,136.82,124.58,39.45,174.55,72.75,43.19,143.53,110.09,167.87,116.17,168.16,119.96,204.07
2020,191.26,-999,-999,53.48,54.05,87.5,48.51,178.69,107.81,-999.0,1.49,38.68,157.46,161.48,121.87,109.71,130.07,76.11,12.12,121.48,68.96,179.5,160.45,190.19,104.88,35.21,180.16,63.58,196.67,158.83,172.9,82.57,128.16,151.37,150.1,118.47,78.3,103.9,134.05,101.02,39.04,180.48,65.55,35.47,137.39,93.4,168.76,105.34,172.54,116.35,201.68
2021,204.61,-999,-999,57.2,62.22,88.98,45.4,173.93,116.83,-999.0,0.76,46.66,139.86,154.63,113.83,115.63,117.77,93.38,14.63,122.61,87.16,161.05,152.74,168.19,88.58,36.07,176.05,79.0,180.43,150.66,156.39,93.52,122.39,142.33,145.93,123.13,69.0,101.53,130.65,115.44,47.02,168.86,77.93,35.38,137.71,110.55,153.79,95.58,153.65,123.52,190.2
2022,189.05,-999,-999,67.55,83.59,89.67,56.95,181.23,118.74,92.0,4.67,57.46,165.97,170.12,128.81,112.41,139.58,95.82,25.6,124.16,95.71,167.59,156.37,177.02,106.57,58.57,175.18,83.41,185.44,167.11,163.12,103.85,138.54,155.25,152.09,121.32,95.61,111.7,142.37,114.44,51.39,178.19,87.11,56.18,148.95,117.08,158.86,128.1,165.51,131.31,199.35
2023,197.96,-999,-999,52.42,54.43,89.23,50.63,178.63,104.55,55.0,1.23,35.52,151.31,155.04,108.31,96.84,131.76,64.52,4.74,114.39,67.11,163.58,137.97,163.32,89.77,44.99,168.19,60.52,182.84,162.45,155.53,76.97,143.65,142.61,141.07,108.22,70.0,86.63,115.23,104.16,35.73,173.48,60.57,32.06,139.13,96.81,146.11,115.09,155.84,114.03,186.83
2024,182.67,-999,-999,59.83,48.35,81.26,39.59,168.87,97.01,65.0,1.44,41.05,136.22,144.94,97.4,89.93,111.66,62.22,11.89,119.62,68.16,141.02,129.25,156.37,83.95,45.3,171.31,68.21,175.77,140.8,150.52,84.27,136.5,136.57,137.69,98.73,53.0,66.0,110.62,104.95,44.8,163.16,60.68,28.06,130.47,91.62,151.38,103.11,142.63,113.33,188.26
