Year,AK,HI,PR,AL,AR,AZ,CA,CO,CT,DE,FL,GA,IA,ID,IL,IN,KS,KY,LA,MA,MD,ME,MI,MN,MO,MS,MT,NC,ND,NE,NH,NJ,NM,NV,NY,OH,OK,OR,PA,RI,SC,SD,TN,TX,UT,VA,VT,WA,WI,WV,WY
1930,209.06,-999,-999,48.1,60.6,120.1,65.09,189.06,126.29,96.14,2.92,36.36,141.32,158.82,125.95,119.88,126.22,98.7,25.18,131.01,133.8,175.91,158.7,174.45,109.56,40.59,173.11,86.05,187.32,149.89,169.38,111.59,154.49,179.41,151.08,126.13,80.86,112.65,135.76,141.0,55.29,167.48,85.07,48.1,160.94,109.8,154.92,115.13,161.11,127.05,-999
1931,196.24,-999,-999,31.04,38.35,113.39,58.21,186.41,122.17,80.79,2.33,25.9,134.35,168.98,100.34,100.12,114.39,70.48,10.03,119.51,124.06,161.55,149.49,164.72,84.65,24.01,176.63,72.38,181.48,149.77,166.81,101.29,134.38,176.97,137.09,113.19,53.7,105.25,126.27,133.0,42.3,167.36,65.2,32.02,156.65,88.6,152.18,106.98,147.19,102.28,-999
1932,195.14,-999,-999,34.25,59.49,115.17,73.43,190.15,122.34,81.44,2.92,26.38,155.59,170.29,121.02,112.37,130.69,79.79,20.73,131.39,106.79,175.62,161.83,181.29,106.2,36.05,173.94,58.95,191.26,156.08,177.95,105.06,153.84,178.25,152.34,119.44,76.05,98.04,132.36,128.0,34.63,166.12,74.32,51.11,165.44,83.76,161.69,100.38,171.09,111.74,-999
1933,215.06,-999,-999,26.81,41.28,118.59,76.43,187.58,131.54,90.42,1.05,24.82,152.37,177.67,116.19,110.03,114.3,77.13,10.26,136.59,113.51,185.66,165.52,185.16,92.6,24.9,179.84,62.26,193.56,150.22,181.47,105.87,149.26,187.72,154.41,116.57,61.53,105.43,130.69,140.0,39.99,168.45,63.57,32.72,173.28,86.14,169.75,105.26,171.76,114.11,-999
1934,194.7,-999,-999,39.73,60.3,86.63,45.12,179.08,126.87,102.87,5.84,42.02,143.19,142.39,123.31,122.72,118.6,98.34,17.32,133.9,129.83,174.26,163.81,175.96,108.09,39.63,166.05,87.56,188.71,147.49,171.63,114.31,138.78,147.25,155.39,131.83,73.47,64.36,143.13,142.0,57.9,164.15,83.75,39.07,139.32,111.09,158.48,75.79,160.41,131.76,-999
1935,209.62,-999,-999,45.21,55.53,100.18,64.21,189.49,118.61,90.6,7.33,44.98,147.09,184.57,112.33,108.89,114.14,83.61,23.81,125.33,108.45,180.4,166.69,183.46,95.11,40.68,192.07,72.76,197.57,156.97,180.86,105.96,143.93,178.12,151.38,115.67,68.55,120.57,134.36,137.0,52.06,178.16,73.29,35.16,162.89,93.82,169.33,125.48,169.02,113.9,-999
1936,193.36,-999,-999,38.02,67.76,101.55,56.75,186.79,121.69,104.34,3.56,34.4,157.34,183.06,134.92,131.06,134.75,100.53,28.67,126.16,123.75,180.25,170.22,189.44,116.04,47.44,175.57,76.94,192.79,160.57,174.46,108.32,150.17,171.3,155.01,136.72,85.72,108.62,134.05,130.0,49.33,174.59,83.2,52.45,158.2,104.9,164.05,117.08,172.3,124.31,-999
1937,196.87,-999,-999,37.02,66.98,106.16,65.91,189.6,134.2,96.75,3.44,34.08,156.87,173.97,134.85,130.76,131.94,98.87,19.87,136.13,117.92,178.34,166.73,179.25,120.39,40.9,176.67,69.59,188.92,152.62,178.8,112.82,151.68,169.97,154.65,134.33,91.77,94.69,139.05,140.0,44.1,169.73,74.03,53.34,156.82,98.79,151.51,100.75,169.91,120.84,-999
1938,185.81,-999,-999,36.18,58.17,95.93,56.42,180.64,114.42,87.49,4.35,31.5,138.52,162.43,109.23,109.8,113.38,74.43,18.72,118.06,112.58,167.87,147.07,167.14,92.62,36.96,171.84,63.05,175.17,139.92,161.73,104.01,147.31,174.31,142.97,118.25,73.23,101.39,129.4,124.0,40.04,157.9,65.12,42.62,151.46,91.34,148.52,105.93,149.18,116.07,-999
1939,202.2,-999,-999,32.5,57.76,102.56,57.22,182.49,137.04,96.47,3.36,29.1,148.45,165.8,123.58,118.85,120.82,91.31,13.12,144.25,123.96,190.43,170.97,184.93,100.61,33.3,171.42,74.8,187.67,148.56,190.72,115.23,152.26,164.63,161.11,130.85,76.32,98.43,132.03,148.0,48.38,168.75,75.31,40.2,146.29,98.4,177.6,96.43,170.03,126.86,-999
1940,192.16,-999,-999,50.99,73.07,85.98,43.92,176.99,152.07,110.21,11.06,49.97,147.17,151.91,127.14,121.91,124.35,96.26,31.05,144.21,122.86,182.45,169.77,179.13,114.77,50.07,167.66,88.27,183.93,147.12,185.14,123.42,147.64,146.17,165.89,136.57,84.15,80.45,141.49,142.0,63.56,169.91,85.9,51.64,137.81,108.87,170.45,85.56,167.05,132.68,-999
1941,188.4,-999,-999,48.03,66.33,80.33,46.53,178.78,144.7,103.81,4.17,43.31,134.87,159.96,114.41,116.02,118.11,94.02,14.95,131.79,121.5,175.39,154.4,165.09,102.38,43.91,179.81,93.43,181.58,144.02,180.62,123.0,141.84,176.36,152.61,124.78,72.09,83.6,140.42,142.0,62.72,161.29,85.73,32.95,144.09,113.48,162.76,88.58,151.57,134.22,-999
1942,191.47,-999,-999,48.77,66.76,95.63,61.56,191.66,138.22,97.21,6.1,40.75,149.27,176.95,120.21,118.59,125.4,95.37,28.89,127.95,102.06,174.6,169.76,181.16,106.48,49.57,186.81,84.91,190.47,155.24,177.66,111.3,152.29,187.71,149.95,126.78,80.61,101.96,137.38,148.0,54.46,173.39,87.18,49.19,165.44,102.72,163.52,108.75,167.92,128.69,-999
1943,193.21,-999,-999,53.75,71.78,85.77,53.37,185.07,150.96,111.96,7.18,45.35,155.73,164.88,132.98,128.98,135.27,102.08,30.24,146.29,120.59,186.98,178.12,188.69,118.73,50.48,183.63,90.95,189.88,157.07,184.59,131.46,152.16,167.59,165.73,140.0,85.99,111.47,152.7,157.0,59.56,176.03,91.93,54.26,147.16,110.3,169.12,113.11,175.74,133.06,-999
1944,190.65,-999,-999,43.86,60.33,96.93,59.7,195.25,145.06,110.69,4.06,35.77,143.34,180.33,120.31,122.71,125.61,96.23,25.27,141.05,113.14,182.08,170.3,176.16,104.0,38.64,185.68,87.31,185.26,159.31,187.32,122.34,158.49,178.39,165.81,133.43,70.99,116.09,142.91,152.0,51.83,172.36,80.3,45.41,155.79,113.93,176.98,109.21,165.45,137.48,-999
1945,201.97,-999,-999,40.89,60.85,113.01,58.59,191.31,123.45,97.48,3.71,34.41,139.67,176.03,113.97,114.78,125.71,92.62,21.29,123.05,102.09,172.06,162.67,187.21,105.22,35.79,191.67,69.61,202.95,155.26,159.23,105.93,157.57,170.62,143.11,122.54,81.9,94.02,134.41,140.0,43.63,178.16,73.42,42.58,158.83,95.79,152.57,101.64,164.91,121.6,-999
1946,208.13,-999,-999,32.04,46.23,102.76,62.84,185.87,124.8,81.35,0.94,23.65,124.3,174.91,96.5,98.46,100.05,75.04,13.59,118.0,81.18,182.74,147.91,167.41,78.92,26.33,188.83,61.02,188.76,140.97,163.78,98.69,135.95,175.77,143.76,109.55,60.42,95.67,127.38,138.0,35.43,164.09,64.09,36.81,154.74,85.91,155.61,109.81,144.02,106.14,-999
1947,199.03,-999,-999,47.39,74.12,107.4,62.39,185.84,152.91,99.53,5.09,35.09,149.95,163.7,126.71,128.95,129.38,115.89,30.0,145.76,116.82,191.91,173.86,180.34,113.14,48.06,169.85,84.62,189.87,157.04,182.26,125.65,161.43,166.69,165.2,134.2,93.61,88.44,146.49,160.0,51.44,172.88,97.07,49.54,152.66,113.37,174.95,93.98,164.18,133.29,-999
1948,218.95,-999,-999,38.03,75.04,106.11,73.55,190.57,135.95,92.79,2.19,29.57,139.05,178.18,114.3,111.73,129.3,92.06,36.82,124.67,96.35,180.41,152.62,173.55,105.87,47.44,189.31,68.2,179.34,155.4,169.09,114.0,148.29,177.82,142.27,118.38,90.45,115.89,125.03,142.0,46.45,170.92,75.16,53.71,168.32,91.7,156.71,122.65,157.09,115.96,-999
1949,201.62,-999,-999,35.73,60.94,102.76,74.52,186.57,121.85,74.78,1.31,25.21,146.68,170.16,118.8,110.08,123.64,86.71,18.4,110.23,81.87,176.01,161.14,173.52,107.66,33.02,180.47,58.44,180.72,153.68,166.95,96.09,140.7,172.27,145.21,112.97,84.87,117.19,127.43,126.0,36.17,169.29,70.32,44.62,158.94,79.95,160.8,120.0,162.95,107.7,-999
1950,199.09,-999,-999,48.9,70.11,93.83,55.34,191.29,140.21,100.7,5.0,35.67,159.29,168.36,130.05,124.71,134.93,109.99,21.86,129.77,101.21,178.67,166.66,185.3,117.32,43.41,192.69,75.46,194.45,166.86,171.49,108.32,130.88,159.19,153.51,130.25,94.95,93.55,130.7,136.0,52.3,181.06,87.93,48.04,158.9,95.59,166.73,107.65,174.32,122.12,-999
1951,203.55,-999,-999,49.06,68.17,98.01,62.2,197.45,129.17,89.77,4.98,39.1,155.9,180.01,128.89,125.11,139.52,97.92,31.19,114.31,101.02,170.54,157.45,181.75,113.79,44.73,198.72,83.14,194.1,168.95,164.33,105.09,147.13,169.82,146.66,128.99,90.15,108.57,133.94,125.0,52.38,185.53,80.5,55.91,161.44,100.6,158.36,122.01,165.94,123.95,-999
1952,206.3,-999,-999,39.43,65.75,100.65,64.62,190.38,133.78,83.64,3.37,28.24,162.15,177.39,129.97,121.46,135.82,85.16,19.86,122.29,103.39,185.27,162.21,184.71,111.13,35.27,184.15,77.03,190.81,167.11,174.33,104.92,146.2,170.28,148.4,127.89,85.79,116.73,132.59,142.0,43.58,180.76,77.89,42.87,160.26,100.66,162.06,119.45,176.56,128.25,-999
1953,197.41,-999,-999,41.21,56.94,97.29,58.21,189.82,113.99,69.0,1.44,29.72,146.19,158.12,116.47,115.35,121.24,90.32,21.03,104.69,91.02,159.18,146.87,172.45,101.51,31.3,177.66,71.52,182.95,156.55,158.95,101.0,139.83,168.82,134.09,120.74,72.94,85.04,122.81,119.0,43.55,171.82,80.34,38.81,162.27,93.53,144.53,83.15,161.19,123.3,-999
1954,203.15,-999,-999,56.93,61.75,83.51,59.91,177.87,132.29,94.26,4.58,42.28,142.89,172.28,121.84,128.96,118.13,92.12,26.75,124.28,109.57,171.74,160.7,178.06,99.96,41.35,183.65,89.96,189.37,150.71,165.42,117.06,134.33,169.48,150.24,135.65,80.08,112.55,134.72,126.0,57.8,169.89,90.74,40.28,150.44,109.14,164.07,111.07,167.37,131.07,-999
1955,216.51,-999,-999,56.55,77.41,98.75,70.84,191.76,135.01,102.15,5.56,43.21,147.83,185.86,122.12,122.04,132.38,99.84,31.3,125.68,112.27,174.18,156.0,170.6,111.2,52.28,191.98,87.8,178.09,156.77,172.05,113.46,143.7,180.34,150.47,126.25,93.7,112.95,135.99,129.0,53.6,165.12,90.21,54.17,174.43,109.8,160.87,127.62,159.97,130.84,-999
1956,212.82,-999,-999,50.25,60.9,98.78,68.2,191.95,146.28,85.21,5.81,39.22,155.1,172.59,127.84,125.29,134.64,87.87,26.96,141.5,100.04,196.0,170.7,183.51,113.33,40.82,186.56,76.7,194.96,164.79,194.5,112.29,151.33,173.42,165.16,131.08,91.78,111.47,142.2,147.0,49.68,176.73,76.67,49.3,157.58,95.87,185.39,106.9,172.38,123.87,-999
1957,196.68,-999,-999,37.85,50.91,73.02,57.56,185.4,127.8,84.73,4.77,27.55,149.99,166.13,120.31,122.85,120.18,90.25,13.98,127.91,101.67,170.55,160.93,174.17,104.99,32.93,183.78,65.9,185.22,152.92,167.99,110.1,127.15,164.14,154.11,131.46,72.25,102.8,144.32,137.0,37.79,167.36,71.85,36.07,140.12,93.43,164.19,103.93,170.22,120.34,-999
1958,201.14,-999,-999,65.76,76.76,77.68,47.32,189.93,134.19,103.88,11.34,54.46,150.02,159.06,126.67,131.37,130.09,107.28,34.21,125.71,112.11,178.8,163.94,171.32,114.94,56.79,176.89,89.14,185.05,157.77,172.31,110.18,143.98,169.72,158.91,131.73,98.81,86.12,143.7,131.0,69.57,166.89,97.79,54.59,150.11,110.83,173.72,82.83,166.81,134.01,-999
1959,206.92,-999,-999,50.24,68.42,84.43,55.86,195.52,144.8,93.36,6.76,37.08,153.59,174.55,124.68,127.03,129.99,97.92,33.46,130.89,107.36,179.32,164.97,184.31,111.19,49.74,192.55,80.88,202.5,163.38,172.56,115.31,150.25,175.25,160.23,132.26,95.16,108.62,144.45,128.0,50.93,181.93,86.65,56.17,158.83,106.47,167.72,104.46,169.84,129.38,-999
1960,198.67,-999,-999,64.9,86.55,97.14,60.09,186.58,140.2,110.67,8.9,56.84,153.19,174.01,130.58,133.23,131.86,118.68,37.77,132.87,120.17,176.56,157.09,180.85,124.47,61.24,186.02,104.14,192.98,159.14,169.74,125.2,146.04,169.47,153.35,135.95,99.55,107.65,147.12,146.0,75.52,173.48,110.72,55.48,153.42,122.11,160.52,110.33,166.14,136.33,-999
1961,205.52,-999,-999,50.81,59.25,93.46,60.99,189.99,143.04,96.74,4.1,43.73,156.77,174.79,122.28,125.2,131.61,90.09,31.56,137.28,108.39,174.45,159.71,185.08,106.65,46.8,187.56,83.61,199.63,166.21,171.26,111.42,147.07,174.19,156.53,131.84,87.81,96.07,143.47,138.0,59.41,179.93,79.31,47.48,164.67,104.96,161.38,97.47,172.21,124.26,-999
1962,208.85,-999,-999,51.17,62.01,87.69,60.16,184.0,153.37,110.19,8.15,41.99,152.75,163.81,129.86,136.82,120.91,103.64,30.16,150.54,121.59,182.74,165.68,173.9,111.48,49.73,165.54,92.02,177.48,153.46,180.75,123.7,136.33,166.56,168.16,141.27,84.73,100.33,152.71,148.0,60.63,163.89,88.95,47.43,149.96,114.56,175.33,92.35,167.13,137.98,-999
1963,197.57,-999,-999,72.2,80.15,88.66,59.62,170.32,135.0,102.5,5.92,64.95,135.79,155.92,121.64,129.55,120.95,112.45,51.74,139.03,116.94,181.97,158.02,162.22,111.93,70.44,167.64,93.87,173.48,144.74,176.16,119.12,135.12,155.4,156.28,137.65,96.84,93.11,151.45,144.0,74.33,155.66,102.01,59.44,147.31,115.97,165.13,95.4,156.81,144.57,-999
1964,211.91,-999,-999,53.31,69.88,111.53,70.61,196.15,132.28,92.16,3.67,44.06,145.65,186.55,126.58,131.58,131.33,99.72,32.16,139.16,106.63,187.63,158.17,170.19,113.66,50.89,190.01,83.21,187.43,164.28,179.92,119.01,153.81,178.11,156.79,131.79,94.04,119.3,146.18,136.0,52.97,172.45,90.34,56.79,166.6,110.9,166.78,114.95,164.66,138.86,-999
1965,209.89,-999,-999,53.51,61.46,90.3,59.64,184.59,140.32,100.5,3.92,48.98,144.52,172.09,115.66,125.23,119.3,99.02,31.0,157.07,107.29,193.94,161.56,178.52,103.15,53.2,193.03,86.95,197.83,154.38,187.07,117.48,141.52,175.79,158.49,130.78,85.04,108.77,146.04,151.0,63.13,173.24,88.37,45.86,154.95,105.02,174.95,104.48,167.52,127.46,-999
1966,215.54,-999,-999,50.87,70.86,96.48,59.42,187.76,138.6,96.19,6.97,50.84,153.09,177.24,127.22,133.39,133.04,102.53,33.65,143.31,115.76,176.86,167.41,188.3,114.31,56.47,186.59,96.13,197.32,166.42,176.47,121.5,140.39,163.6,161.15,135.93,94.5,96.63,152.19,131.0,65.41,178.68,94.57,58.53,157.65,118.93,169.55,94.72,175.14,138.51,-999
1967,207.75,-999,-999,50.62,67.45,99.95,66.45,183.59,139.91,104.9,2.95,45.95,149.32,174.32,115.99,122.66,123.14,93.19,32.22,149.93,112.65,189.13,165.67,187.46,102.03,53.38,183.38,84.34,196.65,164.78,187.62,122.66,148.22,174.04,161.17,128.31,83.35,95.33,138.42,154.0,58.38,175.38,88.65,50.9,160.4,109.61,172.99,101.22,172.81,127.31,-999
1968,213.19,-999,-999,78.56,80.43,98.17,61.28,198.08,129.69,96.37,8.46,76.24,143.69,178.23,121.2,120.85,124.2,102.07,43.1,130.93,112.21,167.26,150.87,170.36,109.33,66.55,189.65,103.6,188.27,158.11,169.48,114.06,152.63,172.14,147.95,127.73,90.39,97.23,130.91,115.0,83.02,170.81,104.7,56.86,160.79,116.87,156.5,100.35,156.67,132.19,-999
1969,196.49,-999,-999,69.97,70.27,90.56,59.8,186.92,139.25,115.07,2.48,64.1,152.51,178.0,135.37,137.05,131.93,108.9,28.81,139.56,119.42,180.72,162.57,175.4,117.35,55.71,189.56,100.49,189.5,161.89,172.19,122.25,148.16,171.5,160.93,142.91,90.25,113.92,146.96,148.0,73.02,173.57,103.56,45.63,154.96,114.85,165.25,116.7,169.53,141.62,-999
1970,203.71,-999,-999,61.85,67.63,103.61,55.98,200.85,137.31,105.84,9.33,55.34,148.59,183.75,122.89,125.95,138.49,97.14,35.89,141.14,102.75,167.23,157.95,181.96,113.7,55.33,199.44,85.5,194.92,175.9,166.48,116.85,168.43,182.25,153.84,126.77,96.03,111.01,133.58,144.0,63.85,184.8,89.99,55.96,163.2,104.32,159.35,122.31,161.46,123.89,-999
1971,214.0,-999,-999,51.22,60.33,105.34,72.58,191.88,127.96,86.5,6.89,43.7,146.53,175.76,121.14,124.87,129.7,93.73,24.4,149.61,95.56,182.65,160.21,176.63,108.46,44.45,184.92,80.31,183.48,157.72,178.17,105.12,152.95,181.15,157.43,132.23,87.08,114.63,137.52,145.0,56.46,170.23,85.33,43.03,165.23,103.28,163.82,113.96,163.21,125.37,-999
1972,222.52,-999,-999,44.58,60.99,94.27,64.62,176.69,162.2,92.19,2.2,35.76,152.88,166.04,128.57,128.0,126.76,91.02,25.16,151.03,94.47,204.11,173.85,184.99,112.42,43.97,187.45,73.26,195.73,158.53,193.45,113.63,149.63,160.36,166.01,133.46,89.65,102.97,140.48,150.0,40.66,172.4,83.07,56.34,149.83,97.46,180.97,110.57,171.0,121.71,-999
1973,207.74,-999,-999,53.76,52.82,96.3,50.56,186.95,110.92,84.57,8.03,44.58,122.08,173.1,97.5,104.5,114.03,80.93,28.47,119.77,93.38,178.56,139.95,169.29,88.25,43.22,184.19,80.47,183.84,148.2,168.47,93.15,160.7,168.23,132.63,108.17,77.13,95.94,113.64,114.0,54.67,160.94,77.75,50.34,161.34,93.03,147.97,100.78,147.7,114.14,-999
1974,198.66,-999,-999,47.8,56.11,93.54,58.46,183.9,136.18,97.32,5.64,35.49,144.29,171.78,115.45,119.96,117.54,85.74,21.42,143.54,93.95,202.41,166.94,185.34,98.88,39.78,182.06,72.83,190.12,152.94,189.84,116.84,153.11,163.97,162.78,128.49,80.25,97.36,145.13,139.0,43.29,170.41,79.39,47.0,151.79,96.88,168.48,94.44,174.42,120.53,-999
1975,205.28,-999,-999,54.95,68.97,106.23,69.87,201.39,133.53,94.19,5.76,40.29,151.63,182.04,124.67,122.88,135.98,90.71,28.07,136.82,99.04,183.8,159.36,170.83,113.67,47.92,189.6,78.24,178.84,163.49,173.4,106.09,168.78,177.06,152.82,130.63,88.88,110.5,136.04,129.0,46.95,167.97,85.29,54.76,174.96,103.46,163.4,120.75,165.94,123.84,-999
1976,201.83,-999,-999,72.88,74.59,97.62,69.18,193.92,143.04,111.69,9.77,52.92,157.54,185.8,139.23,141.89,136.94,113.05,37.17,142.13,117.17,182.21,180.66,185.31,119.63,58.9,179.68,98.96,194.47,163.84,186.63,124.26,158.42,172.5,166.4,144.09,100.32,115.95,150.6,155.0,66.33,173.36,105.88,56.71,162.49,118.93,172.84,110.56,184.25,150.28,-999
1977,196.14,-999,-999,66.89,72.09,92.31,53.84,180.64,129.28,89.88,15.7,61.89,129.97,174.38,114.96,116.11,121.38,92.87,38.12,127.71,100.64,176.12,152.04,153.13,100.95,58.38,174.42,91.01,172.66,147.51,169.96,107.23,150.2,167.56,148.03,123.88,89.06,104.69,132.89,129.0,66.0,157.1,95.69,49.76,151.39,102.95,156.15,109.05,150.4,127.99,-999
1978,202.59,-999,-999,70.48,87.2,74.86,52.12,182.54,141.43,102.52,10.46,58.1,147.4,168.46,129.93,130.68,133.86,101.19,49.41,150.78,114.47,201.86,172.49,172.77,115.0,70.18,177.21,92.93,178.53,155.44,197.09,123.2,141.72,157.03,168.18,135.77,99.32,104.45,149.05,162.0,68.13,162.66,100.37,63.94,139.12,115.86,176.79,106.93,169.61,129.38,-999
1979,188.61,-999,-999,64.98,81.63,93.23,55.14,187.98,125.51,81.56,7.75,50.63,155.31,170.88,127.93,129.29,135.15,104.21,40.78,110.91,100.0,170.6,160.65,185.25,123.3,63.48,185.71,90.22,199.79,165.84,162.84,101.39,156.82,159.41,143.05,129.11,95.45,98.72,131.41,114.0,58.7,180.28,99.13,60.79,156.72,110.56,148.5,107.92,168.55,129.99,-999
1980,207.35,-999,-999,62.24,76.9,82.01,47.42,188.95,136.99,99.76,7.87,50.37,153.81,156.43,131.7,136.18,132.61,107.3,35.63,145.42,111.78,192.73,167.4,179.43,118.02,56.63,169.77,91.64,186.05,157.23,179.15,118.95,157.49,149.6,160.55,138.27,93.92,96.13,141.95,146.0,58.7,167.59,98.08,51.34,149.85,109.86,167.35,100.74,174.57,139.35,-999
1981,199.85,-999,-999,58.48,70.91,76.67,43.02,168.6,129.7,92.07,16.82,58.06,134.96,164.35,121.27,127.36,114.14,101.02,32.33,137.36,109.12,180.06,167.38,166.86,105.61,58.19,172.28,103.35,177.89,142.44,166.98,112.04,142.4,155.76,149.92,133.46,77.58,88.02,143.46,143.0,71.93,158.82,97.55,38.25,144.58,122.47,158.23,97.63,163.61,148.07,-999
1982,209.7,-999,-999,47.28,67.26,78.68,62.52,183.91,129.8,87.14,5.28,37.27,141.44,178.38,120.34,117.44,130.94,93.69,26.77,140.03,105.03,179.42,158.0,170.59,111.79,50.77,189.99,78.58,179.12,158.5,167.45,114.09,150.56,170.7,148.56,123.34,90.11,117.5,134.39,137.0,52.57,167.19,85.85,48.61,160.01,108.63,157.74,121.21,160.45,126.92,-999
1983,205.35,-999,-999,56.94,71.11,77.81,45.38,183.56,115.99,79.34,7.57,47.28,146.57,157.98,116.58,118.18,125.94,93.15,29.58,126.95,88.8,168.76,162.95,174.32,105.6,52.34,183.68,86.38,186.19,157.21,161.21,101.08,147.0,140.95,149.88,121.94,70.84,84.3,134.32,120.0,60.04,173.89,88.82,52.19,148.03,110.51,157.45,88.8,167.18,134.85,-999
1984,201.55,-999,-999,51.08,65.04,86.17,57.63,190.03,126.67,88.04,5.66,44.15,150.24,189.0,120.16,118.67,131.04,87.34,27.98,132.96,96.88,177.51,157.09,174.71,106.05,53.19,189.91,82.23,188.08,165.31,168.07,102.17,150.67,171.38,147.12,122.73,74.1,99.7,130.68,125.0,56.12,175.54,84.98,45.82,167.62,103.44,152.85,104.9,162.41,114.12,-999
1985,213.02,-999,-999,62.0,73.43,78.65,66.88,182.68,118.14,88.85,12.21,50.21,142.78,189.42,117.28,110.64,125.87,92.92,40.8,135.51,100.99,179.59,155.88,171.29,108.12,62.57,184.77,80.47,180.81,161.46,167.76,106.98,140.24,175.83,143.08,114.1,88.09,137.13,129.72,135.0,60.59,166.35,85.74,57.22,146.96,99.3,148.83,135.64,156.02,110.62,-999
1986,207.85,-999,-999,44.69,58.33,83.14,39.38,174.08,131.98,87.58,4.37,34.36,138.17,157.61,115.53,113.14,115.59,87.55,22.32,140.74,103.68,184.44,160.04,164.97,100.63,49.3,167.14,76.02,170.69,145.61,170.57,110.49,137.75,159.75,148.99,117.99,72.61,87.54,138.13,146.0,49.45,153.26,78.16,38.02,136.24,97.46,158.69,90.81,160.07,113.36,-999
1987,186.76,-999,-999,51.13,62.85,91.53,54.76,181.41,111.32,78.61,5.26,38.7,136.68,162.2,117.24,118.59,112.95,98.18,24.94,142.8,105.62,176.0,155.42,162.73,103.1,49.39,169.29,92.39,171.61,151.89,176.21,113.39,154.78,149.03,146.27,127.61,68.3,94.33,141.11,145.0,59.93,162.92,81.53,45.56,143.47,120.57,143.5,93.48,161.01,129.98,-999
1988,199.66,-999,-999,61.01,69.55,93.27,54.47,183.2,127.98,92.71,7.81,54.05,156.45,162.42,136.39,131.47,126.98,109.39,33.96,138.54,114.25,167.54,163.1,182.57,122.02,54.5,168.42,98.08,188.49,162.12,171.85,108.89,154.93,162.05,152.7,139.54,86.95,97.97,150.5,143.0,66.79,169.0,97.76,54.42,148.66,129.52,154.93,91.49,173.89,147.32,-999
1989,191.36,-999,-999,47.4,75.27,88.84,62.07,183.07,122.31,94.83,7.54,39.36,160.47,165.23,134.21,129.42,130.67,102.66,37.79,139.59,111.16,174.41,171.07,186.85,119.22,53.06,172.32,81.87,190.21,160.7,174.37,126.23,146.12,158.23,154.03,132.11,95.19,103.46,149.69,146.0,53.15,169.92,91.79,54.4,144.31,119.41,166.98,92.08,171.35,135.34,-999
1990,197.18,-999,-999,35.64,48.03,95.25,60.86,179.51,114.4,67.05,0.97,24.86,147.65,165.81,119.52,109.83,116.01,77.4,14.32,114.67,91.91,166.41,155.09,179.97,101.14,26.66,177.67,58.66,196.75,157.97,152.71,91.75,143.98,153.7,133.93,112.44,72.51,96.98,127.38,118.0,27.73,174.84,69.56,37.93,142.38,96.13,153.42,91.65,165.62,119.38,-999
1991,185.08,-999,-999,50.15,59.37,92.95,53.14,184.99,115.82,78.86,2.79,30.45,147.16,171.0,117.55,113.72,124.14,86.54,20.17,123.95,96.81,173.82,150.26,176.15,103.72,43.03,176.57,69.31,189.55,156.34,161.45,98.54,152.82,170.74,139.29,120.69,81.75,95.37,129.27,127.0,41.98,172.89,76.92,39.86,158.99,104.57,152.81,94.7,165.48,126.68,-999
1992,213.37,-999,-999,47.55,54.01,83.8,45.12,175.03,134.65,83.18,3.02,32.41,144.13,158.23,112.01,109.1,111.64,86.7,18.03,144.03,94.62,191.52,169.01,178.74,100.33,37.71,177.65,80.87,188.05,148.72,180.2,107.98,146.6,150.35,152.24,116.51,69.44,82.72,132.98,138.0,50.98,172.13,80.1,33.91,141.07,104.27,168.77,80.56,165.69,127.39,-999
1993,181.22,-999,-999,51.28,74.59,86.01,52.36,188.88,113.32,87.3,3.77,33.96,154.34,172.4,123.75,121.09,135.47,102.78,25.23,140.58,110.18,184.15,171.13,180.02,111.96,49.22,178.44,89.69,192.56,158.29,174.18,111.1,153.05,156.32,158.23,122.61,90.65,111.1,130.46,137.0,53.55,171.16,91.61,48.4,149.66,117.25,171.37,107.56,172.13,132.45,-999
1994,190.06,-999,-999,43.42,60.95,92.88,56.22,178.02,113.34,89.03,2.0,29.92,141.14,164.1,116.22,110.92,126.83,85.16,26.47,129.28,103.14,175.77,159.84,164.38,96.72,41.92,175.54,72.44,174.57,153.0,165.29,109.08,142.03,158.27,151.72,122.3,79.69,95.89,144.58,136.0,39.7,161.63,77.1,40.97,142.04,113.1,157.68,88.04,155.96,140.69,-999
1995,176.21,-999,-999,57.54,67.69,93.57,34.89,186.39,-999.0,92.35,5.82,44.54,147.89,157.73,126.08,120.07,126.72,99.11,27.25,130.51,107.08,182.15,165.32,174.6,108.31,51.65,176.53,86.94,187.17,157.8,170.56,115.76,143.63,145.81,147.0,133.61,79.12,79.15,141.37,131.0,57.14,169.09,90.91,39.22,139.89,118.2,150.32,88.01,166.5,143.2,-999
1996,210.94,-999,-999,63.32,69.41,89.87,39.36,181.53,139.56,90.88,7.36,47.65,160.35,164.04,138.49,130.3,138.34,105.36,35.61,132.79,108.94,181.01,176.56,180.71,114.56,48.39,186.37,91.5,194.25,165.97,175.07,112.79,149.7,151.08,153.61,135.49,89.82,90.13,139.21,136.0,68.28,178.91,96.11,52.43,144.84,111.85,171.14,104.28,178.25,133.94,-999
1997,191.12,-999,-999,46.31,57.63,93.99,43.12,184.33,137.34,83.1,2.79,28.53,157.83,165.43,129.67,123.59,130.92,90.58,22.15,142.81,106.29,188.01,175.05,184.23,108.36,40.46,175.06,71.62,184.87,161.94,178.45,109.42,149.52,160.22,159.42,131.85,84.23,90.45,145.47,138.0,45.19,171.29,82.92,46.67,145.97,113.85,181.2,92.7,173.88,139.75,-999
1998,193.92,-999,-999,35.8,45.68,97.46,46.77,175.12,108.44,53.3,1.01,22.75,121.86,154.58,95.91,92.77,109.78,70.08,15.05,108.66,82.6,161.02,135.37,147.68,83.04,34.67,169.9,55.95,168.36,138.22,145.16,77.04,145.21,154.53,123.32,101.12,67.47,74.43,108.86,112.0,36.4,152.26,60.72,34.42,140.79,95.28,152.26,73.89,138.07,116.89,-999
1999,205.98,-999,-999,44.65,59.41,96.55,54.52,184.09,98.07,76.3,3.71,39.47,142.25,172.24,117.58,111.07,120.01,85.64,22.57,119.77,99.21,167.84,153.73,162.35,92.02,41.03,178.23,74.43,176.82,153.55,162.51,98.48,149.01,161.95,144.04,121.94,64.87,96.79,130.96,126.0,52.8,161.53,75.39,35.1,153.27,109.43,161.62,89.54,150.67,132.35,-999
2000,202.89,-999,-999,57.81,71.85,89.35,45.64,178.14,114.1,88.59,7.22,46.41,140.11,165.05,121.38,120.31,129.84,95.62,30.37,121.48,109.45,165.59,150.52,156.91,106.92,53.58,183.91,88.93,173.63,153.0,163.41,105.25,142.26,156.36,142.6,123.34,92.4,97.98,138.66,120.0,58.94,160.83,89.46,41.49,135.37,120.83,155.02,107.52,151.37,138.44,-999
2001,200.22,-999,-999,46.3,60.37,87.62,46.53,176.37,126.36,82.26,6.76,37.13,137.69,164.92,115.3,108.21,122.14,82.52,24.3,134.46,105.31,176.02,144.46,159.96,101.3,40.42,176.88,79.81,178.96,145.43,169.07,100.27,138.49,153.4,144.57,116.4,82.45,94.86,132.99,125.0,51.06,160.86,78.17,39.99,135.0,113.73,169.63,102.59,148.44,135.65,-999
2002,183.9,-999,-999,60.15,78.12,92.54,51.86,188.16,125.42,73.47,4.28,49.95,159.62,175.43,124.05,117.91,134.11,88.52,27.12,129.94,101.32,187.09,167.87,188.12,110.99,51.11,192.75,81.85,209.66,162.93,176.79,101.78,147.05,167.19,154.47,118.43,89.26,100.2,137.64,131.0,58.26,183.74,88.82,50.64,150.5,106.92,174.33,102.4,175.35,127.07,-999
2003,188.99,-999,-999,59.29,73.57,83.98,44.48,173.95,124.47,91.52,6.93,45.83,145.29,155.35,120.56,114.24,120.25,90.55,29.55,134.5,102.62,173.41,159.01,168.15,102.47,51.17,170.84,78.04,176.18,146.41,164.15,106.05,139.11,149.34,151.17,122.86,88.85,77.34,132.67,132.0,57.64,157.3,80.04,46.5,135.29,109.57,161.59,87.86,162.13,123.31,-999
2004,191.31,-999,-999,50.45,62.65,84.71,49.71,175.79,114.1,76.02,3.67,42.82,140.51,156.68,110.69,106.7,113.04,85.32,27.21,130.35,101.56,177.22,150.25,165.92,92.12,46.33,173.85,85.48,184.19,144.97,162.51,102.09,130.69,140.53,139.78,113.14,76.17,78.73,122.5,131.0,63.86,161.66,78.1,38.71,128.82,101.17,165.29,82.68,154.43,115.67,-999
2005,180.72,-999,-999,53.82,61.09,73.16,45.03,176.94,106.17,72.02,2.44,38.49,146.43,167.66,114.54,112.62,124.85,75.35,21.94,133.82,99.59,168.04,157.76,162.31,100.05,46.11,167.94,83.47,173.32,151.39,162.92,107.67,136.49,149.42,146.71,116.54,81.22,96.06,131.93,136.0,54.18,162.34,79.57,35.21,135.03,107.13,157.88,84.52,159.15,122.77,-999
2006,199.02,-999,-999,50.41,62.85,98.03,52.44,181.32,99.99,58.62,2.65,34.75,143.12,165.2,108.97,104.09,121.3,78.19,24.53,117.12,88.22,162.53,149.32,166.23,93.09,46.57,173.46,69.01,181.93,159.23,150.81,89.5,140.92,157.65,129.83,106.11,80.65,90.93,122.39,126.0,44.94,167.6,78.8,40.5,150.54,101.85,146.52,90.8,156.72,122.61,-999
2007,194.96,-999,-999,55.39,69.12,88.01,56.69,175.77,128.11,87.75,3.38,37.56,145.46,163.52,123.0,116.05,126.86,91.6,26.25,136.84,100.83,180.12,149.85,159.49,110.13,48.76,165.11,75.83,165.94,146.3,169.29,103.08,141.18,161.49,150.61,121.39,93.76,97.69,135.35,144.0,48.89,155.95,82.09,49.99,145.58,103.45,169.04,99.35,151.49,122.26,-999
2008,203.27,-999,-999,63.31,83.32,93.04,57.78,195.39,134.31,81.18,3.67,43.65,154.26,178.57,126.55,126.18,139.12,94.37,29.4,133.94,95.32,174.46,164.3,174.16,118.27,59.17,185.74,78.7,189.47,165.35,172.53,101.8,154.47,180.28,152.02,130.85,92.82,108.82,139.81,131.0,56.7,176.11,91.38,51.02,157.19,104.74,165.67,111.93,167.46,127.73,-999
2009,201.52,-999,-999,52.74,69.31,86.11,50.07,183.4,116.0,70.13,6.63,44.86,147.72,182.55,113.47,115.31,128.18,81.15,25.01,129.06,97.61,176.8,160.55,167.39,102.65,50.4,189.82,79.46,183.99,161.28,169.0,99.77,143.96,166.79,143.21,121.4,87.72,116.01,134.61,119.0,55.69,170.69,83.16,46.53,145.99,101.1,163.96,117.29,164.76,123.08,-999
2010,195.07,-999,-999,74.41,79.15,81.11,47.31,184.89,106.5,87.92,18.21,72.0,139.14,169.08,119.81,122.36,128.65,93.56,40.72,123.83,103.32,154.52,155.76,151.9,102.15,68.01,177.0,99.63,167.71,151.12,158.88,97.09,147.05,160.43,142.7,129.63,87.47,79.69,135.2,134.0,76.88,157.78,96.48,54.57,142.11,117.38,159.94,85.64,153.89,137.71,-999
2011,200.73,-999,-999,58.92,62.88,93.28,58.09,187.79,118.6,84.64,3.57,38.86,153.52,177.84,113.5,109.02,131.88,76.47,31.16,124.6,99.04,162.27,153.91,173.42,99.44,49.92,178.21,80.81,182.92,158.06,158.64,96.46,153.25,166.69,138.47,114.01,89.96,101.52,130.52,122.0,54.53,171.38,80.67,51.0,151.23,106.72,154.5,112.59,165.48,124.22,-999
2012,207.78,-999,-999,42.29,55.34,82.5,43.74,171.55,101.54,67.23,5.05,28.18,136.45,158.82,109.56,108.48,111.83,85.56,21.01,115.3,82.5,167.32,150.86,158.21,87.35,36.5,172.46,65.1,170.26,142.83,153.93,80.68,140.99,149.12,135.97,112.26,76.45,92.42,130.5,115.0,40.25,153.31,70.3,38.93,137.14,92.03,152.9,97.32,151.8,122.65,-999
2013,194.19,-999,-999,53.47,80.86,88.22,55.42,191.77,124.93,95.92,2.47,35.53,168.3,177.19,137.92,136.94,150.16,110.42,29.48,139.26,109.81,174.87,167.14,189.61,124.7,55.84,183.25,90.66,197.29,178.54,175.58,111.53,153.04,176.57,151.51,139.78,108.13,104.51,143.63,134.0,63.71,190.74,99.97,56.95,158.58,113.3,172.65,108.98,178.45,139.6,-999
2014,191.45,-999,-999,65.55,87.75,79.66,34.56,180.48,128.64,95.11,3.56,43.6,153.69,153.29,135.78,131.57,138.54,106.05,38.38,131.98,111.48,165.97,168.07,171.5,118.94,66.92,173.95,93.02,180.87,166.28,163.38,109.53,141.32,141.72,153.5,128.49,103.13,74.91,141.26,131.0,67.7,172.39,99.73,54.16,140.23,119.42,164.41,94.89,170.6,135.48,-999
2015,183.17,-999,-999,45.88,64.31,72.75,43.57,166.17,118.07,78.03,1.97,32.66,134.88,144.66,112.17,109.35,118.28,83.72,28.04,125.02,100.27,166.44,147.48,153.25,88.96,49.72,164.49,71.44,172.64,146.89,160.68,102.21,123.82,139.3,141.57,113.27,85.75,74.76,125.87,123.0,51.6,154.67,75.49,42.28,125.2,92.47,160.79,80.25,150.28,115.51,-999
2016,170.4,-999,-999,43.82,59.68,76.99,41.06,172.44,115.06,71.08,2.92,35.53,131.11,140.07,104.58,105.87,117.24,84.12,21.95,128.9,97.82,160.53,146.88,150.12,90.44,44.38,157.54,76.11,165.94,144.65,164.93,101.05,131.33,133.25,144.14,115.88,80.89,74.77,129.53,126.0,48.23,152.82,77.95,37.68,127.71,96.93,162.1,72.86,142.72,120.56,-999
2017,189.89,-999,-999,38.97,51.17,77.22,46.82,169.43,112.4,72.66,1.14,26.03,134.27,161.78,105.09,100.14,116.75,73.77,17.48,121.44,88.1,156.94,144.87,163.19,87.14,37.04,167.41,70.88,177.76,147.95,154.78,90.58,119.08,149.73,139.65,103.55,69.68,92.52,117.8,113.0,42.54,163.16,67.51,32.6,126.68,89.15,156.06,111.69,151.65,104.47,-999
2018,179.43,-999,-999,45.39,72.41,83.98,45.64,183.04,123.39,80.51,3.43,43.94,164.37,158.66,140.18,130.99,144.91,93.52,23.93,138.31,109.43,173.82,174.4,185.0,115.65,62.22,185.05,78.26,194.59,169.03,169.67,108.72,135.71,155.02,156.91,135.56,105.3,92.12,138.69,123.0,54.03,182.82,80.88,50.86,141.56,107.83,173.47,99.74,182.57,130.6,-999
2019,174.86,-999,-999,39.26,62.07,97.41,49.09,190.15,128.76,95.11,0.34,27.16,158.26,167.0,131.38,117.82,142.78,86.44,20.34,140.09,92.04,169.15,162.11,180.46,109.56,51.14,185.23,65.29,192.13,165.22,167.88,105.51,147.34,149.04,148.24,116.74,95.78,113.1,138.94,131.0,38.23,177.16,73.8,49.77,152.17,100.27,169.89,116.43,170.04,119.63,-999
2020,191.26,-999,-999,42.25,51.63,87.5,49.51,185.08,105.51,60.03,1.58,30.72,158.02,160.39,121.34,111.84,131.77,75.48,13.64,124.01,78.04,173.99,170.04,186.06,99.61,33.03,181.73,62.98,194.2,160.64,168.95,81.93,135.92,160.95,143.8,116.14,85.42,99.03,134.82,109.0,42.59,179.5,66.36,42.16,143.63,84.96,174.41,106.75,174.71,114.06,-999
2021,204.61,-999,-999,43.14,61.31,88.98,46.31,182.03,115.59,77.5,1.01,33.49,140.38,157.72,113.4,114.82,119.27,92.27,18.29,124.31,90.66,153.51,158.5,168.14,86.64,28.76,178.67,78.66,179.83,152.05,151.71,95.95,136.81,148.09,143.0,119.75,81.31,93.14,136.74,127.0,44.58,166.39,78.56,39.71,144.65,101.02,157.67,100.96,157.76,122.67,-999
2022,189.05,-999,-999,56.11,79.77,89.67,57.94,187.36,116.59,91.5,4.29,42.78,166.1,169.8,128.09,114.28,141.21,98.24,33.62,125.13,100.02,167.75,164.02,178.48,106.58,55.98,176.62,84.63,185.8,169.06,160.01,104.57,141.88,164.62,147.42,119.56,101.98,105.86,146.45,126.0,53.61,178.75,88.39,59.64,154.94,110.77,166.4,113.49,169.36,133.64,-999
2023,197.96,-999,-999,37.3,50.78,89.23,51.56,185.9,101.02,54.68,1.38,26.95,151.9,155.55,107.12,98.13,133.03,68.35,13.82,119.39,71.85,165.69,146.33,164.1,87.96,34.07,170.15,61.62,181.27,164.19,150.39,77.31,136.38,151.54,134.44,104.98,85.65,91.16,126.96,107.0,35.1,173.37,62.21,34.54,147.59,90.35,151.41,102.57,158.5,116.07,-999
2024,188.91,-999,-999,50.14,48.22,81.26,40.47,178.74,96.7,65.67,1.59,32.85,136.59,150.93,96.58,90.65,113.55,62.09,19.63,123.06,73.43,161.2,137.61,155.24,83.59,43.17,169.7,70.21,172.29,146.7,151.2,84.42,133.79,144.12,131.5,98.12,70.9,67.1,118.33,116.0,44.52,160.41,62.01,29.21,141.17,86.26,151.75,85.5,143.91,107.04,-999
