Year,AK,HI,PR,AL,AR,AZ,CA,CO,CT,DE,FL,GA,IA,ID,IL,IN,KS,KY,LA,MA,MD,ME,MI,MN,MO,MS,MT,NC,ND,NE,NH,NJ,NM,NV,NY,OH,OK,OR,PA,RI,SC,SD,TN,TX,UT,VA,VT,WA,WI,WV,WY
1900,-999.0,-999.0,-999.0,1.66,0.56,-999.0,-999.0,0.11,-999.0,-999.0,0.78,1.05,0.43,0.42,0.23,0.07,0.28,0.65,2.27,-999.0,-999.0,1.85,0.1,0.37,0.28,2.73,0.0,0.13,0.12,0.56,-999.0,0.03,0.0,-999.0,0.06,0.02,0.67,0.0,0.0,-999.0,0.45,0.19,0.5,1.65,0.0,0.15,-999.0,0.1,0.43,0.0,-999.0
1901,-999.0,-999.0,-999.0,0.85,0.32,-999.0,-999.0,0.07,-999.0,-999.0,1.78,2.03,0.13,0.0,0.14,0.33,0.04,0.01,1.15,-999.0,-999.0,0.42,0.08,0.47,0.05,1.65,0.0,1.49,0.0,0.24,-999.0,0.68,0.0,-999.0,0.37,0.05,0.15,0.1,0.34,-999.0,1.55,0.09,0.58,0.63,0.0,0.89,-999.0,0.72,0.17,0.31,-999.0
1902,-999.0,-999.0,-999.0,0.94,1.82,-999.0,-999.0,0.2,-999.0,-999.0,1.46,0.82,1.01,0.0,0.62,0.41,0.49,0.12,0.9,-999.0,-999.0,0.0,0.17,0.18,0.62,1.63,0.0,0.31,0.0,0.39,-999.0,0.17,0.93,-999.0,0.32,0.0,1.18,0.02,0.0,-999.0,0.31,0.08,0.89,1.62,0.0,0.34,-999.0,0.56,0.18,0.0,-999.0
1903,-999.0,-999.0,-999.0,1.12,0.52,-999.0,-999.0,0.0,-999.0,-999.0,1.98,1.24,0.45,0.0,0.19,0.54,0.54,0.23,0.78,-999.0,-999.0,0.92,0.03,0.46,0.49,0.66,0.0,0.54,0.0,0.44,-999.0,1.72,0.93,-999.0,0.44,0.03,0.92,0.27,0.32,-999.0,0.91,0.18,0.4,0.74,0.0,0.26,-999.0,0.3,0.31,0.15,-999.0
1904,-999.0,-999.0,-999.0,0.09,1.19,-999.0,-999.0,0.26,-999.0,-999.0,0.53,0.32,0.17,0.0,0.64,0.37,0.33,0.12,0.86,-999.0,-999.0,0.3,0.06,0.08,0.88,0.51,0.0,0.43,0.14,0.16,-999.0,0.66,0.0,-999.0,0.28,0.04,0.63,0.47,0.16,-999.0,0.24,0.12,0.14,0.9,0.0,0.05,-999.0,0.1,0.1,0.25,-999.0
1905,-999.0,-999.0,-999.0,0.95,1.36,-999.0,-999.0,0.0,-999.0,-999.0,0.71,0.8,0.33,0.0,0.36,0.66,0.5,0.12,2.84,-999.0,-999.0,0.0,0.71,0.23,1.28,1.05,0.0,0.53,0.0,0.55,-999.0,0.37,0.19,-999.0,0.08,0.28,0.14,0.0,0.0,-999.0,0.49,0.26,0.34,1.14,0.0,0.43,-999.0,0.29,0.14,0.13,-999.0
1906,-999.0,-999.0,-999.0,1.79,1.72,-999.0,-999.0,0.0,-999.0,-999.0,0.6,1.6,0.41,0.0,0.26,0.35,0.33,0.33,1.5,-999.0,-999.0,0.21,0.0,0.11,0.68,1.47,0.11,0.75,0.08,0.17,-999.0,0.19,0.0,-999.0,0.1,0.03,0.36,0.0,0.0,-999.0,0.77,0.09,1.01,0.81,0.48,0.03,-999.0,0.44,0.11,0.29,-999.0
1907,-999.0,-999.0,-999.0,0.47,1.38,-999.0,-999.0,0.11,-999.0,-999.0,0.67,0.52,0.33,0.0,0.17,0.34,0.14,0.12,2.96,-999.0,-999.0,0.0,0.02,0.04,0.27,0.94,0.0,0.23,0.0,0.16,-999.0,0.42,0.19,-999.0,0.0,0.18,0.52,0.44,0.0,-999.0,0.59,0.1,0.39,1.11,0.0,0.57,-999.0,0.1,0.54,0.13,-999.0
1908,-999.0,-999.0,-999.0,1.24,0.72,-999.0,-999.0,0.2,-999.0,-999.0,0.59,1.7,0.32,0.0,0.16,0.34,0.56,0.1,1.4,-999.0,-999.0,0.0,0.0,0.28,0.31,1.19,0.0,0.77,0.07,0.3,-999.0,0.64,0.0,-999.0,0.13,0.1,2.38,0.09,0.0,-999.0,1.13,0.27,0.1,1.16,0.0,0.51,-999.0,0.19,0.18,0.0,-999.0
1909,-999.0,-999.0,-999.0,1.46,0.66,-999.0,-999.0,0.05,-999.0,-999.0,1.78,0.64,0.4,0.0,0.15,0.12,0.49,0.69,1.64,-999.0,-999.0,0.0,0.03,0.43,0.86,1.83,0.06,0.23,0.0,0.29,-999.0,0.42,0.16,-999.0,0.08,0.23,0.81,0.06,0.0,-999.0,0.96,0.16,0.25,0.49,0.0,0.1,-999.0,0.61,0.17,0.0,-999.0
1910,-999.0,-999.0,-999.0,0.46,0.69,-999.0,-999.0,0.24,-999.0,1.0,1.01,0.45,0.1,0.0,0.4,0.78,0.18,0.38,1.02,-999.0,-999.0,0.0,0.13,0.08,0.68,0.7,0.0,0.41,0.0,0.19,-999.0,0.32,0.0,-999.0,0.09,0.33,0.26,0.26,0.07,-999.0,0.68,0.01,0.64,0.57,0.0,0.18,-999.0,0.23,0.1,0.31,-999.0
1911,-999.0,-999.0,-999.0,0.86,1.21,-999.0,-999.0,0.0,-999.0,1.0,0.34,0.79,0.26,0.0,0.41,0.27,0.25,0.21,2.02,-999.0,-999.0,0.3,0.07,0.07,0.97,2.03,0.2,0.36,0.0,0.45,-999.0,0.58,0.21,-999.0,0.14,0.34,0.38,0.48,0.16,-999.0,0.07,0.07,0.72,0.58,0.0,0.0,-999.0,0.31,0.12,0.13,-999.0
1912,-999.0,-999.0,-999.0,1.46,0.79,-999.0,-999.0,0.0,-999.0,1.0,1.08,1.29,0.17,0.0,0.23,0.09,0.14,0.22,2.0,-999.0,-999.0,0.0,0.12,0.14,0.4,1.41,0.04,0.54,0.0,0.05,-999.0,0.23,0.0,-999.0,0.0,0.33,0.44,0.0,0.08,-999.0,1.21,0.1,0.52,0.69,-999.0,0.72,-999.0,0.1,0.25,0.13,-999.0
1913,-999.0,-999.0,-999.0,1.08,1.29,-999.0,-999.0,0.05,-999.0,0.0,0.27,0.45,0.09,0.23,0.22,0.49,0.14,0.88,1.45,-999.0,-999.0,0.51,0.04,0.23,0.41,1.43,0.16,0.91,0.0,0.05,-999.0,0.14,0.0,-999.0,0.15,0.62,0.7,0.0,0.0,-999.0,0.09,0.07,1.22,1.37,0.0,0.27,-999.0,0.05,0.12,0.53,-999.0
1914,-999.0,-999.0,-999.0,0.43,0.88,-999.0,-999.0,0.15,-999.0,0.0,0.77,0.52,0.58,0.0,0.2,0.02,0.37,0.49,1.29,-999.0,-999.0,0.8,0.25,0.14,0.73,0.64,0.0,0.25,0.26,0.14,-999.0,0.17,0.0,-999.0,0.13,0.05,0.2,0.03,0.0,-999.0,0.26,0.17,0.24,1.54,0.0,0.02,-999.0,0.25,0.38,0.26,-999.0
1915,-999.0,-999.0,-999.0,1.42,1.1,-999.0,-999.0,0.05,-999.0,0.0,1.38,1.27,0.48,0.0,0.56,0.28,0.49,0.51,2.29,-999.0,-999.0,0.3,0.08,0.09,1.06,1.9,0.0,0.63,0.06,0.37,-999.0,0.34,0.17,-999.0,0.33,0.18,0.73,0.07,0.0,-999.0,0.38,0.22,0.99,0.99,0.0,0.81,-999.0,0.1,0.4,0.45,-999.0
1916,-999.0,-999.0,-999.0,1.52,0.62,-999.0,-999.0,0.0,-999.0,-999.0,1.11,1.06,0.25,0.0,0.26,0.17,0.35,0.21,2.23,-999.0,-999.0,1.31,0.02,0.17,0.39,1.48,0.2,0.94,0.0,0.02,-999.0,0.0,0.25,-999.0,0.16,0.13,0.68,0.05,0.13,-999.0,0.78,0.0,0.44,0.56,0.0,0.2,-999.0,0.13,0.04,0.0,-999.0
1917,-999.0,-999.0,-999.0,1.0,0.43,-999.0,-999.0,0.11,-999.0,-999.0,0.97,0.66,0.13,0.0,0.4,0.14,0.13,0.36,0.38,-999.0,-999.0,0.0,0.0,0.03,0.05,0.44,0.0,0.54,0.0,0.28,-999.0,0.19,0.16,-999.0,0.0,0.0,0.22,0.11,0.0,-999.0,0.14,0.03,0.49,0.18,0.0,0.19,-999.0,0.24,0.26,0.24,-999.0
1918,-999.0,-999.0,-999.0,1.21,1.19,-999.0,-999.0,0.06,-999.0,-999.0,0.98,0.48,0.25,0.0,0.31,0.31,0.32,0.19,0.86,-999.0,-999.0,0.0,0.12,0.07,0.59,1.43,0.0,0.79,0.07,0.11,-999.0,0.18,0.0,-999.0,0.0,0.0,0.38,0.0,0.0,-999.0,0.14,0.0,0.33,0.63,0.0,0.01,-999.0,0.18,0.18,0.66,-999.0
1919,-999.0,-999.0,-999.0,1.61,1.7,-999.0,-999.0,0.05,-999.0,-999.0,0.44,0.64,0.34,0.0,0.33,0.29,0.3,1.3,1.3,-999.0,-999.0,0.0,0.0,0.13,0.57,1.81,0.0,0.3,0.0,0.33,-999.0,0.65,0.24,-999.0,0.0,0.11,0.4,0.13,0.27,-999.0,0.82,0.13,0.76,1.06,0.0,0.01,-999.0,0.52,0.19,0.0,-999.0
1920,-999.0,-999.0,-999.0,1.35,0.95,-999.0,-999.0,0.0,-999.0,0.0,1.42,1.14,0.16,0.0,0.23,0.07,0.47,0.74,2.07,-999.0,-999.0,1.1,0.0,0.03,0.59,1.51,0.0,0.43,0.07,0.25,-999.0,1.1,0.1,-999.0,0.16,0.16,0.8,0.05,0.0,-999.0,0.8,0.08,1.27,0.77,0.0,0.32,-999.0,0.18,0.02,0.52,-999.0
1921,-999.0,-999.0,-999.0,0.86,1.43,-999.0,-999.0,0.4,-999.0,0.0,1.31,0.51,0.41,0.0,0.24,0.23,0.17,0.45,1.37,-999.0,-999.0,0.0,0.13,0.0,0.37,1.47,0.0,0.38,0.07,0.18,-999.0,0.14,0.0,-999.0,0.03,0.08,0.1,0.54,0.22,-999.0,0.59,0.18,0.54,0.62,0.0,0.01,-999.0,0.48,0.14,0.24,-999.0
1922,-999.0,-999.0,-999.0,0.87,0.57,-999.0,-999.0,0.01,-999.0,0.0,0.98,0.8,0.32,0.0,0.3,0.25,0.22,0.9,1.31,-999.0,-999.0,0.61,0.02,0.06,0.68,1.5,0.1,0.51,0.15,0.08,-999.0,0.25,0.0,-999.0,0.09,0.35,0.63,0.0,0.07,-999.0,0.88,0.25,0.5,0.94,0.0,0.13,-999.0,0.11,0.37,0.0,-999.0
1923,-999.0,-999.0,-999.0,0.36,1.12,-999.0,-999.0,0.06,-999.0,-999.0,0.97,0.37,0.14,0.0,0.25,0.26,0.55,0.0,2.92,-999.0,-999.0,0.3,0.0,0.1,0.38,1.17,0.04,0.2,0.22,0.15,-999.0,0.13,0.0,-999.0,0.18,0.06,1.39,0.19,0.0,-999.0,0.15,0.08,0.42,0.73,0.0,0.01,-999.0,0.14,0.06,0.11,-999.0
1924,-999.0,-999.0,-999.0,0.72,0.42,-999.0,-999.0,0.0,-999.0,0.0,1.26,0.37,0.42,0.0,0.45,0.25,0.29,0.52,0.4,-999.0,-999.0,0.0,0.04,0.08,0.53,0.48,0.0,0.68,0.0,0.14,-999.0,0.64,0.0,-999.0,0.34,0.13,0.15,0.27,0.14,-999.0,1.06,0.04,0.6,0.31,0.0,0.15,-999.0,0.11,0.42,0.13,-999.0
1925,-999.0,-999.0,-999.0,1.11,0.51,-999.0,-999.0,0.1,-999.0,1.0,0.74,0.78,0.29,0.0,0.08,0.14,0.31,0.0,1.53,-999.0,-999.0,0.0,0.0,0.32,0.69,1.16,0.0,0.14,0.07,0.22,-999.0,0.19,0.0,-999.0,0.06,0.12,0.33,0.0,0.0,-999.0,0.16,0.08,0.23,0.61,0.0,0.01,-999.0,0.06,0.1,0.0,-999.0
1926,-999.0,-999.0,-999.0,1.24,0.97,-999.0,-999.0,0.0,-999.0,0.0,1.58,0.64,0.79,0.0,0.82,0.43,0.4,0.11,2.04,-999.0,-999.0,0.01,0.18,0.3,0.26,1.09,0.0,0.33,0.0,0.14,-999.0,0.18,0.0,-999.0,0.12,0.04,1.04,0.02,0.27,-999.0,0.36,0.03,0.67,0.96,0.0,0.13,-999.0,0.12,0.24,0.11,-999.0
1927,-999.0,-999.0,-999.0,0.47,1.74,-999.0,-999.0,0.03,-999.0,-999.0,0.64,0.22,0.22,0.0,0.38,0.3,0.33,0.0,2.64,-999.0,-999.0,0.0,0.01,0.0,1.08,1.21,0.0,0.42,0.14,0.09,-999.0,0.49,0.0,-999.0,0.21,0.04,0.87,0.18,0.0,-999.0,0.88,0.03,0.81,0.76,0.21,0.42,-999.0,0.03,0.13,0.0,-999.0
1928,-999.0,-999.0,-999.0,1.31,1.43,-999.0,-999.0,0.0,-999.0,2.0,2.35,1.39,0.38,0.0,0.27,0.18,0.36,0.27,1.49,-999.0,-999.0,0.0,0.12,0.16,0.88,1.42,0.0,1.07,0.0,0.16,-999.0,0.36,0.0,-999.0,0.06,0.0,0.56,0.07,0.21,-999.0,2.26,0.04,0.57,0.44,0.0,0.35,-999.0,0.06,0.13,0.0,-999.0
1929,-999.0,-999.0,-999.0,2.58,0.11,-999.0,-999.0,0.06,-999.0,0.0,0.87,2.76,0.17,0.0,0.22,0.19,0.41,0.21,1.92,-999.0,-999.0,0.0,0.0,0.14,0.48,1.4,0.0,1.18,0.0,0.2,-999.0,0.12,0.0,-999.0,0.13,0.34,1.03,0.0,0.13,-999.0,1.9,0.06,0.62,0.99,0.0,0.86,-999.0,0.23,0.09,0.4,-999.0
1930,0.77,-999.0,-999.0,0.77,1.44,0.0,0.17,0.16,-999.0,0.0,1.64,0.4,0.29,0.0,0.12,0.04,0.31,0.0,1.48,-999.0,-999.0,0.51,0.0,0.0,0.09,1.0,0.0,0.09,0.0,0.1,-999.0,0.0,0.0,-999.0,0.04,0.0,0.41,0.04,0.0,-999.0,0.2,0.09,0.38,0.59,0.0,0.13,-999.0,0.05,0.07,0.0,-999.0
1931,0.78,-999.0,-999.0,0.48,0.73,0.02,0.36,0.0,-999.0,1.0,0.79,0.67,0.39,0.0,0.42,0.36,0.5,0.31,1.55,-999.0,-999.0,0.0,0.18,0.1,0.79,0.95,0.0,0.48,0.0,0.0,-999.0,0.26,0.0,-999.0,0.0,0.0,0.48,0.21,0.06,-999.0,0.32,0.07,0.3,0.34,0.0,0.01,-999.0,0.3,0.1,0.0,-999.0
1932,1.71,-999.0,-999.0,0.94,1.08,0.0,0.09,0.0,-999.0,0.0,0.33,1.08,0.22,0.0,0.2,0.91,0.29,0.69,2.42,-999.0,-999.0,1.02,0.05,0.0,0.41,2.32,0.0,1.04,0.25,0.1,-999.0,0.52,0.17,-999.0,0.28,0.04,0.97,0.04,0.13,-999.0,1.96,0.06,0.7,0.77,0.21,0.6,-999.0,0.97,0.18,0.0,-999.0
1933,1.63,-999.0,-999.0,0.97,1.14,0.0,0.41,0.0,-999.0,2.0,1.36,0.63,0.34,0.0,0.3,0.26,0.32,0.41,2.45,-999.0,-999.0,0.01,0.22,0.17,0.45,1.19,0.1,0.2,0.0,0.13,-999.0,0.97,0.0,-999.0,0.16,0.29,0.98,0.4,0.0,-999.0,0.79,0.16,0.86,0.57,0.0,0.16,-999.0,1.24,0.06,0.1,-999.0
1934,2.33,-999.0,-999.0,1.65,1.01,0.0,0.17,0.0,-999.0,2.0,1.52,0.8,0.19,0.0,0.2,0.12,0.19,0.27,1.55,-999.0,-999.0,0.51,0.11,0.04,0.55,1.62,0.0,0.56,0.0,0.02,-999.0,0.57,0.0,-999.0,0.11,0.06,0.57,0.04,0.13,-999.0,0.91,0.05,0.42,0.48,0.0,0.57,-999.0,0.09,0.25,0.0,-999.0
1935,2.66,-999.0,-999.0,0.39,1.32,0.0,0.09,0.0,-999.0,2.0,1.03,0.49,0.43,0.0,0.22,0.29,0.4,0.82,1.57,-999.0,-999.0,0.0,0.05,0.06,0.41,1.42,0.0,0.37,0.24,0.23,-999.0,0.84,0.0,-999.0,0.71,0.43,0.7,0.04,0.07,-999.0,0.54,0.03,0.64,1.12,0.0,0.31,-999.0,0.59,0.13,0.0,-999.0
1936,0.61,-999.0,-999.0,2.33,0.64,0.0,0.29,0.0,-999.0,1.0,1.23,2.41,0.19,0.0,0.18,0.34,0.18,0.61,0.92,-999.0,-999.0,0.51,0.07,0.08,0.86,0.64,0.0,1.16,0.0,0.05,-999.0,0.29,0.16,-999.0,0.04,0.04,0.37,0.17,0.14,-999.0,1.3,0.02,1.28,0.97,0.0,0.94,-999.0,0.24,0.04,0.64,-999.0
1937,2.7,-999.0,-999.0,1.31,1.47,0.02,0.73,0.0,-999.0,0.0,1.64,0.64,0.18,0.0,0.35,0.84,0.24,0.54,1.28,-999.0,-999.0,0.8,0.01,0.19,0.4,0.27,0.0,0.46,0.0,0.2,-999.0,0.29,0.25,-999.0,0.12,0.3,0.27,0.4,0.27,-999.0,0.75,0.09,1.22,0.54,0.0,0.22,-999.0,1.18,0.11,0.44,-999.0
1938,1.58,-999.0,-999.0,1.46,2.14,0.02,0.48,0.17,-999.0,1.0,0.39,0.58,0.26,0.0,0.29,0.42,0.59,0.62,1.47,-999.0,-999.0,0.0,0.16,0.04,0.48,1.02,0.16,0.45,0.0,0.11,-999.0,1.56,0.0,-999.0,0.19,0.12,0.74,0.08,0.0,-999.0,0.46,0.01,0.59,0.49,0.0,0.13,-999.0,0.2,0.53,0.0,-999.0
1939,1.72,-999.0,-999.0,1.34,0.72,0.04,0.31,0.0,-999.0,2.0,0.96,0.6,0.13,0.0,0.41,0.13,0.13,0.2,0.73,-999.0,-999.0,0.0,0.11,0.08,0.15,1.01,0.0,0.54,0.08,0.05,-999.0,0.56,0.0,-999.0,0.0,0.16,0.31,0.18,0.06,-999.0,0.28,0.08,0.29,0.4,0.0,0.14,-999.0,0.2,0.06,0.0,-999.0
1940,1.82,-999.0,-999.0,0.48,0.41,0.0,0.73,0.0,-999.0,0.0,0.75,0.9,0.39,0.0,0.17,0.09,0.34,0.11,3.49,-999.0,-999.0,0.21,0.11,0.07,0.12,1.32,0.0,1.4,0.0,0.07,-999.0,0.61,0.0,-999.0,0.21,0.03,0.52,0.15,0.0,-999.0,1.02,0.05,0.2,1.18,0.0,0.32,-999.0,0.03,0.37,0.13,-999.0
1941,0.71,-999.0,-999.0,0.81,0.84,0.0,0.29,0.04,-999.0,0.0,1.28,0.9,0.39,0.0,0.43,0.0,0.89,0.4,2.63,-999.0,-999.0,0.0,0.0,0.41,0.91,0.51,0.1,0.36,0.0,0.3,-999.0,0.0,0.52,-999.0,0.11,0.13,1.14,0.24,0.07,-999.0,1.09,0.1,0.38,1.04,0.0,0.07,-999.0,0.33,0.5,0.0,-999.0
1942,1.23,-999.0,-999.0,1.17,1.11,0.0,0.22,0.0,-999.0,1.0,0.77,1.14,0.23,0.0,0.29,0.22,0.46,0.11,2.68,-999.0,-999.0,0.43,0.37,0.2,0.94,1.6,0.0,0.64,0.0,0.49,-999.0,0.87,0.16,-999.0,0.32,0.04,0.51,0.23,0.33,-999.0,0.42,0.24,0.73,0.83,0.0,0.87,-999.0,0.5,0.27,0.0,-999.0
1943,1.38,-999.0,-999.0,1.65,0.55,0.02,0.63,0.04,-999.0,1.0,1.18,0.83,0.32,0.0,0.42,0.31,0.25,0.27,1.83,-999.0,-999.0,0.6,0.14,0.26,0.65,1.24,0.0,0.7,0.07,0.14,-999.0,0.48,0.0,-999.0,0.07,0.2,0.94,0.04,0.14,-999.0,0.75,0.19,0.32,0.56,0.0,0.17,-999.0,0.3,0.31,0.48,-999.0
1944,0.98,-999.0,-999.0,1.83,1.41,0.0,0.28,0.11,-999.0,0.0,1.6,1.36,0.29,0.0,0.2,0.16,0.48,0.11,1.09,-999.0,-999.0,0.0,0.01,0.29,0.31,1.31,0.0,0.85,0.31,0.23,-999.0,0.9,0.16,-999.0,0.25,0.0,0.76,0.0,0.0,-999.0,1.48,0.1,0.93,0.8,0.0,0.56,-999.0,0.08,0.0,0.0,-999.0
1945,1.2,-999.0,-999.0,0.8,2.18,0.0,0.53,0.0,-999.0,0.0,2.03,0.47,0.39,0.0,0.21,0.69,0.38,0.1,1.68,-999.0,-999.0,0.0,0.21,0.19,0.65,1.33,0.0,0.85,0.0,0.2,-999.0,0.44,0.12,-999.0,0.11,0.27,1.41,0.05,0.0,-999.0,0.92,0.07,0.49,1.16,0.0,0.48,-999.0,0.34,0.08,0.0,-999.0
1946,0.28,-999.0,-999.0,1.74,1.17,0.18,0.21,0.06,-999.0,1.0,0.51,0.66,0.43,0.0,0.33,0.05,0.67,0.0,2.15,-999.0,-999.0,0.0,0.01,0.14,1.02,1.73,0.0,0.29,0.13,0.33,-999.0,0.89,0.0,-999.0,0.04,0.1,0.86,0.09,0.41,-999.0,1.1,0.21,1.12,1.14,0.0,0.01,-999.0,0.26,0.26,0.0,-999.0
1947,1.16,-999.0,-999.0,0.93,1.07,0.0,0.11,0.0,-999.0,0.0,2.28,1.44,0.61,0.0,0.38,0.31,0.28,0.0,1.97,-999.0,-999.0,0.0,0.06,0.1,0.7,1.76,0.04,0.71,0.13,0.26,-999.0,0.12,0.0,-999.0,0.16,0.13,0.06,0.05,0.13,-999.0,0.58,0.17,0.23,0.36,0.0,0.3,-999.0,0.06,0.32,0.13,-999.0
1948,1.27,-999.0,-999.0,1.27,1.02,0.0,0.17,0.0,-999.0,1.0,1.43,1.5,0.12,0.0,0.28,0.3,0.47,0.74,1.37,-999.0,-999.0,0.0,0.04,0.15,0.59,2.41,0.0,0.4,0.11,0.11,-999.0,0.53,0.21,-999.0,0.04,0.25,0.79,0.29,0.07,-999.0,0.68,0.09,0.95,0.36,0.0,0.34,-999.0,0.06,0.0,0.19,-999.0
1949,2.32,-999.0,-999.0,0.74,0.99,0.0,0.11,0.26,-999.0,0.0,1.9,0.88,0.3,0.0,0.47,0.94,0.31,0.83,1.44,-999.0,-999.0,0.0,0.0,0.07,0.48,1.15,0.0,0.77,0.11,0.18,-999.0,0.19,0.0,-999.0,0.29,0.03,0.41,0.15,0.0,-999.0,0.68,0.04,0.8,1.09,0.0,0.33,-999.0,0.25,0.04,0.13,-999.0
1950,0.75,8.48,0.39,0.86,1.39,0.0,0.76,0.0,0.41,1.0,1.13,0.67,0.44,0.0,0.43,0.74,0.39,0.11,1.23,0.47,0.49,0.0,0.13,0.18,0.59,1.55,0.0,0.4,0.17,0.39,0.74,0.56,0.16,0.14,0.03,0.04,1.02,0.51,0.31,0.0,0.54,0.1,0.47,0.4,0.0,0.5,0.11,0.14,0.22,0.14,0.0
1951,0.97,8.15,-999.0,1.0,0.8,0.17,0.34,0.41,0.11,0.0,1.76,0.22,0.37,0.0,0.64,0.12,1.21,0.11,0.78,0.07,0.27,0.0,0.03,0.29,0.23,2.2,0.0,0.29,0.19,0.27,0.19,0.29,0.0,0.0,0.0,0.0,0.38,0.0,0.0,0.0,0.24,0.02,1.03,0.5,0.0,0.15,0.07,0.61,0.24,0.14,0.0
1952,1.26,1.44,3.27,0.54,0.68,0.0,0.5,0.0,1.17,1.0,0.98,0.83,0.48,0.0,0.18,0.24,0.03,0.52,1.55,0.3,0.72,0.0,0.01,0.2,0.25,0.19,0.0,0.38,0.0,0.21,0.3,1.12,0.0,0.0,0.48,0.0,0.16,0.0,0.26,0.46,0.21,0.05,0.48,0.73,0.0,0.22,0.29,0.03,0.49,0.0,0.07
1953,1.17,3.07,0.16,0.99,0.72,0.0,0.27,0.0,0.21,0.0,2.32,0.92,0.22,0.0,0.11,0.13,0.19,0.22,3.19,0.27,0.59,0.0,0.1,0.57,0.12,1.87,0.0,0.42,0.23,0.14,0.09,0.17,0.0,0.0,0.16,0.07,0.63,0.11,0.0,1.89,0.53,0.2,0.26,0.81,0.0,0.01,0.0,0.22,0.46,0.0,0.0
1954,1.06,8.38,1.37,0.27,0.63,0.1,0.35,0.0,1.29,0.0,1.66,0.5,0.49,0.0,0.41,0.2,0.16,0.38,0.93,1.24,0.17,0.72,0.4,0.3,0.1,0.76,0.0,0.76,0.0,0.19,1.86,0.61,0.0,0.0,0.04,0.2,0.28,0.02,0.6,0.95,0.79,0.07,0.76,0.56,0.0,0.94,0.0,0.03,0.18,1.13,0.0
1955,1.08,3.11,0.94,0.93,0.95,0.08,0.87,0.12,2.8,1.0,0.49,0.52,0.11,0.0,0.56,0.56,0.34,0.3,2.5,1.35,1.42,0.0,0.03,0.33,0.45,1.57,0.0,1.12,0.28,0.02,0.22,1.73,0.16,0.14,0.29,0.04,0.95,0.32,0.54,1.42,1.15,0.09,0.59,0.65,0.0,0.95,0.14,0.56,0.07,0.23,0.0
1956,1.17,6.46,2.44,1.13,0.78,0.0,0.41,0.0,0.01,1.0,1.41,0.92,0.15,0.0,0.27,0.23,0.08,0.63,1.34,0.3,0.78,0.0,0.06,0.23,0.37,1.1,0.0,0.7,0.13,0.09,0.03,0.33,0.0,0.0,0.11,0.0,0.0,0.16,0.11,0.0,0.74,0.07,1.18,0.31,0.0,0.26,0.13,0.19,0.1,0.13,0.0
1957,1.03,4.52,1.04,1.34,2.12,0.0,0.33,0.04,0.01,0.0,1.22,0.88,0.19,0.0,0.62,0.44,0.43,0.32,2.58,0.05,0.0,0.0,0.08,0.39,0.58,1.54,0.0,0.68,0.44,0.26,0.03,0.25,0.0,0.0,0.0,0.26,0.82,0.07,0.0,0.0,0.29,0.04,1.08,1.67,0.0,0.25,0.0,0.06,0.17,0.0,0.0
1958,1.12,3.2,1.41,0.27,1.39,0.0,0.3,0.08,0.01,2.0,1.37,0.26,0.4,0.0,0.42,0.48,0.51,0.0,1.41,0.08,0.79,0.0,0.0,0.21,1.14,1.04,0.09,0.88,0.08,0.24,0.09,0.72,0.16,0.0,0.0,0.14,0.28,0.09,0.13,0.32,0.6,0.0,0.12,0.58,0.0,0.28,0.0,0.03,0.08,0.0,0.0
1959,1.72,2.96,1.38,0.33,0.65,0.04,0.38,0.03,0.42,0.0,1.7,0.96,0.39,0.0,0.35,0.41,0.49,0.0,1.62,0.4,0.52,0.0,0.26,0.37,0.26,1.16,0.0,0.56,0.0,0.1,0.58,0.35,0.08,0.0,0.23,0.21,1.01,0.09,0.14,0.0,1.94,0.0,0.24,1.34,0.0,0.78,0.0,0.68,0.48,0.11,0.0
1960,1.71,4.7,1.57,0.73,0.59,0.06,0.3,0.0,1.48,2.0,1.55,0.53,0.22,0.0,0.2,0.46,0.3,1.04,0.66,0.65,1.15,0.0,0.02,0.12,0.26,0.8,0.0,0.77,0.0,0.11,1.15,0.92,0.4,0.0,0.26,0.0,0.63,0.26,0.13,0.63,0.87,0.09,0.45,1.18,0.0,0.13,0.13,0.16,0.02,0.21,0.0
1961,1.43,3.52,1.62,3.01,1.54,0.0,0.12,0.06,0.11,0.0,0.77,1.57,0.62,0.0,0.7,0.56,0.82,0.1,1.94,0.49,0.16,0.0,0.0,0.1,1.0,2.35,0.0,0.22,0.0,0.07,0.03,0.24,0.0,0.0,0.0,0.13,1.37,0.27,0.14,1.01,0.71,0.12,0.51,1.06,0.0,0.5,0.0,0.03,0.4,0.19,0.0
1962,0.81,0.75,0.9,1.0,0.49,0.0,0.82,0.09,0.11,0.0,0.64,0.84,0.42,0.0,0.11,0.34,0.19,0.0,0.39,0.86,0.21,0.0,0.0,0.28,0.1,0.53,0.0,0.72,0.15,0.24,0.82,0.19,0.0,0.0,0.1,0.14,0.49,0.02,0.13,1.37,1.1,0.06,0.78,0.49,0.0,0.25,0.0,0.03,0.0,0.0,0.03
1963,1.47,5.22,2.15,1.19,0.77,0.08,0.62,0.05,0.01,0.0,2.02,1.58,0.31,0.0,0.18,0.0,0.16,0.0,0.84,0.22,0.42,0.51,0.0,0.18,0.28,0.59,0.0,0.62,0.13,0.17,0.32,0.0,0.0,0.19,0.04,0.16,0.42,0.0,0.0,0.0,1.01,0.17,0.65,0.34,0.0,0.01,0.0,0.06,0.06,0.24,0.04
1964,1.38,4.42,0.24,2.49,1.3,0.0,0.6,0.08,0.01,0.0,1.9,2.12,0.29,0.0,0.2,0.66,0.43,0.8,2.06,0.01,0.09,0.0,0.06,0.18,0.44,1.8,0.0,1.73,0.36,0.14,0.03,0.12,0.0,0.0,0.11,0.31,0.71,0.33,0.21,0.32,2.88,0.21,0.68,0.52,0.0,0.29,0.0,0.28,0.15,0.11,0.14
1965,1.87,5.84,3.2,0.82,1.23,0.03,0.32,0.24,0.11,0.0,1.14,0.38,0.34,0.0,0.54,0.18,0.48,0.21,1.66,0.1,0.23,0.0,0.09,0.0,0.63,0.96,0.0,0.37,0.07,0.18,0.31,0.19,0.0,0.0,0.0,0.35,0.33,0.28,0.07,0.0,0.61,0.21,0.53,0.95,0.0,0.01,0.0,0.22,0.06,0.0,0.0
1966,1.37,4.34,1.57,0.61,1.31,0.0,0.45,0.03,0.29,1.0,1.16,1.11,0.09,0.0,0.19,0.17,0.15,0.11,0.93,0.19,0.77,0.51,0.0,0.03,0.22,1.53,0.0,0.61,0.14,0.31,0.24,1.0,0.17,0.0,0.08,0.11,0.38,0.2,0.0,0.0,0.82,0.08,0.36,0.91,0.0,0.48,0.15,0.18,0.17,0.0,0.0
1967,1.21,6.85,0.44,0.4,0.65,0.01,0.43,0.0,0.22,2.0,0.54,0.91,0.27,0.0,0.16,0.17,0.56,0.82,1.99,0.23,0.49,0.0,0.04,0.0,0.28,1.74,0.1,0.75,0.0,0.24,0.03,0.66,0.0,0.0,0.16,0.02,0.58,0.0,0.0,0.69,1.11,0.11,0.8,0.88,0.0,0.2,0.13,0.12,0.02,0.24,0.0
1968,1.69,5.52,1.43,0.47,0.72,0.0,0.25,0.0,0.6,0.0,2.32,0.34,0.33,0.0,0.27,0.33,0.46,0.69,0.75,0.28,0.24,0.0,0.18,0.31,0.45,1.04,0.0,0.29,0.07,0.3,0.24,0.93,0.0,0.0,0.28,0.11,0.84,0.09,0.0,0.37,0.63,0.07,0.43,0.57,0.2,0.48,0.0,0.21,0.07,0.24,0.03
1969,1.2,7.8,2.4,1.07,1.17,0.02,1.06,0.04,0.76,2.0,1.9,0.98,0.34,0.0,0.57,0.2,0.42,0.22,1.49,0.72,0.67,1.44,0.17,0.16,0.76,1.46,0.06,0.42,0.14,0.27,1.56,0.56,0.0,0.0,0.13,0.5,0.58,0.06,0.0,1.42,1.52,0.04,0.9,0.9,0.0,0.39,0.12,0.06,0.05,0.35,0.0
1970,1.02,4.12,4.82,1.0,0.87,0.08,0.5,0.0,0.11,0.0,1.56,0.89,0.35,0.0,0.43,0.08,0.16,0.21,0.92,0.17,0.24,0.0,0.1,0.03,0.72,1.36,0.0,0.26,0.21,0.09,0.37,0.26,0.0,0.09,0.21,0.1,0.7,0.05,0.0,0.64,0.69,0.08,0.87,0.56,0.0,0.07,0.0,0.16,0.02,0.0,0.04
1971,1.05,5.01,0.81,1.15,0.52,0.0,0.18,0.0,1.21,2.0,1.18,0.49,0.22,0.0,0.21,0.03,0.22,0.62,1.7,0.22,0.84,0.0,0.05,0.31,0.48,1.19,0.1,0.31,0.18,0.11,0.4,1.36,0.16,0.0,0.15,0.31,0.42,0.09,0.06,0.0,0.71,0.31,0.43,1.09,0.0,0.24,0.12,0.3,0.0,0.0,0.1
1972,2.0,1.87,0.52,1.72,0.84,0.1,0.13,0.0,1.24,0.0,1.52,1.22,0.57,0.0,0.3,0.04,0.52,0.32,0.8,0.73,0.73,0.01,0.01,0.24,0.3,1.32,0.0,0.46,0.0,0.22,0.24,1.66,0.08,0.0,0.51,0.18,0.57,0.18,0.87,0.64,0.43,0.05,1.13,0.48,0.0,1.41,0.0,0.53,0.36,0.14,0.0
1973,0.39,2.35,2.16,1.6,2.05,0.0,0.41,0.0,0.7,0.0,1.32,1.19,0.57,0.0,0.46,0.22,0.9,0.69,2.65,0.47,0.59,0.01,0.12,0.4,0.56,2.61,0.06,0.84,0.19,0.33,1.0,1.22,0.0,0.0,0.24,0.31,1.03,0.2,0.45,0.64,1.59,0.0,2.24,1.49,0.0,0.2,0.25,0.03,0.09,0.0,0.06
1974,1.17,5.58,1.7,1.29,2.11,0.0,0.42,0.0,0.32,0.0,1.7,0.64,0.42,0.0,0.22,0.19,0.43,0.69,1.81,0.28,0.33,0.01,0.0,0.03,0.63,2.06,0.0,0.36,0.12,0.21,0.2,0.44,0.09,0.0,0.04,0.1,1.26,0.18,0.29,0.37,0.27,0.08,1.12,1.44,0.0,0.2,0.0,0.06,0.05,0.0,0.0
1975,0.81,3.84,1.6,1.55,0.67,0.0,0.22,0.0,0.69,1.0,0.77,0.77,0.28,0.0,0.37,0.24,0.36,0.55,1.55,0.21,0.9,0.0,0.45,0.21,0.4,2.25,0.0,0.54,0.0,0.14,0.23,0.37,0.0,0.0,0.42,0.14,1.25,0.0,0.19,0.32,1.13,0.06,1.51,0.61,0.0,0.11,0.1,0.64,0.36,0.11,0.0
1976,1.26,2.45,0.78,1.3,0.85,0.0,0.14,0.04,0.3,1.0,1.07,1.68,0.35,0.0,0.1,0.06,0.28,0.11,0.57,0.16,0.28,0.72,0.0,0.07,0.1,0.4,0.09,0.56,0.0,0.11,0.15,0.19,0.0,0.09,0.12,0.04,0.16,0.0,0.0,1.29,1.33,0.08,0.33,0.74,0.0,0.2,0.07,0.03,0.04,0.1,0.08
1977,1.12,1.85,1.87,1.46,0.69,0.0,0.28,0.09,0.7,1.0,0.5,1.08,0.5,0.0,0.32,0.38,0.55,0.1,1.61,0.33,0.37,0.0,0.09,0.1,0.31,1.77,0.0,1.36,0.06,0.49,0.12,0.8,0.0,0.0,0.17,0.16,0.72,0.06,0.25,0.0,0.78,0.1,0.86,0.65,0.0,0.13,0.11,0.34,0.04,0.0,0.0
1978,0.18,3.34,1.11,0.86,1.21,0.3,0.54,0.0,0.11,1.0,0.74,0.54,0.56,0.0,0.29,0.37,0.23,1.95,1.86,0.47,0.3,0.0,0.14,0.44,0.55,0.81,0.0,0.45,0.06,0.22,0.15,0.29,0.0,0.12,0.04,0.04,0.4,0.04,0.0,0.32,0.25,0.06,0.77,0.77,0.0,0.38,0.0,0.03,0.81,0.0,0.04
1979,1.07,7.0,2.06,2.48,1.24,0.0,0.4,0.06,0.5,0.0,1.06,0.85,0.43,0.0,0.53,0.58,0.49,1.23,2.57,0.2,1.29,0.21,0.05,0.3,0.62,3.52,0.0,1.07,0.0,0.26,0.1,0.48,0.09,0.0,0.13,0.6,1.11,0.02,0.0,1.01,1.14,0.08,1.41,1.25,0.0,0.56,0.0,0.18,0.17,0.0,0.0
1980,0.36,4.25,0.91,0.9,0.54,0.08,0.63,0.0,0.7,0.0,1.09,0.79,0.24,0.0,0.06,0.17,0.14,0.0,2.49,0.13,0.18,0.0,0.11,0.14,0.09,2.86,0.0,0.56,0.18,0.08,0.17,0.49,0.75,0.0,0.14,0.16,0.91,0.2,0.04,0.68,0.67,0.02,1.22,0.91,0.0,0.14,0.0,0.16,0.62,0.19,0.0
1981,1.05,3.18,2.66,1.14,0.85,0.0,0.44,0.18,0.11,0.0,1.11,0.68,0.41,0.0,0.51,0.17,0.15,0.93,0.64,0.13,0.21,0.0,0.21,0.44,0.66,1.0,0.0,0.46,0.07,0.21,0.32,0.26,0.0,0.0,0.08,0.52,0.34,0.05,0.07,0.0,0.72,0.15,0.14,1.18,0.0,0.15,0.24,0.66,0.29,0.0,0.0
1982,0.2,9.61,1.43,1.23,1.66,0.0,0.81,0.13,1.11,0.0,2.03,0.72,0.55,0.0,0.63,0.2,0.29,0.11,2.33,0.23,0.03,0.0,0.25,0.07,1.58,2.86,0.0,0.42,0.12,0.23,0.02,0.0,0.0,0.12,0.0,0.08,1.21,0.02,0.19,0.93,0.87,0.25,0.97,0.86,0.0,0.19,0.0,0.24,0.22,0.19,0.0
1983,0.55,0.53,1.4,1.41,1.31,0.05,0.62,0.0,0.4,1.0,1.11,0.68,0.3,0.0,0.41,0.73,0.19,0.9,2.18,0.13,0.32,0.43,0.0,0.48,1.21,3.13,0.1,0.43,0.0,0.21,0.48,0.37,0.0,0.0,0.44,0.03,0.84,0.0,0.34,1.91,0.44,0.09,1.26,0.86,0.0,0.32,0.23,0.29,0.18,0.0,0.04
1984,1.07,2.28,1.02,0.6,1.24,0.0,0.09,0.0,0.19,1.0,0.93,0.46,0.16,0.0,0.28,0.1,0.26,0.94,1.74,0.58,0.35,1.22,0.15,0.14,0.52,1.23,0.0,0.49,0.0,0.13,0.7,0.39,0.0,0.0,0.33,0.04,0.52,0.04,0.14,0.95,1.12,0.22,0.96,0.47,0.0,0.26,0.08,0.19,0.1,0.19,0.0
1985,0.71,3.24,2.7,0.52,1.11,0.0,0.15,0.11,0.64,3.0,1.02,0.67,0.34,0.0,0.24,0.34,0.84,0.11,2.11,0.46,1.02,0.0,0.2,0.26,1.06,0.78,0.0,0.97,0.0,0.42,0.57,0.46,0.0,0.0,0.13,0.0,1.17,0.05,0.28,1.64,0.92,0.0,0.25,1.1,0.0,0.64,0.1,0.03,0.24,1.03,0.11
1986,1.75,9.77,1.44,0.65,0.63,0.08,0.62,0.11,0.77,0.0,0.66,0.53,0.46,0.0,0.38,0.17,0.73,0.3,1.32,0.43,0.21,0.0,0.64,0.24,1.12,1.21,0.16,0.25,0.0,0.2,0.23,0.34,0.0,0.0,0.08,0.03,2.14,0.09,0.15,0.95,0.48,0.18,0.59,0.89,0.0,0.01,0.12,0.93,0.45,0.0,0.03
1987,3.38,6.1,2.57,0.4,1.56,0.0,0.21,0.04,0.47,0.0,1.03,0.36,0.48,0.26,0.32,0.3,0.32,0.1,1.08,0.38,0.19,0.51,0.22,0.14,0.65,0.8,0.0,0.5,0.13,0.37,0.46,0.37,0.0,0.0,0.28,0.18,0.74,0.15,0.13,0.69,0.67,0.03,0.55,0.74,0.0,0.91,0.47,0.33,0.13,0.0,0.0
1988,1.31,6.63,1.32,0.87,1.25,0.0,0.27,0.0,0.34,0.0,1.14,0.31,0.28,0.0,0.13,0.15,0.23,0.69,1.29,0.32,0.0,0.0,0.3,0.12,0.36,1.14,0.04,0.13,0.0,0.22,0.52,0.12,0.0,0.0,0.22,0.23,0.87,0.02,0.26,0.0,0.74,0.0,0.71,0.38,0.0,0.16,0.0,0.19,0.13,0.0,0.0
1989,1.41,9.69,0.77,0.7,1.05,0.0,0.27,0.1,1.21,0.0,0.33,0.96,0.32,0.0,0.45,0.49,0.45,1.01,2.9,0.21,0.67,0.3,0.18,0.23,0.54,1.42,0.0,0.58,0.0,0.37,0.57,1.21,0.17,0.1,0.18,0.16,1.21,0.0,0.0,0.64,0.98,0.2,1.3,0.86,0.0,0.25,0.37,0.34,0.17,0.24,0.0
1990,1.27,8.73,1.38,2.21,1.44,0.0,0.24,0.06,0.59,0.0,0.4,1.31,0.69,0.0,0.55,0.85,0.26,0.33,1.89,0.51,0.58,0.0,0.05,0.42,0.32,1.9,0.0,1.1,0.06,0.34,0.75,0.71,0.0,0.0,0.07,0.42,0.96,0.09,0.0,0.73,1.21,0.16,0.93,1.3,0.0,0.99,0.17,1.26,0.36,0.0,0.0
1991,1.32,6.21,0.75,0.82,1.73,0.0,0.38,0.0,0.97,1.0,0.99,0.98,0.24,0.0,0.44,0.24,0.13,0.68,3.3,1.31,0.5,0.72,0.24,0.45,0.51,2.96,0.0,0.48,0.38,0.12,1.15,0.45,0.09,0.0,0.07,0.22,0.82,0.04,0.0,1.01,0.86,0.1,2.02,1.47,0.0,0.12,0.1,0.43,0.37,0.0,0.1
1992,2.04,3.05,1.64,0.61,0.48,0.0,0.34,0.06,0.64,2.0,1.38,0.98,0.3,0.0,0.39,0.36,0.39,0.65,2.47,0.44,0.34,0.0,0.0,0.14,0.8,1.48,0.06,0.71,0.07,0.2,0.09,0.72,0.0,0.0,0.04,0.1,0.46,0.0,0.07,0.68,0.85,0.03,0.75,0.85,0.0,0.69,0.1,0.03,0.22,0.0,0.0
1993,2.0,2.84,1.08,0.27,0.96,0.12,0.39,0.0,0.01,0.0,0.78,0.49,0.69,0.0,0.68,0.75,0.64,0.2,1.77,0.08,0.34,0.0,0.05,0.38,2.03,1.28,0.0,0.47,0.37,0.34,0.27,0.35,0.0,0.0,0.0,0.0,0.96,0.05,0.14,0.0,0.37,0.0,0.48,0.77,0.0,0.76,0.0,0.19,0.38,0.0,0.0
1994,1.17,4.81,0.69,0.85,0.86,0.01,0.21,0.04,0.09,1.0,0.91,1.95,0.09,0.0,0.21,0.2,0.45,0.0,1.16,0.36,0.53,0.21,0.19,0.39,0.72,1.41,0.06,0.54,0.19,0.06,0.02,0.0,0.0,0.0,0.16,0.06,0.8,0.32,0.41,0.32,0.71,0.29,1.14,1.15,0.0,0.12,0.0,0.25,0.02,0.25,0.05
1995,0.79,0.51,1.91,1.93,0.39,0.03,1.43,0.17,0.62,1.0,1.91,1.72,0.1,0.0,0.24,0.32,0.61,0.89,3.14,0.45,0.06,0.0,0.06,0.52,0.6,1.57,0.0,1.57,0.0,0.12,0.73,0.51,0.0,0.0,0.54,0.33,0.49,0.09,0.14,0.73,0.99,0.19,0.37,0.95,0.0,1.32,0.09,0.61,0.39,0.17,0.0
1996,0.73,4.12,1.71,1.47,0.88,0.0,0.66,0.08,1.28,2.0,0.82,1.2,0.57,0.0,0.7,0.81,0.56,0.48,1.82,1.26,1.09,1.95,0.11,0.17,0.8,0.76,0.0,1.1,0.06,0.29,1.42,0.82,0.0,0.0,0.52,0.23,0.79,0.99,0.55,1.01,0.78,0.13,0.7,0.66,0.0,1.43,0.09,0.71,0.43,0.59,0.0
1997,1.09,2.83,0.66,0.92,1.02,0.0,0.49,0.18,0.09,2.0,1.49,1.72,0.16,0.0,0.23,0.22,0.42,0.88,2.33,0.09,0.8,0.0,0.04,0.15,0.42,1.13,0.17,0.45,0.27,0.19,0.24,0.45,0.08,0.0,0.09,0.21,0.46,0.15,0.0,0.37,0.87,0.06,0.99,1.58,0.0,0.39,0.22,0.51,0.15,0.24,0.0
1998,0.64,0.87,3.0,1.26,1.07,0.02,0.52,0.0,0.33,1.0,1.61,1.38,0.48,0.23,0.48,0.54,0.96,0.73,3.35,0.83,0.36,0.93,0.16,0.22,1.13,1.45,0.0,0.63,0.07,0.23,0.63,0.29,0.0,0.0,0.11,0.19,1.41,0.18,0.07,1.69,1.07,0.33,0.88,2.0,0.0,0.31,0.58,0.33,0.21,0.0,0.03
1999,1.78,3.97,0.91,1.41,0.68,0.0,0.16,0.18,1.02,1.0,0.95,0.51,0.28,0.0,0.4,0.17,0.38,0.22,2.28,1.44,0.59,1.52,0.14,0.24,0.35,1.65,0.0,1.2,0.0,0.23,1.42,1.12,0.16,0.0,0.71,0.07,0.95,0.15,0.27,1.0,0.53,0.16,0.96,0.36,0.0,0.45,0.74,0.64,0.38,0.11,0.04
2000,1.43,3.49,2.18,0.74,0.69,0.0,0.31,0.09,0.72,2.0,1.03,0.25,0.19,0.0,0.61,0.6,0.15,0.62,1.38,0.67,0.43,0.51,0.27,0.18,0.48,1.54,0.04,0.33,0.0,0.21,0.49,0.31,0.0,0.0,0.13,0.07,1.11,0.0,0.13,0.63,0.29,0.14,0.49,0.86,0.0,0.19,0.19,0.01,0.67,0.31,0.04
2001,1.75,2.95,2.1,2.33,1.7,0.0,0.17,0.0,0.41,0.0,1.71,0.36,0.36,0.0,0.27,0.43,0.27,0.53,2.63,0.56,0.26,0.0,0.11,0.25,0.34,2.23,0.04,0.28,0.0,0.22,0.26,0.32,0.0,0.0,0.17,0.0,1.24,0.0,0.13,1.68,0.14,0.07,0.98,1.19,0.0,0.08,0.0,0.51,0.11,0.19,0.0
2002,1.67,5.94,0.91,0.6,1.23,0.0,0.5,0.0,0.09,0.0,0.94,0.4,0.29,0.0,0.89,0.66,0.29,0.32,2.28,0.07,0.33,0.0,0.0,0.65,0.86,1.98,0.06,0.53,0.23,0.13,0.3,0.35,0.0,0.05,0.13,0.16,0.58,0.09,0.0,0.32,0.48,0.1,1.64,1.44,0.2,0.36,0.14,0.52,0.24,0.13,0.0
2003,2.06,1.33,3.43,1.54,0.6,0.0,0.24,0.06,0.18,0.0,1.23,1.03,0.32,0.0,0.63,1.09,0.47,0.0,1.7,0.05,0.11,0.0,0.01,0.03,0.79,2.12,0.0,1.1,0.0,0.28,0.23,0.2,0.0,0.0,0.23,0.19,0.79,0.05,0.44,0.0,0.96,0.11,1.97,0.61,0.0,0.88,0.14,0.99,0.11,0.23,0.0
2004,1.97,4.39,2.33,1.6,1.09,0.19,0.5,0.0,0.4,1.0,2.83,1.75,0.56,0.2,0.23,0.44,0.37,0.65,2.52,0.94,0.95,0.0,0.02,0.34,0.54,1.24,0.0,1.1,0.0,0.14,0.3,1.08,0.09,0.0,0.37,0.1,0.79,0.0,1.56,0.0,1.06,0.12,1.17,1.24,0.0,0.72,0.23,0.06,0.2,0.12,0.0
2005,1.59,4.89,2.87,1.02,0.6,0.02,0.77,0.0,1.54,1.0,1.03,0.91,0.22,0.0,0.03,0.48,0.52,0.33,0.88,1.27,1.19,1.22,0.13,0.52,0.51,2.25,0.04,0.5,0.18,0.15,1.37,0.79,0.0,0.19,0.36,0.27,0.89,0.04,0.26,1.97,0.74,0.06,0.61,0.33,0.2,0.71,0.0,0.33,0.39,0.0,0.0
2006,1.62,4.42,1.35,0.53,0.93,0.0,0.21,0.03,0.94,2.0,0.88,0.14,0.52,0.0,0.31,0.64,0.23,0.89,1.89,0.75,1.31,0.51,0.15,0.15,0.74,1.38,0.0,0.81,0.0,0.18,1.45,0.35,0.17,0.0,0.41,0.44,0.76,0.29,0.52,1.29,0.45,0.14,0.25,0.72,0.0,0.39,0.32,1.14,0.25,0.0,0.0
2007,1.16,0.79,1.57,0.51,0.86,0.04,0.16,0.0,1.07,1.0,1.02,0.76,0.85,0.0,0.34,0.18,0.85,0.99,0.66,0.41,0.47,0.51,0.11,0.28,0.54,0.73,0.0,0.3,0.06,0.59,0.24,1.28,0.0,0.0,0.23,0.3,1.81,0.19,0.0,0.0,0.41,0.34,0.26,1.13,0.0,0.2,0.0,0.47,0.47,0.0,0.0
2008,0.68,5.86,1.71,1.79,2.32,0.0,0.35,0.0,1.2,0.0,1.86,1.29,0.98,0.0,1.05,0.67,0.63,0.0,1.88,1.3,0.44,1.23,0.65,0.11,2.35,1.59,0.0,0.56,0.0,0.34,1.05,0.8,0.0,0.0,0.11,0.16,1.19,0.04,0.13,1.01,0.74,0.22,0.7,0.94,0.0,0.79,0.23,0.51,0.68,0.0,0.12
2009,1.0,4.72,2.46,2.36,2.98,0.0,0.36,0.0,0.11,2.0,0.68,1.45,0.19,0.0,0.18,0.63,0.65,0.4,2.27,0.43,0.39,0.21,0.08,0.0,1.35,1.67,0.0,0.39,0.0,0.14,0.03,0.17,0.0,0.0,0.0,0.09,1.15,0.25,0.14,0.32,0.82,0.09,0.93,0.75,0.0,0.29,0.0,0.39,0.06,0.0,0.0
2010,1.05,0.27,3.32,1.72,0.4,0.24,0.55,0.06,0.84,1.0,1.2,0.59,0.41,0.0,0.49,0.25,0.51,1.13,0.69,1.28,0.68,0.51,0.05,0.48,1.1,0.66,0.0,1.03,0.17,0.26,0.51,0.77,0.0,0.0,1.03,0.33,0.93,0.0,0.81,2.65,0.54,0.18,1.22,0.87,0.0,0.38,0.8,0.3,0.69,0.0,0.0
2011,1.19,0.45,2.86,1.26,2.1,0.0,0.18,0.16,1.46,1.0,1.98,0.37,0.17,0.0,0.41,0.49,0.24,0.34,1.08,0.48,1.14,0.72,0.74,0.04,0.38,1.85,0.17,0.49,0.0,0.33,0.77,2.03,0.0,0.0,0.61,0.12,0.42,0.0,0.35,0.68,0.07,0.17,1.48,0.3,0.0,0.32,1.06,0.51,0.11,0.19,0.0
2012,0.87,1.83,1.8,1.44,0.56,0.05,0.47,0.06,0.21,0.0,1.56,0.6,0.11,0.0,0.38,0.12,0.1,0.0,1.8,0.29,1.51,1.01,0.14,0.48,0.52,1.79,0.0,0.38,0.0,0.07,0.47,0.56,0.0,0.0,0.23,0.0,0.82,0.14,0.33,0.37,0.41,0.1,0.55,0.64,0.0,0.15,0.26,0.33,0.09,0.31,0.0
2013,1.11,2.47,1.73,1.48,1.97,0.06,0.07,0.26,0.97,1.0,0.68,1.44,0.41,0.2,0.9,1.33,0.41,0.0,2.67,0.32,0.67,0.21,0.35,0.11,0.97,1.78,0.0,1.13,0.0,0.1,0.19,0.58,0.0,0.09,0.38,0.12,0.89,0.21,0.14,1.65,0.65,0.33,0.77,1.0,0.0,0.27,0.13,0.01,0.04,0.0,0.0
2014,2.03,4.66,1.85,1.25,0.29,0.08,0.58,0.0,0.2,0.0,1.22,1.11,1.04,0.0,0.49,0.25,0.37,1.3,1.7,0.5,0.34,0.51,0.08,0.08,0.93,1.55,0.16,0.7,0.15,0.33,0.22,0.69,0.0,0.0,0.27,0.18,0.4,0.0,0.13,0.96,0.4,0.17,0.7,0.9,0.0,0.61,0.0,0.05,0.3,0.11,0.04
2015,1.23,5.14,0.79,0.73,2.47,0.08,0.18,0.03,0.09,1.0,0.68,0.76,0.63,0.0,0.64,0.53,0.48,0.38,2.13,0.22,0.26,1.02,0.02,0.1,1.49,1.63,0.0,0.44,0.07,0.16,0.77,0.35,0.19,0.0,0.19,0.26,2.32,0.09,0.07,0.33,1.22,0.06,0.73,2.66,0.0,0.43,0.11,0.42,0.25,0.0,0.0
2016,0.98,5.25,1.69,0.83,1.56,0.02,0.53,0.0,0.01,2.0,1.33,1.15,0.81,0.0,0.37,0.23,0.62,0.38,3.42,0.05,0.46,0.21,0.35,0.96,0.98,1.57,0.0,1.39,0.28,0.33,0.4,0.44,0.0,0.0,0.29,0.0,0.45,0.59,0.65,0.37,1.68,0.06,0.68,1.3,0.0,0.62,0.0,0.54,0.63,0.3,0.12
2017,1.13,3.89,3.94,1.45,1.34,0.04,0.68,0.04,1.18,1.0,2.26,1.47,0.49,0.0,0.53,0.5,0.27,1.36,2.62,0.59,0.69,0.0,0.57,0.16,1.24,1.98,0.0,0.81,0.3,0.43,0.41,0.81,0.0,0.0,0.31,0.32,1.08,0.0,0.07,0.68,0.79,0.11,1.3,1.27,0.0,0.34,0.0,0.41,0.35,0.24,0.0
2018,1.29,6.03,0.79,1.6,2.44,0.08,0.36,0.15,0.14,1.0,0.73,1.73,0.77,0.0,0.46,0.87,0.45,0.48,2.3,0.48,1.12,0.0,0.1,0.35,0.25,0.78,0.0,1.52,0.07,0.32,0.3,0.96,0.41,0.0,0.16,0.21,1.3,0.0,0.62,0.64,1.11,0.27,1.09,1.65,0.0,1.22,0.0,0.28,0.56,0.0,0.0
2019,0.89,2.84,0.47,0.55,1.69,0.04,0.43,0.0,0.01,0.0,1.23,0.88,0.22,0.0,0.55,0.31,0.84,0.0,2.91,0.19,0.28,0.0,0.21,0.24,1.36,1.44,0.07,0.37,0.23,0.37,0.08,0.0,0.11,0.0,0.17,0.27,1.34,0.12,0.35,0.63,0.83,0.32,1.2,0.87,0.0,0.17,0.51,0.57,0.22,0.14,0.0
2020,1.15,4.92,2.18,2.77,2.02,0.0,0.12,0.0,0.21,-999.0,1.09,2.96,0.19,0.0,0.35,0.18,0.25,0.52,2.36,0.08,0.62,0.0,0.48,0.14,0.49,2.13,0.0,2.06,0.0,0.17,0.33,0.35,0.0,0.0,0.1,0.09,1.02,0.0,0.23,0.0,1.14,0.06,1.19,0.83,0.0,0.82,0.0,0.26,0.55,0.26,0.0
2021,0.95,5.68,1.16,1.08,0.95,0.0,0.82,0.12,2.02,-999.0,1.01,1.88,0.36,0.0,0.41,0.53,0.45,0.62,3.24,1.17,0.83,0.0,0.24,0.21,0.81,2.23,0.0,0.79,0.07,0.67,0.45,1.74,0.0,0.0,0.5,0.27,0.61,0.0,0.37,0.46,0.21,0.05,0.98,0.99,0.0,0.2,0.0,0.67,0.47,0.13,0.0
2022,1.21,1.92,3.63,1.21,1.17,0.0,0.52,0.05,0.11,-999.0,2.05,0.62,0.27,0.0,0.23,0.44,0.29,0.31,1.88,0.0,0.0,0.0,0.12,0.14,0.39,1.32,0.0,0.43,0.0,0.09,0.29,0.62,0.0,0.0,0.22,0.31,0.3,0.22,0.15,0.0,0.65,0.14,0.35,0.35,0.0,0.26,0.0,0.82,0.29,0.0,0.0
2023,1.22,3.56,1.03,1.67,1.39,0.08,0.86,0.05,1.43,-999.0,1.8,0.62,0.17,0.0,0.37,0.07,0.19,0.11,1.69,0.52,0.21,0.43,0.04,0.08,0.35,0.46,0.0,0.58,0.0,0.25,0.63,1.12,0.0,0.05,0.14,0.05,0.31,0.03,0.17,1.38,0.9,0.09,0.54,0.46,0.0,0.15,0.3,0.33,0.0,0.0,0.12
2024,1.11,3.45,1.45,1.59,1.56,0.0,0.54,0.0,0.66,-999.0,2.11,2.78,0.44,0.0,0.32,0.06,0.42,0.0,3.46,0.1,0.2,0.8,0.1,0.14,1.1,1.51,0.11,1.47,0.07,0.31,0.14,0.62,0.0,0.0,0.16,0.15,0.83,0.18,0.45,1.65,1.5,0.25,1.01,1.4,0.0,1.83,0.34,0.0,0.09,0.0,0.0
