Year,AK,HI,PR,AL,AR,AZ,CA,CO,CT,DE,FL,GA,IA,ID,IL,IN,KS,KY,LA,MA,MD,ME,MI,MN,MO,MS,MT,NC,ND,NE,NH,NJ,NM,NV,NY,OH,OK,OR,PA,RI,SC,SD,TN,TX,UT,VA,VT,WA,WI,WV,WY
1950,124.27,-999,-999,5.56,13.54,29.27,9.88,94.47,52.63,22.49,0.51,3.67,99.66,60.67,64.43,55.95,62.65,32.6,1.25,52.11,25.48,95.46,96.17,132.77,51.45,3.95,101.2,13.66,140.57,92.95,95.22,34.62,51.6,46.35,79.11,56.93,35.46,29.49,59.98,42.87,5.39,117.64,19.26,12.07,59.24,24.84,88.24,33.22,114.43,40.63,105.74
1951,127.46,-999,-999,9.45,19.97,33.16,11.06,109.28,50.78,25.34,0.86,6.52,89.89,80.26,54.19,49.45,62.09,30.58,4.79,50.55,26.8,85.43,79.93,122.11,47.03,9.14,121.11,17.5,136.26,96.36,88.95,33.04,58.84,59.52,68.96,50.2,32.6,25.12,56.83,37.09,9.49,118.37,21.2,16.15,77.29,26.97,77.78,33.39,104.28,42.56,126.26
1952,123.53,-999,-999,2.52,6.49,36.29,13.1,110.62,39.88,6.6,0.0,1.59,67.55,87.47,31.76,28.63,49.64,11.95,0.21,43.39,11.29,86.18,68.59,113.09,26.95,1.32,108.2,8.57,129.58,80.74,87.08,22.24,56.94,66.65,60.84,30.5,19.56,29.2,43.33,31.54,3.41,110.12,10.36,5.84,79.82,12.31,69.55,28.67,93.91,26.68,121.2
1953,121.65,-999,-999,3.35,8.1,36.2,7.91,96.56,32.79,5.58,0.07,2.6,64.9,45.89,32.62,30.75,31.22,13.63,0.41,35.39,10.08,69.16,55.82,104.97,23.31,2.81,76.84,9.71,109.68,59.7,72.59,21.32,57.13,58.74,51.07,29.36,12.08,11.11,32.53,26.52,3.26,88.53,10.87,7.14,61.4,12.85,58.31,8.17,79.97,31.15,95.63
1954,136.09,-999,-999,2.22,8.47,24.19,10.06,90.6,44.47,19.83,0.12,2.0,63.66,64.27,31.65,30.76,42.57,16.77,0.57,49.53,23.9,87.53,68.4,99.38,29.01,1.5,88.7,15.61,99.93,63.81,90.97,37.64,45.79,65.53,71.93,34.99,23.89,23.51,51.73,36.79,3.98,85.06,11.94,6.43,64.72,22.9,87.72,24.19,85.27,34.93,96.72
1955,139.25,-999,-999,9.18,16.12,41.22,15.44,114.44,59.65,29.41,0.27,5.75,94.11,90.29,58.02,56.98,66.74,34.96,1.51,64.28,32.89,98.71,83.19,128.86,48.33,7.86,118.8,21.89,137.71,101.77,99.49,44.07,62.02,83.39,83.19,51.05,37.18,31.22,62.41,53.15,9.32,118.75,23.6,10.75,90.63,34.21,95.13,43.41,109.1,54.12,126.04
1956,144.05,-999,-999,3.37,7.81,42.57,13.22,110.34,49.48,18.31,0.23,1.95,82.86,75.68,41.88,38.44,53.94,16.53,0.3,52.93,19.22,101.82,82.62,120.45,37.85,3.01,97.22,9.3,127.51,82.41,97.98,30.34,65.96,74.63,78.56,40.12,25.49,29.91,51.65,38.14,3.26,102.97,10.3,8.4,83.94,18.24,89.65,36.22,104.78,34.33,111.29
1957,109.02,-999,-999,5.02,7.57,19.54,11.17,96.56,47.64,17.19,0.86,5.49,71.03,69.39,38.11,39.28,42.64,17.73,1.48,50.23,20.04,89.63,80.73,112.37,31.9,3.89,93.03,10.93,119.29,77.53,90.69,30.01,37.66,62.39,68.65,40.78,19.1,28.85,47.3,40.45,6.32,97.11,10.57,6.01,63.96,17.82,83.89,32.09,96.36,32.8,103.15
1958,123.79,-999,-999,15.36,18.66,20.68,6.24,99.51,63.05,43.16,1.29,11.56,71.92,56.52,53.7,57.85,55.09,47.9,2.31,63.07,43.13,82.42,78.73,103.25,47.22,11.23,88.88,29.55,116.46,82.57,91.47,50.34,51.22,59.07,79.32,57.11,29.22,14.08,65.4,55.26,17.5,99.07,36.53,8.73,65.98,39.85,83.49,13.43,90.46,55.89,103.59
1959,130.02,-999,-999,9.18,18.1,29.78,10.89,105.53,57.74,24.42,0.74,7.77,79.35,72.68,47.59,46.39,52.99,29.6,1.95,61.75,29.2,101.76,84.97,114.73,42.5,8.07,92.54,16.37,120.78,82.36,98.05,40.84,58.9,72.63,82.53,48.44,29.44,23.81,59.46,51.49,9.31,99.76,23.49,11.74,72.09,27.21,90.1,26.57,102.79,44.45,112.51
1960,121.22,-999,-999,11.81,17.81,38.77,9.47,107.59,67.84,33.07,0.9,11.17,95.64,76.8,66.54,67.91,62.54,44.65,2.08,64.07,40.56,96.54,87.91,120.88,55.69,9.55,98.87,28.51,130.4,93.27,100.61,47.63,56.94,65.54,87.91,67.67,32.3,30.33,73.13,53.92,16.61,110.29,30.52,10.36,75.55,43.72,92.16,35.05,108.14,58.84,107.1
1961,131.95,-999,-999,7.61,15.73,31.55,9.08,105.45,57.66,28.39,0.59,5.18,68.98,67.39,41.44,40.95,48.44,27.09,1.39,62.06,31.15,97.99,67.65,103.85,37.52,7.54,90.93,18.54,121.47,80.4,91.12,40.03,48.66,67.07,73.06,44.53,26.43,19.46,55.27,45.0,7.25,96.58,21.33,9.01,77.88,29.02,80.16,25.69,85.39,39.98,104.74
1962,119.65,-999,-999,10.54,14.15,29.36,11.25,96.9,67.14,35.01,2.27,7.61,81.22,67.87,56.13,53.54,52.5,30.27,6.94,71.61,34.13,102.25,83.91,103.1,49.3,8.97,78.55,17.91,109.96,77.79,100.81,46.82,43.7,68.22,87.82,56.54,32.3,25.51,70.28,57.74,8.89,91.56,19.96,13.45,72.41,30.7,92.42,26.03,94.0,44.63,95.27
1963,116.95,-999,-999,19.55,31.79,33.84,10.67,97.11,65.95,41.52,0.81,12.38,78.77,68.37,63.54,64.28,59.71,48.08,9.89,69.85,44.53,101.8,87.13,103.68,56.04,20.32,84.88,31.71,113.84,77.84,97.92,53.21,60.67,62.42,82.54,62.96,43.17,26.58,68.1,54.09,15.71,89.59,44.65,17.94,77.86,42.81,97.48,27.8,96.29,56.35,97.83
1964,135.62,-999,-999,9.09,19.53,47.89,11.93,117.9,53.79,25.13,0.68,6.09,80.37,87.91,49.68,55.15,56.65,33.7,3.44,60.26,27.7,102.63,81.6,115.71,42.94,11.05,104.22,15.96,129.71,95.6,97.68,39.17,69.47,74.8,80.34,53.45,29.82,27.59,62.58,46.06,7.16,111.21,25.33,11.09,90.44,26.34,92.1,30.49,99.57,48.29,126.42
1965,124.17,-999,-999,9.54,14.25,25.53,9.39,96.42,54.57,29.0,0.65,6.62,83.23,64.44,51.11,48.4,53.71,33.22,1.49,63.77,31.98,107.92,74.77,117.34,43.19,10.33,97.27,20.08,126.28,85.53,101.56,42.82,48.61,56.29,78.84,47.11,29.12,20.01,59.37,53.92,5.86,103.37,23.44,7.68,61.42,31.49,92.87,23.89,94.88,47.72,105.64
1966,135.07,-999,-999,9.26,17.45,31.15,9.59,106.02,51.83,30.13,1.16,7.79,83.47,68.75,53.3,53.68,61.53,37.96,3.02,60.14,33.39,93.93,80.42,112.43,52.84,10.07,101.26,19.6,129.78,88.86,96.39,41.95,65.96,64.73,76.33,53.36,35.43,17.62,62.47,43.34,10.08,103.11,26.32,16.52,79.0,36.64,91.79,18.87,94.27,54.75,112.0
1967,120.25,-999,-999,4.83,14.94,30.42,11.54,101.44,53.21,27.98,0.27,4.47,75.04,64.59,48.68,53.36,49.35,35.41,0.48,63.99,28.17,113.91,79.17,115.21,40.21,7.3,94.52,15.19,125.11,81.75,107.08,40.7,61.19,62.12,79.09,53.63,25.3,17.18,57.82,48.66,4.39,98.93,22.37,9.75,78.63,32.41,88.99,19.83,97.3,46.26,103.95
1968,132.99,-999,-999,11.79,17.61,27.38,11.27,110.84,65.64,41.42,0.4,8.68,76.28,69.31,54.56,58.48,58.42,45.27,1.36,70.16,39.73,98.82,78.79,102.74,50.09,12.12,90.8,28.06,110.63,82.81,97.56,52.17,56.08,57.98,80.68,62.58,30.82,19.38,67.46,58.81,11.57,97.06,36.97,8.01,72.7,46.7,87.87,25.07,89.02,61.06,114.11
1969,116.67,-999,-999,6.65,9.54,20.86,11.45,100.48,59.76,26.25,0.29,6.0,86.8,77.9,52.88,56.9,46.02,33.12,0.89,64.81,30.15,102.52,85.61,116.76,40.72,7.01,109.58,20.33,125.7,86.3,104.6,41.87,52.34,61.04,89.22,61.55,19.85,29.95,67.77,53.21,9.12,107.16,23.47,6.7,71.84,36.89,94.29,37.06,105.5,60.91,112.41
1970,118.33,-999,-999,12.96,19.62,30.65,8.02,106.5,71.72,37.12,1.81,12.52,82.01,61.46,56.14,56.1,57.48,34.95,3.33,81.1,36.64,107.29,91.54,124.64,47.34,12.62,103.08,26.21,131.51,89.96,110.48,47.42,59.32,59.43,91.87,58.59,30.56,20.25,66.5,67.9,15.79,107.61,27.27,9.5,69.31,35.12,102.16,29.58,102.64,45.04,115.51
1971,135.45,-999,-999,7.33,11.83,37.96,14.47,102.04,48.85,26.24,0.95,6.73,75.05,73.8,45.9,48.18,45.95,27.57,1.17,61.86,26.92,112.73,85.0,115.4,38.05,6.44,98.57,15.36,123.59,79.27,104.47,35.5,60.93,70.14,81.91,48.78,23.67,27.21,57.12,45.0,6.55,104.73,21.35,8.68,78.4,28.77,95.77,34.94,100.17,46.2,110.35
1972,143.23,-999,-999,5.69,13.56,32.48,14.4,98.99,56.92,23.17,0.19,4.26,85.63,65.91,53.2,48.34,55.48,26.4,2.6,60.71,20.09,118.63,89.77,123.01,42.03,7.23,93.47,12.68,125.16,82.45,107.39,34.2,60.43,59.09,86.75,48.62,34.09,31.12,55.13,46.7,6.04,103.44,18.04,13.24,65.87,22.63,94.82,35.55,108.72,38.98,99.97
1973,126.8,-999,-999,7.08,11.49,30.12,7.27,100.94,40.61,21.75,0.57,4.67,57.09,65.08,37.36,37.0,38.8,24.31,1.52,44.69,23.2,84.83,62.7,90.98,32.95,7.22,85.07,17.9,106.8,59.4,79.32,30.28,56.63,48.92,61.02,38.5,22.94,17.86,45.97,34.78,8.35,77.57,20.26,10.6,75.83,26.25,64.67,21.68,76.56,37.01,106.43
1974,128.22,-999,-999,3.47,8.76,34.71,10.18,99.2,49.1,12.59,0.32,2.43,64.13,57.96,36.36,36.91,42.73,15.09,0.08,56.35,13.47,103.31,72.01,108.63,32.74,3.24,74.43,8.52,123.9,69.59,102.28,31.48,61.81,56.66,76.76,39.81,25.59,23.17,47.3,43.05,2.34,87.23,10.8,9.34,75.69,16.3,80.91,21.81,86.89,28.3,99.46
1975,133.57,-999,-999,6.82,11.12,36.12,11.53,112.01,48.34,14.54,0.0,4.38,85.04,74.87,42.21,33.14,52.03,19.97,1.44,55.15,14.79,101.33,78.02,119.73,36.6,5.1,105.48,11.17,125.4,91.0,98.19,28.33,62.95,63.63,77.11,34.01,23.35,25.55,48.88,39.8,3.83,108.17,17.02,8.46,84.8,18.78,78.36,35.03,104.17,32.81,116.15
1976,120.12,-999,-999,14.59,17.62,34.22,12.93,107.54,67.41,36.44,0.66,9.73,83.13,84.81,64.49,63.65,55.45,40.37,2.88,75.89,33.69,113.78,94.04,117.87,51.1,13.07,86.43,24.57,124.13,83.41,118.6,49.72,66.83,79.54,93.56,62.74,33.9,27.45,71.45,65.83,11.67,96.73,32.23,13.54,90.84,33.64,96.36,29.26,110.41,56.05,112.35
1977,116.12,-999,-999,21.22,25.65,21.89,9.72,103.88,60.1,46.2,2.06,16.32,80.18,74.62,65.21,63.7,57.8,45.55,6.46,61.57,46.99,97.11,87.55,102.78,53.82,18.49,88.38,36.39,110.96,82.75,96.75,51.06,55.08,63.56,77.34,63.04,32.58,25.26,65.91,53.79,23.8,91.66,42.02,12.13,75.31,44.38,79.15,29.02,94.3,57.53,105.61
1978,108.22,-999,-999,14.18,30.61,21.43,8.45,102.06,68.14,51.19,0.26,10.05,96.89,64.66,71.94,68.45,72.07,49.19,3.21,76.85,43.3,121.18,97.35,120.31,64.22,17.11,107.74,27.26,124.79,99.98,122.25,52.62,48.29,47.61,95.4,69.34,50.09,26.96,73.02,66.49,13.39,113.01,42.66,16.54,58.91,39.01,103.15,33.58,114.12,55.21,113.11
1979,111.62,-999,-999,12.85,28.27,27.95,9.57,107.37,48.82,28.39,1.18,9.39,87.21,78.44,65.56,61.44,60.92,40.78,6.1,47.57,32.8,78.53,82.64,116.24,60.72,14.94,102.39,22.59,136.81,87.51,76.98,39.0,61.23,59.75,68.11,56.68,39.44,30.37,55.63,45.41,13.4,112.29,32.29,16.09,84.6,34.86,70.44,36.37,104.53,54.6,113.85
1980,112.66,-999,-999,9.96,18.41,21.25,6.72,93.31,67.43,34.61,0.54,6.73,77.81,58.43,55.88,57.16,50.09,33.8,1.61,76.59,34.31,113.84,88.65,112.8,47.9,8.89,86.37,23.42,118.94,77.01,108.9,49.4,48.25,49.08,88.2,57.67,29.5,21.29,69.84,57.57,11.4,97.22,24.23,9.19,58.87,32.42,92.68,26.96,101.0,50.03,98.95
1981,99.41,-999,-999,13.85,17.31,19.56,4.17,81.54,52.91,32.47,2.34,11.59,69.02,46.34,50.4,52.37,44.82,36.19,3.78,59.65,37.06,87.75,75.3,93.63,42.04,14.03,73.99,29.7,98.22,70.11,86.1,44.4,46.44,40.38,71.42,49.5,22.65,13.11,62.14,51.49,17.62,81.78,29.96,5.84,52.58,37.41,77.08,16.09,86.82,54.8,90.11
1982,126.44,-999,-999,9.02,18.96,18.75,10.59,101.1,59.62,30.75,1.11,6.08,79.65,76.67,58.85,53.58,58.72,29.34,4.72,69.76,31.99,107.29,86.29,109.18,51.3,11.14,101.74,15.55,121.78,89.77,101.16,44.6,51.85,59.68,82.54,53.78,31.68,28.83,62.18,47.42,8.06,102.57,22.73,12.34,74.8,29.9,91.12,35.12,98.15,41.81,111.6
1983,114.21,-999,-999,7.83,16.96,15.62,5.16,95.16,42.9,21.58,2.05,6.31,65.08,54.05,40.34,39.12,49.84,23.38,6.49,48.77,21.78,88.91,69.72,95.08,36.18,8.97,80.05,14.63,99.09,72.87,79.61,30.17,44.57,33.19,63.07,39.37,24.02,16.97,48.05,33.36,7.63,86.77,18.58,14.13,51.46,24.08,74.78,22.19,81.15,34.86,100.39
1984,118.31,-999,-999,8.9,14.21,29.71,8.8,104.21,45.56,28.71,0.34,5.07,66.51,85.25,46.0,45.74,38.74,25.31,2.85,55.73,25.34,93.7,75.78,103.68,34.88,10.11,83.38,15.59,104.21,71.25,87.92,35.46,52.72,61.39,68.94,46.08,17.65,24.02,56.92,41.45,7.06,86.59,20.59,7.4,84.97,26.01,75.53,29.22,89.01,40.88,120.28
1985,119.23,-999,-999,17.03,25.45,24.9,12.97,99.4,61.69,33.08,2.85,9.87,86.73,111.48,67.21,61.6,61.74,43.22,6.72,67.01,35.75,113.72,86.75,112.83,58.66,18.25,108.79,24.5,117.58,91.03,96.52,45.12,52.89,75.92,79.71,60.23,36.05,51.1,66.23,53.85,13.99,105.94,38.45,13.97,79.51,34.92,89.04,54.44,97.53,51.15,124.1
1986,114.88,-999,-999,6.31,11.7,17.85,3.42,80.93,55.13,23.92,0.64,4.83,64.45,55.06,45.16,45.72,36.35,31.55,0.28,60.91,28.45,105.63,72.86,102.0,38.18,8.57,72.19,15.56,106.36,60.6,92.76,36.0,40.56,46.1,69.97,42.61,17.7,14.6,52.98,45.06,5.53,80.95,23.99,4.92,53.26,27.46,81.46,19.74,87.49,41.05,86.08
1987,107.46,-999,-999,3.57,5.87,31.55,9.92,91.69,43.07,16.17,0.0,1.5,50.29,64.79,30.27,26.78,32.44,15.92,0.05,59.9,20.21,95.76,58.83,85.09,24.68,3.04,78.66,10.58,93.6,60.27,93.8,32.29,58.93,57.93,68.07,28.84,16.54,25.03,50.2,45.77,1.85,76.09,12.11,6.87,68.46,22.24,72.73,21.85,70.02,27.83,98.11
1988,115.47,-999,-999,8.42,18.28,30.78,9.98,106.77,59.67,30.22,0.32,6.55,78.97,72.09,58.37,53.85,55.09,36.25,2.01,64.23,34.77,100.95,84.81,111.61,51.26,10.0,83.11,24.1,120.44,83.01,96.97,41.08,62.58,63.62,77.81,53.06,29.6,22.8,62.0,49.48,12.2,96.62,32.52,10.59,82.24,37.58,85.0,26.21,95.32,50.65,109.77
1989,121.57,-999,-999,12.22,22.75,31.09,12.64,103.18,69.62,32.36,1.51,5.84,90.84,74.27,63.63,54.87,63.99,32.61,5.78,80.34,36.66,115.59,98.46,122.38,53.24,13.13,91.51,18.05,129.15,93.87,108.32,57.91,60.63,71.05,91.66,56.61,38.32,31.55,71.94,65.6,8.08,104.83,28.02,18.39,83.39,33.23,100.17,27.43,111.58,48.94,103.43
1990,122.79,-999,-999,1.65,6.98,33.97,16.15,90.17,27.64,6.9,0.0,0.7,65.87,72.75,28.67,22.94,40.79,11.14,1.2,41.37,10.57,92.51,65.19,106.48,23.45,2.28,82.82,4.11,115.27,71.37,83.32,17.22,55.71,70.22,54.62,19.91,18.97,28.07,32.33,25.28,0.56,86.32,8.94,8.81,74.8,9.26,70.0,28.26,91.2,22.36,97.93
1991,110.35,-999,-999,3.74,8.99,27.22,9.44,100.81,41.54,11.8,0.0,2.52,74.07,66.41,45.95,40.91,43.98,21.16,0.06,47.47,19.59,93.59,73.68,106.92,35.12,3.51,84.12,11.17,110.9,71.59,84.91,27.46,49.54,64.53,68.04,39.36,17.92,19.98,47.73,39.57,3.61,90.09,16.83,4.12,78.51,18.9,76.49,21.65,95.76,34.13,103.69
1992,128.7,-999,-999,3.46,5.15,28.95,9.38,93.72,51.51,14.34,0.07,1.45,50.8,57.21,28.11,28.06,30.97,16.77,0.2,63.02,20.07,106.43,64.13,88.11,19.71,2.89,76.91,7.83,102.96,56.23,102.59,33.2,52.57,55.53,73.86,35.98,12.09,15.57,48.36,46.12,1.33,79.91,10.77,5.03,67.93,19.54,90.82,19.68,76.24,36.06,92.73
1993,99.7,-999,-999,5.09,8.86,21.15,11.93,104.13,51.84,19.33,0.17,2.7,77.11,84.94,48.05,43.57,57.17,23.03,0.25,63.11,25.89,106.05,78.97,107.32,42.19,4.18,93.97,11.07,120.53,88.54,103.1,38.03,48.54,65.74,78.65,41.45,25.48,34.71,50.64,51.55,3.31,100.14,17.53,6.83,73.99,25.9,90.98,38.42,92.84,40.02,114.72
1994,121.98,-999,-999,7.28,12.61,27.06,11.44,95.4,59.14,27.87,0.43,5.42,76.38,66.14,41.23,39.21,50.41,22.51,1.2,68.63,26.6,99.2,83.12,102.09,31.94,7.31,88.17,14.21,112.58,78.75,95.79,42.62,49.75,61.08,80.61,43.47,26.79,22.19,59.54,52.08,6.91,98.04,18.78,7.79,64.6,23.88,88.04,17.14,93.37,36.64,100.04
1995,117.33,-999,-999,9.29,11.78,17.31,4.21,87.13,53.45,19.12,0.35,4.63,80.43,49.35,60.96,57.76,49.36,32.44,0.99,58.93,21.68,97.82,85.65,110.53,42.06,8.47,85.46,17.95,119.04,74.0,96.46,37.53,37.27,33.72,74.84,61.37,22.84,16.73,58.23,43.17,7.84,92.09,24.44,5.09,48.27,26.9,80.05,20.0,101.55,44.53,88.1
1996,133.84,-999,-999,14.75,22.64,23.67,4.95,99.15,63.56,34.29,1.76,8.78,87.05,57.62,61.36,58.75,64.56,37.21,7.07,55.42,35.72,88.09,87.95,123.91,48.83,15.1,100.68,19.5,133.78,91.41,91.52,43.99,46.8,43.85,76.64,57.69,37.79,17.75,60.67,46.06,10.27,111.88,27.76,15.9,59.11,37.56,82.5,30.11,109.43,52.93,103.77
1997,116.79,-999,-999,6.21,11.81,27.25,7.02,106.79,47.23,10.26,0.32,3.08,74.27,64.62,41.61,37.36,47.79,21.04,1.42,52.78,14.32,106.46,75.55,106.87,28.49,6.25,88.33,12.03,123.65,80.79,99.44,25.21,54.57,54.9,71.8,37.19,23.22,18.58,44.47,33.14,4.57,99.63,15.8,8.23,65.52,20.33,92.48,21.99,91.58,34.81,109.62
1998,111.39,-999,-999,1.79,6.79,24.98,8.32,86.03,31.34,8.33,0.0,1.4,48.37,47.57,25.6,20.63,33.62,11.42,0.05,32.68,9.13,74.84,47.67,74.71,20.25,1.4,69.16,5.24,91.89,57.57,65.39,15.38,45.07,40.35,46.39,20.17,15.1,14.53,28.76,21.5,2.31,69.46,8.09,4.37,52.41,12.55,60.07,16.98,58.2,21.52,87.0
1999,130.78,-999,-999,5.71,8.33,27.8,9.37,89.51,40.49,15.95,0.38,3.49,61.76,56.78,38.04,36.72,31.21,17.82,1.07,45.66,18.33,77.42,68.7,85.8,20.85,5.27,63.81,10.37,95.45,55.59,79.98,27.45,49.27,61.23,65.97,39.8,11.48,15.67,48.61,32.83,4.56,68.01,14.2,4.01,58.14,19.15,70.13,11.52,78.2,38.44,86.36
2000,108.65,-999,-999,11.62,19.31,24.59,8.01,93.47,52.24,29.2,0.81,7.19,83.6,69.48,55.66,52.75,58.45,30.88,0.79,61.93,34.15,90.88,77.61,101.74,45.9,12.25,97.07,21.71,118.88,88.49,92.57,40.41,48.42,47.8,73.04,54.46,32.65,16.5,64.21,43.81,11.42,105.04,26.78,6.14,52.14,34.73,82.57,24.49,91.53,47.7,105.51
2001,122.95,-999,-999,7.25,10.23,25.74,9.6,91.2,41.95,14.03,0.7,3.3,73.16,74.53,45.08,37.19,47.41,22.0,1.76,53.83,19.87,91.13,60.17,97.93,33.62,7.94,88.93,11.44,114.93,70.22,97.82,28.95,51.83,53.36,65.27,36.57,22.02,19.5,48.22,33.96,5.81,95.17,19.87,4.16,59.27,25.43,84.57,19.05,82.8,40.0,105.33
2002,104.57,-999,-999,8.02,12.8,31.32,10.63,107.58,35.44,10.67,0.94,2.98,76.13,78.45,39.9,33.87,54.27,20.08,1.89,40.9,18.86,94.49,67.84,105.01,33.71,5.72,97.97,12.57,120.61,83.4,90.33,25.43,56.28,64.69,63.07,34.29,27.48,24.85,45.46,30.0,5.64,96.16,17.2,7.58,77.8,23.39,78.39,22.56,87.87,35.44,113.17
2003,104.98,-999,-999,7.7,12.06,22.09,7.0,90.13,57.37,30.13,0.87,5.11,82.25,54.58,53.04,50.41,54.2,25.15,1.39,69.67,29.91,103.61,80.1,104.48,43.51,6.15,89.22,12.52,119.8,79.89,99.47,41.85,47.67,44.23,82.8,54.17,27.7,15.39,63.75,52.49,6.14,95.43,20.31,6.49,53.8,24.87,95.91,16.71,95.93,38.48,98.02
2004,110.62,-999,-999,7.54,16.61,22.88,7.3,84.77,51.42,29.52,0.0,3.37,69.18,58.04,47.43,47.66,45.5,24.72,0.76,59.98,33.98,96.45,77.39,93.95,36.51,9.02,73.36,16.8,107.3,65.8,88.5,42.13,43.89,44.91,78.9,48.5,26.81,14.27,59.84,48.07,5.93,77.22,21.36,6.03,61.4,30.75,90.15,14.55,84.48,44.04,88.5
2005,112.91,-999,-999,5.86,9.27,17.6,6.98,81.48,48.13,23.5,0.19,3.18,68.81,69.41,43.98,46.33,39.03,20.68,0.08,63.42,28.46,99.22,79.04,95.53,29.78,4.41,75.93,12.83,96.89,64.46,96.68,35.39,40.73,38.75,78.76,52.68,21.86,23.81,59.31,45.06,5.17,81.32,16.5,5.85,44.84,26.84,91.91,27.02,88.58,40.47,87.72
2006,125.58,-999,-999,4.63,8.42,29.58,11.03,95.74,28.65,6.29,0.09,1.48,57.0,67.89,27.43,23.65,40.65,11.44,1.16,36.23,10.35,73.62,49.25,82.9,24.22,4.94,75.06,7.42,109.3,70.44,69.64,18.19,57.65,60.36,50.17,21.88,20.26,22.21,33.83,28.24,2.61,81.84,9.8,6.02,66.54,13.94,60.05,22.99,67.19,22.94,94.3
2007,117.58,-999,-999,5.78,8.84,26.59,12.88,97.92,51.32,24.52,0.25,2.42,84.76,59.4,46.93,40.0,60.98,21.73,0.34,61.39,28.91,104.25,79.17,105.04,39.53,4.53,83.35,11.73,112.83,85.76,98.42,33.17,54.31,64.55,79.51,41.91,28.81,23.27,53.62,43.64,2.16,99.26,17.33,7.04,69.98,25.28,93.89,24.69,96.71,39.05,96.28
2008,131.86,-999,-999,8.0,12.23,20.18,11.92,108.94,42.84,14.95,0.19,5.27,94.67,79.88,60.68,56.75,60.48,28.65,0.58,54.28,20.44,99.34,89.03,116.36,49.41,6.45,96.9,13.21,124.92,89.02,96.45,24.99,58.7,64.22,76.26,53.74,28.07,27.81,52.64,36.27,6.4,105.27,19.42,8.81,73.48,22.37,91.16,29.63,108.41,43.33,113.89
2009,121.05,-999,-999,7.82,10.1,25.42,10.77,102.22,56.05,20.26,0.59,5.62,78.32,81.27,54.04,52.03,59.88,28.53,0.45,62.13,27.6,95.65,80.42,98.41,45.85,5.32,94.91,16.68,120.93,84.34,96.31,36.72,58.11,66.02,78.5,52.52,32.05,30.96,62.49,46.94,8.26,101.27,22.39,8.1,73.12,28.23,87.41,31.56,89.97,43.01,104.48
2010,119.44,-999,-999,16.11,18.58,22.98,6.31,97.41,38.58,24.21,2.12,11.62,85.71,55.33,60.31,58.59,54.45,38.93,3.57,47.8,25.76,66.34,68.44,100.39,50.42,15.07,88.87,23.76,108.57,79.76,72.24,26.26,53.57,38.69,60.86,54.5,26.75,15.16,54.66,32.48,16.23,97.1,33.5,8.23,54.89,33.96,66.09,14.21,93.15,48.59,99.81
2011,122.95,-999,-999,7.21,15.04,32.18,12.02,103.97,50.77,15.98,0.35,3.66,76.57,75.0,37.45,36.51,58.96,16.4,2.23,53.12,18.16,91.92,73.76,104.7,35.8,7.23,85.71,9.65,112.8,84.67,89.67,31.18,61.23,62.77,70.75,39.54,31.72,27.36,51.88,41.27,4.61,95.77,15.32,12.94,73.46,14.91,85.77,30.04,91.87,31.42,102.02
2012,131.76,-999,-999,3.9,6.94,27.41,9.01,91.24,20.4,7.0,0.8,2.6,60.19,52.21,26.79,21.54,40.8,11.8,0.5,25.58,7.04,83.45,48.18,90.54,24.89,1.79,76.4,7.01,101.38,73.09,67.1,10.66,48.46,52.78,45.58,22.81,19.92,16.72,26.26,17.9,3.35,84.14,8.25,5.34,56.69,11.86,65.58,20.0,72.06,22.42,91.46
2013,116.63,-999,-999,2.42,8.81,37.36,12.48,110.39,43.23,15.24,0.0,0.66,94.44,75.67,63.29,57.1,68.36,24.59,0.02,53.3,16.61,90.8,88.69,126.23,48.29,2.3,95.5,11.96,145.04,94.17,89.48,24.34,62.21,68.06,74.84,50.28,32.02,28.78,55.43,38.63,2.41,113.76,15.56,7.25,77.94,21.28,81.18,30.72,113.88,41.29,112.42
2014,101.36,-999,-999,12.46,22.79,24.59,5.75,92.59,57.04,33.96,0.77,6.24,97.35,52.35,74.6,69.26,64.92,37.13,3.94,65.63,33.45,97.25,97.11,120.24,56.75,13.3,83.45,20.29,124.1,93.13,91.71,43.77,52.31,37.06,80.64,63.85,37.11,16.89,67.64,51.02,10.1,108.06,28.72,12.25,50.53,31.95,90.62,24.54,113.04,48.42,93.18
2015,96.59,-999,-999,6.04,14.8,17.93,7.74,82.29,60.46,33.87,0.39,3.77,62.27,46.99,47.75,50.66,49.38,28.68,1.05,69.62,32.76,99.61,75.98,83.23,38.51,5.75,70.83,17.59,95.67,67.4,95.69,43.2,41.2,38.73,78.23,52.49,24.42,11.79,61.42,57.98,7.05,80.46,22.6,5.76,51.82,28.98,94.04,15.58,75.74,42.03,83.13
2016,92.1,-999,-999,2.0,7.88,21.75,6.47,86.85,35.55,20.14,0.0,1.95,59.87,51.26,37.95,35.81,44.87,22.02,0.11,44.51,24.5,87.11,58.95,80.91,29.64,4.49,63.49,12.05,87.99,63.63,73.64,27.1,39.66,35.11,60.12,35.21,16.95,18.53,46.76,30.6,2.07,74.52,17.23,4.44,54.3,23.72,67.7,19.79,73.02,36.25,81.0
2017,112.35,-999,-999,3.57,7.92,15.79,7.68,76.5,39.19,18.49,0.01,1.51,62.59,60.81,36.17,33.86,39.51,15.58,1.28,50.57,16.98,95.65,64.57,92.91,26.46,4.17,77.63,9.04,102.69,62.99,82.02,25.11,29.25,42.74,65.35,32.96,17.13,25.14,43.45,36.15,2.35,81.14,12.55,5.71,54.14,16.26,80.14,30.07,82.32,27.34,84.57
2018,103.95,-999,-999,9.32,14.3,21.93,8.76,99.6,38.89,14.35,0.49,5.57,84.43,55.34,48.06,39.63,66.7,20.73,4.06,48.04,20.97,99.4,75.94,117.82,42.44,9.56,96.98,16.31,130.26,91.65,86.55,29.19,48.54,48.79,68.66,37.13,33.64,17.86,49.08,30.72,9.55,107.14,18.85,11.02,62.9,21.57,82.44,17.63,106.84,32.8,107.42
2019,87.46,-999,-999,1.68,8.71,24.53,8.26,104.07,44.19,16.88,0.35,1.18,80.02,70.95,48.49,40.77,58.43,16.57,0.32,59.59,17.11,106.77,80.05,113.7,35.59,2.22,104.22,6.94,124.63,86.47,95.46,29.1,46.93,41.49,78.93,38.74,25.02,27.59,50.02,38.44,0.71,104.41,11.06,7.65,65.88,17.75,96.39,32.88,97.15,27.15,115.46
2020,121.5,-999,-999,2.15,2.94,22.68,8.17,98.64,23.61,6.51,0.01,1.2,66.72,65.78,26.36,24.04,40.6,10.41,0.02,31.46,7.84,78.36,51.8,106.09,19.23,0.55,87.51,4.5,121.27,75.14,68.69,14.43,43.63,56.31,47.09,19.61,12.13,19.75,27.92,20.56,1.37,95.35,8.9,4.51,72.73,9.93,59.18,16.34,75.88,18.19,113.77
2021,121.5,-999,-999,2.45,9.54,25.33,6.84,90.0,29.11,3.77,0.01,0.63,64.23,54.54,36.28,31.57,41.17,11.95,2.21,38.52,5.49,81.69,64.44,88.68,21.41,3.47,80.63,4.32,97.71,61.35,77.34,16.85,46.16,43.38,62.28,32.58,19.52,14.52,39.6,22.98,0.25,78.21,8.08,8.15,59.71,12.14,77.4,21.93,81.24,27.07,93.41
2022,104.04,-999,-999,6.61,16.47,32.87,11.31,111.59,49.27,24.7,0.96,4.55,95.83,84.35,62.92,54.1,75.4,27.12,3.56,54.77,25.22,83.54,81.4,116.33,52.57,8.22,97.64,15.37,126.55,98.27,82.68,35.4,62.12,61.59,73.62,51.26,42.87,29.27,60.98,40.04,5.68,111.41,21.2,15.72,78.35,27.7,80.26,35.94,99.53,46.57,113.93
2023,116.71,-999,-999,0.77,1.57,26.38,11.02,101.82,13.05,2.32,0.0,0.27,58.81,73.6,21.31,17.62,42.56,5.84,0.07,20.17,4.06,69.67,43.76,97.8,20.27,0.45,86.44,4.25,126.0,74.35,60.04,7.24,48.24,56.79,42.05,16.63,13.86,22.56,21.81,13.41,0.47,102.64,4.99,3.43,70.08,8.84,58.95,15.16,70.79,16.43,110.41
2024,104.1,-999,-999,6.41,9.24,21.0,5.97,81.15,27.67,9.04,0.42,3.88,50.28,43.86,27.57,27.66,38.36,14.68,2.72,34.85,9.65,77.99,43.31,76.44,23.23,6.59,70.95,11.2,96.4,58.63,64.56,19.21,36.73,36.29,47.1,27.97,13.38,9.19,31.55,24.16,4.29,74.56,13.81,6.06,54.26,14.63,59.19,12.71,54.61,25.6,84.1
