Year,AK,HI,PR,AL,AR,AZ,CA,CO,CT,DE,FL,GA,IA,ID,IL,IN,KS,KY,LA,MA,MD,ME,MI,MN,MO,MS,MT,NC,ND,NE,NH,NJ,NM,NV,NY,OH,OK,OR,PA,RI,SC,SD,TN,TX,UT,VA,VT,WA,WI,WV,WY
1930,105.09,-999,-999,0.56,4.82,4.66,3.2,31.42,33.51,17.59,0.0,0.29,46.74,51.48,32.55,31.69,22.52,14.29,0.15,31.89,25.93,61.14,61.87,81.98,20.73,1.59,50.89,2.04,84.16,32.29,52.47,17.09,12.22,20.89,49.42,31.63,12.63,20.73,33.23,23.0,0.37,51.37,4.77,5.06,31.49,10.53,54.08,28.43,70.92,23.76,45.77
1931,100.78,-999,-999,0.0,0.33,9.29,2.28,24.48,22.05,2.8,0.0,0.16,14.64,43.92,8.32,9.22,6.49,3.75,0.01,23.0,9.0,52.88,31.96,44.96,3.05,0.08,37.1,0.74,63.41,17.8,53.12,6.04,8.47,13.98,31.82,10.47,0.99,8.56,11.5,6.0,0.01,35.78,0.37,0.19,26.43,2.15,44.88,16.68,34.27,7.57,37.99
1932,109.42,-999,-999,0.78,4.65,10.92,5.55,37.13,24.57,7.34,0.0,0.53,56.04,55.51,27.96,25.57,28.67,12.37,1.36,26.72,9.65,59.89,50.71,96.17,20.07,3.36,61.08,1.64,99.44,48.27,54.05,10.51,18.07,29.37,37.74,22.45,10.59,14.47,21.14,6.0,0.62,71.04,7.46,3.71,31.19,5.24,46.51,25.8,69.19,14.71,62.73
1933,114.47,-999,-999,0.78,3.29,8.44,5.26,21.72,22.06,11.88,0.0,0.58,29.24,38.88,19.01,17.53,8.9,6.98,0.23,23.86,12.29,56.79,52.52,77.98,9.07,0.85,49.51,1.0,85.23,18.38,56.48,14.81,9.71,25.21,37.45,20.34,3.33,7.16,21.61,9.0,0.38,41.66,2.85,1.29,20.77,4.58,44.16,15.52,61.4,12.4,37.19
1934,97.53,-999,-999,1.04,2.07,0.43,0.55,11.55,42.56,23.93,0.0,1.26,48.11,15.78,28.58,27.19,10.47,11.58,0.01,44.71,20.16,76.74,67.79,82.84,14.62,1.24,27.83,4.04,67.6,24.8,70.24,26.45,2.97,1.17,55.23,32.1,1.53,2.43,34.61,32.0,1.59,40.92,5.4,0.16,5.47,12.77,64.34,5.55,70.09,18.85,22.1
1935,107.9,-999,-999,1.22,4.17,2.62,2.14,12.67,39.08,23.29,0.0,1.6,44.4,35.99,29.7,29.32,11.5,15.86,0.56,40.68,23.61,74.5,67.63,88.94,15.01,2.39,52.4,7.75,95.31,24.44,66.87,25.55,3.19,8.31,53.53,35.23,4.7,12.66,37.37,27.0,1.73,52.37,10.25,0.5,9.7,17.98,65.04,19.57,74.4,23.48,32.54
1936,99.8,-999,-999,1.66,6.89,2.38,1.9,24.36,39.54,24.94,0.0,0.71,65.64,44.55,40.45,33.76,27.83,19.06,0.5,40.0,25.14,69.45,71.12,103.78,27.66,3.47,68.56,5.85,102.93,49.49,65.63,25.16,5.95,7.22,53.39,35.83,12.28,12.27,37.1,26.0,0.4,80.39,13.65,2.58,11.44,16.66,63.42,27.28,85.17,22.64,53.62
1937,92.86,-999,-999,1.89,2.79,10.03,6.76,32.25,19.03,7.51,0.0,0.32,74.06,47.69,43.82,33.24,33.27,13.25,0.01,20.59,11.74,52.75,67.13,99.67,26.41,0.82,69.99,1.67,104.61,52.47,52.49,7.03,8.61,25.72,44.42,32.54,12.15,17.5,24.74,4.0,0.01,82.97,6.54,2.75,27.78,5.63,44.28,31.07,84.79,18.36,55.63
1938,99.7,-999,-999,0.26,1.14,1.2,1.66,22.81,33.05,5.24,0.0,0.2,43.61,25.53,19.26,16.67,11.36,6.33,0.02,32.55,11.12,68.35,57.27,86.67,11.39,0.17,44.32,2.15,88.65,24.86,59.41,13.65,3.57,9.16,46.8,19.6,4.32,6.3,25.99,21.0,0.16,53.68,2.61,0.24,8.72,5.55,57.81,14.6,70.93,12.11,38.56
1939,107.82,-999,-999,0.01,0.23,5.77,1.57,26.88,32.46,5.21,0.0,0.02,37.62,31.55,20.38,18.01,11.44,4.01,0.02,33.63,8.33,70.21,54.38,80.16,9.83,0.0,35.77,0.62,80.27,24.31,69.28,11.11,8.53,11.57,48.4,21.96,3.28,3.9,22.35,20.0,0.01,47.43,0.85,0.68,19.03,2.44,66.39,7.5,60.31,11.53,36.52
1940,84.46,-999,-999,5.15,8.47,0.88,0.82,28.11,48.01,25.78,0.0,2.37,70.64,28.03,42.99,35.56,33.05,20.94,2.12,41.29,24.25,72.61,77.23,102.9,31.19,6.72,58.38,5.86,102.0,50.88,68.1,27.7,8.84,7.62,68.37,39.26,15.33,8.72,43.44,30.0,2.12,76.28,13.11,4.23,15.91,14.66,71.57,12.85,85.21,33.78,47.13
1941,91.35,-999,-999,0.01,0.19,2.4,1.01,20.53,39.5,6.28,0.0,0.01,49.47,21.26,26.39,25.12,16.24,8.78,0.01,33.49,9.59,65.62,62.77,83.54,12.37,0.0,40.51,1.38,84.62,33.53,58.02,14.0,3.34,6.93,58.67,32.88,2.59,5.06,34.4,21.0,0.01,55.1,1.62,0.21,11.17,5.28,67.7,8.26,68.4,21.55,35.35
1942,100.5,-999,-999,1.83,7.62,3.84,1.36,26.85,36.97,14.37,0.0,0.43,54.23,41.46,34.66,33.18,19.3,16.79,0.78,31.11,15.93,69.0,63.61,75.97,18.61,3.2,47.9,4.6,80.04,33.34,54.09,19.91,6.11,15.42,50.02,35.17,8.01,12.36,31.71,26.0,0.44,54.84,10.22,2.34,17.1,9.76,56.53,17.35,66.52,25.38,46.48
1943,91.15,-999,-999,1.24,2.91,1.71,0.94,15.89,44.96,8.99,0.0,0.45,49.24,31.39,31.67,29.92,14.91,12.53,0.47,40.01,16.28,73.05,65.43,87.48,18.59,1.73,46.1,3.49,81.31,24.15,67.51,21.75,5.68,4.51,59.02,31.87,5.79,11.76,32.16,30.0,0.83,53.18,6.77,1.28,9.71,10.05,70.83,23.17,69.96,18.88,37.87
1944,85.25,-999,-999,0.38,1.54,3.34,1.53,20.37,36.45,6.28,0.0,0.31,46.54,46.42,30.42,26.52,14.72,10.45,0.4,29.12,14.33,63.55,63.02,76.27,15.46,0.54,52.64,1.03,92.73,36.41,60.15,12.69,4.83,18.73,52.11,28.07,3.25,12.45,25.43,21.0,0.03,62.59,3.97,0.72,18.73,5.13,66.12,17.54,62.04,15.2,54.83
1945,104.52,-999,-999,0.12,1.32,5.3,1.7,23.05,44.99,21.44,0.0,0.18,59.99,34.68,40.27,38.23,19.62,15.73,0.0,39.45,21.59,72.64,68.11,91.12,23.37,0.23,47.92,2.77,88.98,35.26,61.78,27.24,5.4,12.66,58.94,45.18,3.49,9.08,39.97,35.0,0.12,58.37,5.42,0.24,12.64,10.33,65.47,15.83,73.42,24.05,45.38
1946,119.27,-999,-999,0.13,1.63,3.0,1.1,15.36,34.0,6.7,0.0,0.03,31.89,29.98,15.3,14.18,4.51,5.99,0.13,29.41,7.18,65.96,49.96,78.42,5.4,0.54,34.1,0.37,77.38,13.61,51.78,8.75,4.0,9.49,39.66,17.01,2.52,3.96,19.6,18.0,0.04,37.47,1.66,1.29,10.94,2.17,52.82,9.38,58.07,7.35,28.88
1947,96.78,-999,-999,0.69,3.43,4.38,1.18,26.87,34.49,8.99,0.0,0.5,52.23,35.27,32.8,33.78,17.72,13.63,0.72,29.48,11.47,69.18,71.06,96.69,17.92,1.16,53.59,1.95,96.56,34.03,60.49,12.18,9.97,13.5,56.46,38.3,4.81,6.27,28.55,17.0,0.32,66.04,6.54,2.73,19.37,8.39,61.96,11.98,78.7,22.25,53.25
1948,124.03,-999,-999,1.75,8.89,4.95,2.57,36.38,51.02,18.97,0.0,0.21,60.33,44.57,38.09,30.68,29.86,18.94,2.18,43.31,23.09,70.93,67.51,94.76,24.9,5.21,54.43,3.71,99.05,48.53,62.59,26.44,10.48,17.57,55.99,34.96,15.06,10.58,30.02,34.0,0.38,68.42,10.9,5.29,20.14,10.61,62.03,19.38,77.26,21.9,55.32
1949,103.53,-999,-999,0.62,2.61,15.53,6.33,33.53,29.43,2.13,0.0,0.02,50.75,50.69,23.59,14.22,24.34,5.11,1.11,19.21,4.98,57.98,54.89,84.6,17.28,1.44,67.19,0.79,95.35,45.68,43.68,4.51,15.87,37.51,37.35,15.14,12.88,18.45,11.89,14.0,0.01,67.41,2.21,4.85,37.5,0.98,43.22,27.91,68.24,7.69,57.21
1950,105.83,-999,-999,1.09,3.03,2.02,2.94,18.71,29.01,12.11,0.0,0.8,63.23,32.83,40.62,37.81,15.11,15.44,0.11,25.86,11.2,65.17,74.65,109.36,20.19,0.98,58.37,2.22,118.4,35.61,51.99,12.66,3.03,12.34,50.86,38.05,8.22,15.86,26.44,19.0,0.73,78.91,7.59,1.91,17.04,5.92,55.28,26.9,90.9,22.32,36.75
1951,116.53,-999,-999,1.7,6.02,6.05,2.55,27.5,26.51,10.65,0.0,0.52,67.77,45.63,37.36,32.88,21.18,13.37,2.64,23.03,13.47,58.26,64.71,102.79,25.27,3.27,70.79,3.34,110.15,42.29,46.02,14.07,9.6,17.92,45.68,32.85,8.63,9.4,28.8,16.0,0.05,71.33,7.58,5.17,20.48,8.92,49.37,21.71,87.3,17.58,47.27
1952,104.71,-999,-999,0.25,0.42,6.93,3.57,35.26,23.43,2.55,0.0,0.04,48.33,52.22,21.91,19.43,17.89,5.91,0.0,14.63,5.09,55.6,47.73,88.24,13.29,0.16,57.36,1.12,99.41,37.47,42.14,5.23,8.75,18.03,39.06,20.36,4.06,11.22,17.5,10.0,0.01,72.77,2.33,0.97,25.22,2.99,42.21,20.13,67.46,10.82,47.05
1953,105.84,-999,-999,0.26,0.86,3.5,0.62,19.85,18.48,3.39,0.0,0.05,40.04,17.97,18.32,17.44,7.3,4.99,0.0,15.69,3.39,45.79,42.42,81.87,8.14,0.04,22.94,1.38,70.92,20.52,33.75,4.92,5.64,6.3,31.77,16.03,1.97,1.87,15.04,7.0,0.01,45.72,2.85,0.86,10.09,3.06,33.58,2.8,62.49,8.93,25.01
1954,114.09,-999,-999,0.44,1.87,1.54,1.23,14.7,27.5,10.68,0.0,0.04,34.3,25.79,17.21,19.19,10.0,7.79,0.06,25.58,12.89,58.19,48.12,74.39,10.12,0.38,41.41,2.13,64.05,20.26,48.47,15.02,3.69,6.49,45.11,22.16,3.63,6.04,25.82,15.0,0.0,43.86,3.3,1.1,9.9,6.59,53.51,15.71,62.62,18.23,30.09
1955,123.65,-999,-999,0.82,1.22,6.67,3.06,32.83,45.48,15.44,0.0,0.29,61.94,57.91,33.62,32.67,21.02,13.48,0.0,35.91,15.94,82.22,67.73,109.75,19.01,0.56,75.16,1.67,113.2,51.6,71.08,19.11,7.14,25.34,60.94,35.22,1.99,10.77,35.11,25.0,0.07,79.67,4.46,0.15,28.48,8.25,73.71,29.47,88.28,22.9,59.41
1956,128.32,-999,-999,0.0,1.88,3.39,2.16,28.2,27.48,6.11,0.0,0.04,49.7,42.58,24.46,21.43,19.34,6.23,0.0,23.67,8.99,65.77,61.25,89.21,16.14,0.08,49.21,1.21,89.55,32.19,54.29,10.02,5.79,13.75,48.56,26.12,6.91,14.46,24.33,12.0,0.01,61.47,2.39,2.01,15.23,3.61,56.68,25.63,74.24,15.94,47.37
1957,92.83,-999,-999,1.14,1.39,1.54,2.74,22.94,28.5,10.03,0.0,0.41,39.74,36.51,22.41,22.04,15.91,8.77,0.0,22.91,9.38,56.64,54.91,81.97,12.76,0.71,49.57,2.33,81.87,26.05,45.4,13.98,3.58,10.05,41.61,23.57,6.19,15.05,22.98,13.0,0.42,50.41,3.72,1.72,14.93,5.34,47.61,23.9,68.23,10.07,42.08
1958,102.85,-999,-999,3.46,5.4,2.08,0.92,19.9,43.03,25.61,0.0,1.24,59.41,20.02,43.33,44.42,28.22,26.74,0.06,41.18,26.88,66.92,62.36,79.07,28.67,2.66,43.39,6.59,88.32,43.29,59.38,33.84,4.75,5.13,61.3,46.57,11.47,5.54,43.77,32.0,1.41,58.04,14.02,1.82,7.62,13.97,63.83,11.39,69.5,37.7,39.73
1959,116.62,-999,-999,1.24,2.57,1.5,0.95,17.86,34.97,10.68,0.0,0.29,56.29,23.18,31.81,28.07,17.54,11.86,0.06,30.88,13.4,70.91,64.15,84.47,19.46,0.84,46.76,3.12,93.53,31.07,49.83,15.27,4.65,6.11,51.17,27.22,7.85,7.49,28.04,18.0,0.16,60.72,5.81,2.42,7.84,7.85,63.39,17.71,76.71,15.48,38.38
1960,102.96,-999,-999,2.1,3.85,10.65,1.85,35.46,28.51,15.25,0.0,0.65,74.47,45.44,50.79,49.03,34.32,22.53,0.05,31.36,20.51,58.74,76.2,96.97,32.69,0.95,56.78,6.39,100.05,54.6,51.47,21.79,12.21,13.1,66.22,52.67,13.55,14.38,44.11,19.0,0.25,78.29,10.68,3.47,21.56,12.87,62.92,26.28,84.21,27.69,52.23
1961,121.0,-999,-999,1.25,4.06,5.95,1.07,23.32,35.49,17.09,0.0,0.47,48.41,25.25,30.88,29.92,19.11,16.21,1.75,33.67,18.22,68.04,50.61,68.17,18.25,2.68,34.63,5.06,73.7,33.18,51.54,22.68,6.85,6.45,51.16,32.45,7.55,7.41,31.96,27.0,1.21,50.54,7.49,2.82,12.56,10.89,55.98,15.2,57.17,21.72,39.75
1962,107.76,-999,-999,4.21,4.79,7.05,3.25,28.75,39.48,22.31,0.0,1.58,61.01,37.88,41.26,38.46,21.98,16.06,2.53,36.5,22.0,67.82,69.1,80.1,24.11,4.41,45.05,6.24,81.91,41.47,57.37,23.62,7.99,15.58,56.04,43.08,10.16,11.44,39.62,33.0,2.62,60.56,9.3,3.67,19.65,11.9,60.31,15.79,73.92,21.57,42.04
1963,104.35,-999,-999,3.54,10.75,4.0,1.08,26.26,44.03,25.0,0.0,0.54,63.32,34.07,56.42,54.14,28.88,29.89,4.56,43.74,26.97,77.49,78.2,83.8,36.04,6.64,42.07,4.62,77.31,40.89,66.6,30.71,10.0,7.59,63.11,54.51,14.77,10.89,46.89,31.0,0.28,54.31,18.13,5.85,19.22,14.17,71.89,20.75,80.88,34.69,40.82
1964,116.94,-999,-999,1.26,2.17,5.58,1.92,34.15,25.51,8.38,0.0,0.25,40.84,53.02,28.15,26.32,11.62,9.12,0.3,25.76,9.09,64.17,54.82,84.48,13.09,1.91,49.85,1.79,87.6,28.77,49.37,13.69,7.42,14.55,48.07,28.87,4.78,7.97,29.06,20.0,0.08,55.44,4.15,1.53,25.1,5.3,52.47,14.94,65.67,14.34,56.35
1965,116.04,-999,-999,2.16,2.02,3.53,2.29,25.27,30.02,14.4,0.0,0.46,53.93,29.77,31.85,29.24,16.73,13.11,0.0,28.42,13.52,74.12,53.36,92.25,17.66,1.06,54.91,3.25,101.03,35.76,56.45,20.09,7.06,11.77,45.8,30.03,5.96,6.78,27.96,24.0,0.13,65.21,6.67,0.8,16.7,9.03,57.25,15.61,70.08,17.62,40.88
1966,125.75,-999,-999,2.01,4.64,6.47,1.3,30.34,28.5,20.63,0.0,0.71,54.51,34.64,41.6,40.87,27.85,25.31,0.46,28.13,21.61,60.23,64.43,91.05,27.51,2.97,54.64,4.59,97.51,44.62,48.98,21.74,8.89,10.06,51.08,42.86,12.57,3.64,42.44,15.0,1.19,67.49,12.45,2.95,22.44,11.61,57.18,9.11,72.35,30.39,46.27
1967,107.13,-999,-999,1.11,2.66,6.84,2.69,25.63,31.07,11.1,0.0,0.22,42.51,30.43,30.17,30.72,13.13,13.06,0.78,26.13,14.57,75.14,62.41,85.35,14.93,1.03,46.88,2.2,89.26,29.5,59.25,18.56,8.02,11.57,50.19,32.68,1.86,4.73,29.79,13.0,0.2,54.16,4.79,1.06,24.12,5.99,61.48,9.2,70.66,17.13,44.94
1968,112.55,-999,-999,2.2,4.81,7.95,2.22,27.45,43.02,19.17,0.0,1.29,49.22,33.06,38.19,40.59,20.77,23.35,0.69,37.94,25.14,71.78,61.81,81.01,24.71,2.08,46.99,6.19,88.36,37.83,62.3,26.21,6.04,7.89,59.25,44.59,7.07,7.67,41.34,25.0,1.77,62.42,9.96,2.61,20.87,16.55,68.67,13.93,66.03,31.81,46.83
1969,99.26,-999,-999,0.67,1.72,3.9,2.05,24.76,45.47,11.94,0.0,0.25,67.66,37.33,39.69,36.55,19.46,14.0,0.0,27.72,14.09,68.49,63.43,99.63,18.23,0.42,66.56,3.37,107.67,48.68,62.95,18.46,7.7,10.47,65.06,40.09,5.01,11.89,37.94,23.0,0.47,78.65,6.41,0.93,11.08,7.98,69.07,29.67,78.73,28.42,47.16
1970,102.57,-999,-999,3.93,6.69,2.34,1.59,21.53,53.03,16.93,0.0,2.2,52.5,27.59,36.57,38.39,15.07,18.75,0.62,44.73,18.84,76.94,70.03,95.74,21.86,4.82,50.38,8.04,104.05,34.06,69.52,27.18,6.64,11.17,63.54,42.42,6.86,8.01,42.9,33.0,3.61,65.79,12.33,1.79,10.54,13.64,71.63,18.77,76.12,29.97,38.01
1971,126.29,-999,-999,2.56,4.6,8.73,3.21,32.12,31.57,15.41,0.0,0.52,58.16,44.38,28.7,29.95,21.77,18.04,1.2,27.98,17.69,72.11,60.97,96.67,19.97,2.97,57.87,4.42,102.58,40.4,58.31,19.8,10.94,19.9,48.28,32.6,7.17,8.03,30.13,18.0,0.23,73.01,10.26,2.17,25.6,12.22,61.59,17.82,80.15,23.02,53.95
1972,127.94,-999,-999,0.93,4.0,4.53,4.93,32.14,43.78,9.42,0.0,0.26,60.1,41.69,35.06,29.55,26.09,14.21,0.46,24.99,9.44,79.3,68.84,103.47,25.77,1.21,57.47,1.92,105.81,41.91,68.99,16.69,7.49,21.79,54.94,31.72,12.88,17.85,30.3,19.0,0.41,67.2,5.79,2.92,19.56,4.42,65.79,25.07,83.58,16.81,48.54
1973,110.32,-999,-999,2.0,5.76,5.12,1.67,34.42,23.04,12.92,0.0,0.8,46.15,35.51,29.96,28.58,18.52,14.93,1.75,20.57,12.38,54.15,51.84,70.44,20.62,4.09,42.27,3.83,78.74,35.22,46.41,15.89,8.63,12.16,40.34,29.11,10.8,7.9,25.31,18.0,1.16,48.76,11.5,4.67,27.36,8.8,44.53,12.91,57.53,18.95,43.93
1974,113.68,-999,-999,0.14,4.53,4.95,2.82,32.44,28.48,7.37,0.0,0.08,47.57,32.3,28.29,26.58,17.31,10.5,0.29,22.17,8.99,72.68,52.29,79.16,18.79,1.19,31.47,0.86,89.68,28.21,56.39,12.59,8.72,16.27,49.86,29.76,8.44,9.22,26.15,15.0,0.01,45.0,4.7,1.98,23.54,2.26,58.06,11.7,59.28,10.23,34.97
1975,115.74,-999,-999,0.73,1.33,6.3,2.04,33.23,29.0,6.3,0.0,0.1,67.43,44.22,30.0,22.79,18.28,7.09,0.22,19.63,6.08,76.25,60.11,104.27,16.13,1.26,61.34,1.07,102.34,47.16,54.05,12.67,8.61,14.3,49.1,25.83,4.56,9.64,26.96,16.0,0.05,74.61,4.29,0.89,21.54,4.79,53.8,19.89,83.73,12.38,52.6
1976,105.04,-999,-999,1.8,3.2,2.66,1.13,23.21,44.54,16.87,0.0,0.33,45.78,32.7,35.96,32.78,14.37,14.27,0.34,33.65,16.02,81.95,72.4,82.94,19.65,1.88,34.98,2.79,81.44,29.37,67.16,26.1,7.95,6.22,57.32,38.8,7.21,7.41,38.28,25.0,0.06,49.05,9.1,2.03,13.04,7.32,66.53,15.52,75.48,21.91,38.45
1977,103.72,-999,-999,5.64,8.26,3.56,2.43,21.7,46.01,27.1,0.55,2.51,59.21,38.71,53.52,52.2,17.85,32.1,1.32,38.9,29.65,78.99,73.35,87.03,32.81,5.22,46.08,7.19,87.04,33.12,69.49,34.01,5.84,6.57,61.93,53.29,8.03,14.13,47.89,29.0,1.68,64.7,19.11,1.96,11.62,19.57,67.41,28.12,78.11,39.31,36.97
1978,101.64,-999,-999,3.88,13.85,4.89,1.87,36.77,50.48,23.82,0.0,1.01,82.29,38.89,61.73,57.09,46.29,38.82,2.99,42.62,24.35,87.76,84.22,104.57,44.74,7.81,80.28,4.51,113.39,66.86,75.24,35.95,9.25,12.15,72.0,56.89,26.86,11.23,54.66,36.0,0.44,89.87,24.56,7.04,19.06,14.88,79.35,21.76,95.03,34.48,69.05
1979,102.62,-999,-999,2.57,11.25,5.81,2.5,41.08,36.52,22.11,0.0,0.63,65.76,46.89,50.92,46.36,33.32,30.0,1.55,29.79,22.32,60.14,69.57,95.1,36.47,3.67,57.33,3.81,99.63,48.95,51.63,27.55,9.56,12.87,51.43,48.98,21.68,18.56,42.12,28.0,0.69,69.65,14.42,5.37,29.09,13.67,49.73,27.07,77.62,32.08,53.5
1980,107.0,-999,-999,2.28,7.43,1.02,0.6,22.54,38.05,17.74,0.0,0.88,55.74,24.78,43.18,40.83,24.51,22.25,0.74,38.96,21.33,76.14,70.1,85.9,29.48,2.94,43.62,6.44,85.63,38.26,63.41,24.93,5.46,5.11,65.58,47.82,12.58,11.02,43.77,25.0,1.45,51.08,11.56,3.01,10.18,11.48,74.86,22.11,76.47,27.27,36.75
1981,90.83,-999,-999,2.29,2.24,0.31,0.61,13.16,30.01,17.09,0.0,0.44,38.91,24.0,31.07,32.94,10.21,17.18,0.41,28.54,17.88,58.89,56.93,69.18,17.01,1.69,32.13,4.71,69.08,23.04,49.46,22.69,2.53,0.88,51.23,39.05,3.33,5.1,36.71,24.0,0.6,43.45,10.85,0.55,7.54,10.53,56.51,11.24,62.83,28.25,24.02
1982,125.35,-999,-999,3.68,7.17,4.27,2.88,30.47,33.01,17.71,0.0,2.31,60.48,44.24,41.88,35.22,25.87,15.52,2.12,31.77,15.61,72.96,69.04,89.17,24.83,4.78,59.73,5.51,97.43,43.79,58.92,22.72,10.51,15.37,52.43,37.05,11.05,12.11,32.13,24.0,2.96,69.0,10.18,4.42,19.48,10.96,59.65,22.63,77.15,17.4,45.51
1983,108.91,-999,-999,4.08,11.25,1.55,1.4,33.39,27.51,9.61,0.45,2.12,60.74,31.53,38.18,33.12,32.17,17.25,4.57,25.0,12.77,55.5,59.17,83.81,25.98,5.92,44.65,5.17,86.74,51.34,38.09,16.52,9.97,8.0,40.46,32.51,15.3,11.36,29.42,16.0,2.15,62.35,10.58,7.7,12.16,9.26,43.35,18.85,69.51,20.47,41.51
1984,103.83,-999,-999,1.46,4.42,1.27,1.99,30.64,30.0,13.4,0.0,0.19,45.53,52.34,34.03,32.49,16.05,14.46,0.4,27.06,13.47,62.15,59.33,77.26,16.33,1.9,41.77,1.9,80.57,29.6,51.21,18.44,7.42,17.62,49.05,35.73,7.57,12.39,34.81,18.0,0.08,49.8,7.96,1.9,27.52,7.79,48.07,20.53,63.71,17.89,45.66
1985,115.76,-999,-999,4.24,9.81,4.9,2.63,35.51,43.23,17.29,1.0,1.75,73.75,78.69,53.26,50.36,35.12,30.16,3.13,32.79,18.68,82.7,75.95,92.36,37.54,7.89,65.82,4.8,94.17,55.42,64.55,25.59,11.67,23.07,60.82,51.34,16.88,29.74,41.98,25.0,1.6,74.62,17.88,6.73,29.5,11.2,67.79,47.83,84.79,30.36,63.92
1986,106.9,-999,-999,0.98,2.24,1.61,0.32,16.79,27.41,10.45,0.0,0.55,46.38,22.56,29.13,30.49,12.55,11.93,0.06,20.9,13.93,68.7,57.07,80.44,12.75,1.84,35.22,2.4,78.39,23.36,51.04,14.31,6.48,2.43,47.98,33.23,5.64,8.2,28.77,12.0,0.93,47.8,4.99,2.02,8.65,6.24,52.18,16.02,71.58,16.88,34.99
1987,89.41,-999,-999,0.36,0.54,7.77,3.09,29.91,21.05,8.77,0.0,0.19,27.62,31.5,19.48,19.15,15.22,7.74,0.0,17.76,11.68,75.17,37.32,53.88,13.65,0.39,29.4,2.83,63.86,23.8,49.85,13.25,14.25,17.61,46.63,21.93,7.78,10.04,25.79,9.0,0.16,35.61,3.4,2.51,17.97,6.88,53.73,18.35,44.82,15.11,41.47
1988,111.05,-999,-999,2.79,6.06,3.84,3.45,37.23,35.49,16.09,0.0,1.18,49.8,41.85,39.68,39.03,18.93,18.44,1.63,25.91,18.37,64.63,59.62,80.98,21.75,3.94,39.28,6.08,81.24,34.62,51.54,19.1,8.75,15.41,49.72,40.33,10.15,10.95,36.19,15.0,1.16,55.1,11.49,3.2,24.63,13.87,52.14,18.41,68.6,27.09,45.11
1989,109.57,-999,-999,4.9,12.11,2.63,3.81,32.27,50.05,20.01,0.0,1.99,59.92,42.91,44.53,41.74,25.4,22.83,5.0,39.26,22.31,88.92,77.24,91.57,28.3,7.31,52.04,7.87,94.91,41.61,69.03,34.12,8.38,18.68,62.73,46.36,13.0,13.13,47.32,31.0,2.46,64.96,16.4,7.21,24.82,16.83,66.52,21.97,82.81,27.42,51.4
1990,112.83,-999,-999,0.43,2.85,7.07,4.62,29.94,19.02,2.13,0.0,0.02,32.51,34.47,14.74,11.96,15.87,5.16,0.7,11.57,3.56,46.66,35.88,58.91,9.91,1.04,35.5,0.35,62.05,25.84,33.3,4.15,9.48,19.08,26.39,12.79,6.4,10.88,12.13,10.0,0.01,38.21,1.79,2.43,18.31,1.96,35.47,18.79,48.18,5.37,38.77
1991,99.13,-999,-999,0.45,1.78,2.85,0.94,33.03,19.98,3.39,0.0,0.22,55.9,30.06,34.63,27.7,19.25,7.16,0.17,17.34,5.35,62.39,55.66,85.07,21.58,0.25,37.52,0.87,80.22,32.52,45.88,6.82,7.14,10.63,39.47,25.68,5.83,6.49,21.25,7.0,0.09,50.78,2.89,1.45,24.64,3.82,44.71,13.24,75.63,11.28,42.7
1992,116.16,-999,-999,0.26,0.67,7.28,1.55,33.24,28.01,7.12,0.0,0.1,41.17,32.72,17.54,20.07,11.77,6.04,0.0,26.18,5.2,71.85,48.66,78.41,7.32,0.09,29.93,1.08,82.03,27.09,54.05,10.07,8.16,10.99,43.42,24.54,1.35,6.93,26.2,15.0,0.01,47.98,2.33,0.95,26.29,3.95,51.45,15.87,61.84,17.2,40.43
1993,84.47,-999,-999,0.88,1.92,1.12,4.56,33.68,29.11,15.41,0.0,0.23,67.27,53.14,40.24,38.3,31.11,13.04,0.0,35.19,13.6,73.74,62.96,93.05,27.25,0.34,51.73,2.52,94.2,53.49,57.2,17.26,5.25,19.78,53.18,37.69,9.19,19.94,28.95,20.0,0.05,70.1,4.68,1.74,20.37,8.21,59.75,31.99,73.66,21.14,60.0
1994,118.08,-999,-999,1.27,4.53,1.55,2.42,23.31,45.01,17.29,0.0,0.94,59.04,35.17,33.69,31.65,18.98,13.55,0.23,40.26,14.72,73.82,61.93,80.43,20.32,2.02,44.49,5.08,87.42,40.84,63.35,23.38,3.18,11.06,54.51,35.37,5.63,8.0,36.53,23.0,1.64,68.36,8.61,1.0,9.77,11.62,62.17,13.81,69.51,19.51,37.35
1995,103.98,-999,-999,1.16,2.78,1.42,1.22,20.42,-999.0,16.48,0.0,0.35,64.97,21.9,42.99,42.72,23.48,21.55,0.0,25.44,16.52,75.28,75.11,97.37,28.59,0.91,47.01,3.76,102.33,43.8,60.83,17.67,4.58,3.4,58.11,49.63,5.56,8.3,42.39,16.0,0.12,70.66,11.5,1.54,6.7,12.47,55.14,14.76,86.53,33.15,35.36
1996,120.61,-999,-999,5.97,10.22,1.69,1.74,29.25,33.66,19.98,0.0,2.12,68.69,31.3,43.03,41.95,26.02,22.41,2.55,35.41,19.24,69.18,74.02,107.82,28.56,4.96,68.19,7.95,116.94,49.98,58.78,21.95,4.65,9.31,52.92,46.53,13.72,6.95,39.51,23.0,2.1,85.71,13.91,4.67,8.72,16.1,53.24,27.58,91.89,32.99,53.5
1997,101.88,-999,-999,1.4,4.98,5.55,1.47,35.37,19.52,7.54,0.0,0.34,61.88,29.1,35.18,31.01,23.32,13.06,1.26,18.61,9.31,75.49,59.28,96.81,23.77,2.1,44.78,2.76,98.16,41.75,55.99,9.24,13.46,9.22,48.08,31.93,6.72,6.31,23.06,8.0,0.01,67.02,7.96,4.45,17.98,7.94,54.44,14.7,73.52,17.52,51.32
1998,93.82,-999,-999,0.51,2.73,2.83,2.78,21.57,16.47,5.24,0.0,0.05,44.39,21.2,20.58,16.36,19.82,7.68,0.55,10.51,4.6,53.81,36.73,67.39,15.15,1.59,37.66,1.33,80.82,33.75,30.13,4.69,3.7,10.18,27.24,17.45,5.93,7.73,13.83,6.0,0.0,49.95,4.25,1.7,9.58,4.96,27.88,12.39,49.77,11.05,31.99
1999,121.73,-999,-999,1.68,2.96,1.2,1.6,16.05,24.56,10.26,0.0,0.53,39.91,21.82,23.74,22.94,8.3,10.47,0.0,21.24,12.06,50.52,46.12,57.43,13.54,1.6,23.14,1.98,62.35,18.33,39.71,10.97,2.57,3.69,45.48,29.52,4.12,5.1,27.05,11.0,0.17,34.88,4.17,0.33,4.24,7.78,47.28,6.87,51.25,20.34,20.48
2000,87.13,-999,-999,2.51,10.27,1.62,0.63,20.98,33.66,21.69,0.0,1.06,62.87,35.23,41.59,42.63,20.02,24.62,0.18,32.1,19.72,67.29,64.77,85.55,27.96,2.62,49.97,4.78,90.19,41.49,59.29,21.36,4.24,3.54,57.55,47.95,14.36,8.25,45.48,15.0,0.45,66.24,12.38,2.36,7.05,14.78,55.89,20.28,74.64,31.89,44.34
2001,105.67,-999,-999,0.89,3.36,3.84,1.61,26.85,16.47,8.18,0.0,0.19,54.76,45.8,27.93,25.17,17.56,8.63,0.38,17.55,6.12,69.72,49.52,80.08,17.3,1.18,44.33,0.96,86.49,34.48,53.26,6.06,7.38,12.01,41.73,30.95,8.76,9.74,25.59,4.0,0.0,60.77,5.02,2.01,17.08,4.54,47.89,14.91,61.11,17.44,45.11
2002,84.9,-999,-999,0.97,2.39,3.16,1.88,31.02,14.45,4.01,0.0,0.34,38.82,40.15,19.85,19.12,15.55,8.22,0.0,7.93,4.68,64.27,47.49,75.41,15.52,0.11,47.17,2.53,87.05,29.53,41.98,4.21,5.3,8.72,37.93,25.19,5.57,5.18,22.56,3.0,0.62,50.42,4.39,0.93,14.93,5.9,39.73,8.88,58.0,17.62,52.27
2003,88.49,-999,-999,1.34,4.82,1.65,1.26,22.23,46.81,20.88,0.0,0.22,57.13,17.95,38.56,41.4,19.03,19.06,0.06,39.73,21.22,82.52,68.23,89.64,24.85,0.92,48.31,3.53,102.07,35.47,68.22,26.32,3.22,4.58,64.5,51.6,8.12,3.85,49.36,27.0,0.67,60.58,7.88,1.25,9.28,13.73,71.46,11.11,75.36,31.02,41.65
2004,97.12,-999,-999,0.91,3.87,2.45,1.67,27.32,37.51,19.39,0.0,0.14,45.7,36.23,33.42,32.96,19.29,14.85,0.43,32.07,20.31,71.63,57.87,70.44,20.23,1.5,33.74,3.92,76.73,30.59,55.92,23.82,6.23,15.58,52.56,36.26,10.82,8.33,35.19,22.0,0.51,43.3,6.35,2.08,22.76,11.08,57.66,11.7,64.07,21.19,35.33
2005,97.35,-999,-999,0.15,1.92,1.7,1.52,23.61,35.01,15.64,0.0,0.52,51.82,38.72,33.42,34.67,22.92,10.21,0.0,26.6,13.4,70.74,71.88,81.09,19.62,0.1,42.63,3.6,75.7,36.08,62.01,16.29,4.26,14.59,58.43,43.76,7.69,11.21,39.12,16.0,0.5,49.24,3.69,1.21,12.53,10.56,66.42,19.58,77.38,22.75,36.36
2006,114.78,-999,-999,0.38,2.05,2.04,2.76,26.26,19.47,1.93,0.0,0.01,24.56,35.69,12.26,11.25,9.36,5.4,0.43,13.72,2.81,51.92,36.25,60.74,9.46,0.56,30.15,0.4,73.85,20.78,38.96,5.32,4.69,11.71,32.45,17.53,4.98,7.54,17.28,6.0,0.01,34.3,2.49,1.33,15.55,3.24,39.64,13.74,46.2,12.91,31.05
2007,110.84,-999,-999,0.15,3.67,4.09,2.5,42.44,38.93,15.27,0.0,0.03,68.84,39.93,39.52,33.33,33.0,15.98,0.18,34.65,16.2,76.09,71.34,93.63,25.96,0.72,44.77,0.48,85.82,50.88,67.76,18.79,11.64,13.78,58.32,41.26,16.59,10.65,41.31,17.0,0.01,66.68,5.41,3.88,24.63,8.56,68.94,21.88,81.33,27.8,50.83
2008,121.22,-999,-999,0.83,4.7,3.55,4.44,38.57,28.48,9.84,0.0,0.45,69.49,43.99,40.25,39.4,22.2,15.8,0.06,23.87,9.85,70.1,70.88,95.2,25.14,0.96,42.17,2.73,89.32,38.67,50.72,8.37,7.3,16.84,51.05,41.19,7.44,10.95,34.74,9.0,0.01,61.75,6.31,1.08,21.79,6.84,64.45,20.54,87.5,22.73,42.5
2009,112.04,-999,-999,0.79,4.01,2.97,2.2,33.81,41.45,15.75,0.0,0.5,63.58,46.73,40.03,38.54,21.72,15.62,0.0,35.32,16.4,72.09,68.28,85.71,24.25,0.99,52.03,4.64,99.2,40.9,60.36,21.13,6.79,14.01,57.43,42.2,7.92,13.88,40.71,23.0,0.71,68.07,6.23,1.35,18.06,11.33,66.28,28.48,77.91,28.23,34.96
2010,103.41,-999,-999,4.39,8.16,2.73,1.69,27.46,32.91,15.02,0.0,1.37,76.97,33.93,53.26,52.86,24.55,34.3,0.85,24.34,22.21,47.38,65.46,88.95,32.88,4.8,56.39,9.24,99.99,45.54,50.16,16.04,4.99,10.48,58.26,57.39,8.26,6.64,44.96,10.0,0.51,78.7,19.74,2.01,16.85,21.18,61.38,14.44,76.65,48.62,39.2
2011,109.41,-999,-999,2.3,8.06,4.86,1.92,31.27,30.98,13.4,0.0,0.75,53.2,40.45,33.38,30.1,24.32,12.65,0.96,24.21,11.14,63.85,60.81,82.54,22.34,3.15,47.15,2.94,88.24,37.48,48.85,14.76,11.5,6.93,50.32,33.28,10.5,8.08,31.07,8.0,0.97,64.11,8.26,4.52,23.88,6.26,59.65,19.2,74.36,18.95,45.66
2012,121.19,-999,-999,0.09,1.01,2.63,1.37,22.5,10.53,2.13,0.0,0.07,35.22,27.76,17.5,16.0,10.58,5.69,0.0,9.93,5.6,52.49,36.17,65.69,9.89,0.06,35.43,1.49,70.97,22.2,32.66,5.22,4.2,7.6,30.52,18.24,2.45,4.64,17.69,5.0,0.01,41.89,2.15,0.72,12.3,3.44,42.52,13.62,52.12,12.75,27.42
2013,107.32,-999,-999,0.02,5.28,5.25,3.46,39.82,33.95,10.26,0.0,0.0,68.12,47.49,41.74,37.8,27.53,16.53,0.0,31.84,12.3,66.58,71.64,104.02,27.9,0.89,43.18,2.55,107.93,41.93,50.19,15.5,12.03,26.32,55.37,40.43,11.12,14.77,37.12,15.0,0.11,70.7,6.4,3.17,40.88,8.22,62.76,25.24,89.79,24.2,49.27
2014,84.08,-999,-999,4.05,10.0,0.7,0.78,31.95,43.95,20.04,0.0,2.01,71.84,31.6,54.16,52.55,32.5,24.22,1.68,37.33,21.05,71.89,87.76,104.22,33.15,5.72,52.44,6.94,98.83,49.61,63.92,25.59,7.29,4.33,67.79,51.41,15.4,13.13,48.83,18.0,2.68,71.02,13.49,4.6,13.78,14.92,75.12,24.22,99.67,29.67,44.82
2015,86.66,-999,-999,1.45,6.28,2.34,1.9,29.5,47.46,18.58,0.0,0.72,49.44,30.62,36.36,38.45,24.85,21.86,0.12,43.51,17.92,73.98,65.68,75.5,24.4,2.68,41.68,6.89,73.21,36.48,62.03,25.98,9.16,11.01,62.04,42.01,8.93,8.65,41.44,21.0,1.74,52.56,10.71,3.81,13.53,13.04,69.52,16.57,70.22,27.43,42.41
2016,78.01,-999,-999,0.45,3.07,2.35,1.76,27.68,24.96,13.56,0.0,0.39,46.82,39.33,31.08,30.47,15.47,17.02,0.0,21.32,13.25,55.72,54.79,72.34,18.48,0.68,35.04,6.67,68.16,28.44,42.2,13.84,4.28,11.68,40.81,31.28,4.58,12.24,29.36,7.0,0.08,50.19,7.77,1.07,19.07,12.69,45.14,17.81,62.91,24.13,37.31
2017,104.18,-999,-999,1.06,3.62,2.54,1.74,20.45,27.52,12.95,0.0,0.37,40.98,44.09,24.33,24.81,15.63,11.52,0.36,27.42,11.14,61.03,54.4,78.61,16.14,1.84,53.71,4.0,81.2,29.67,50.1,16.74,3.54,9.42,49.39,28.65,5.7,17.11,29.6,12.0,0.11,54.84,5.33,1.5,13.94,7.97,58.01,30.87,66.72,17.65,41.74
2018,91.93,-999,-999,2.98,7.46,1.73,1.56,21.84,23.98,7.28,0.0,1.15,60.19,26.47,34.31,28.73,24.8,17.04,1.23,22.26,12.36,67.8,63.68,96.71,26.03,6.52,55.11,7.97,102.12,44.46,49.89,15.09,3.95,8.84,51.56,30.21,9.87,6.85,32.37,9.0,1.37,68.36,10.29,3.38,12.56,13.06,61.21,12.05,81.88,23.02,45.09
2019,78.26,-999,-999,0.02,2.27,6.41,2.61,36.0,32.48,10.48,0.0,0.06,65.48,39.33,39.84,30.39,29.45,12.55,0.0,32.55,7.74,75.79,65.65,101.93,26.38,0.97,63.29,1.56,106.73,53.58,60.89,13.32,8.18,11.11,58.23,33.57,9.58,13.46,34.27,10.0,0.0,84.25,3.54,1.74,22.13,6.07,69.22,26.64,83.26,17.48,63.88
2020,110.24,-999,-999,0.37,0.87,1.25,0.84,30.06,15.51,5.66,0.0,0.14,44.45,24.62,19.93,16.61,13.07,5.92,0.0,13.03,4.11,50.72,44.77,83.55,11.82,0.0,41.93,1.46,82.39,27.6,35.82,4.93,5.05,4.02,34.6,16.53,2.86,4.64,17.2,4.0,0.07,53.54,2.9,1.07,15.37,3.69,42.41,10.86,59.93,11.52,46.09
2021,118.64,-999,-999,1.1,8.43,2.1,1.18,22.21,23.95,9.86,0.0,0.12,47.06,25.81,31.22,26.71,17.28,13.86,2.72,21.86,6.03,61.11,49.49,72.3,18.75,3.19,39.39,1.08,66.86,29.54,49.45,9.4,5.53,7.85,49.94,29.11,11.98,7.97,31.27,4.0,0.0,45.78,6.21,6.06,9.53,4.58,64.62,18.17,63.61,14.65,35.44
2022,99.08,-999,-999,1.94,6.34,1.69,1.55,33.15,30.47,12.95,0.0,1.0,59.3,52.62,42.83,36.73,23.57,17.54,0.62,25.18,10.7,66.34,71.02,99.91,26.25,2.49,58.63,4.01,103.28,38.2,47.86,18.75,5.28,12.09,54.64,39.47,11.9,14.44,41.7,12.0,1.35,63.69,8.21,3.39,17.97,9.56,59.5,31.07,79.54,23.66,55.64
2023,105.75,-999,-999,0.0,1.94,3.36,1.93,32.46,4.52,0.67,0.0,0.05,36.6,38.86,14.63,10.31,11.81,2.19,0.0,6.17,2.59,57.54,33.81,70.64,6.4,0.6,39.95,0.99,96.68,30.99,28.15,1.93,6.76,14.53,25.91,9.49,3.28,5.85,11.0,1.0,0.01,60.08,1.13,1.79,20.46,1.81,32.99,9.5,51.75,7.36,54.03
2024,97.65,-999,-999,1.91,4.46,1.86,1.08,21.43,18.45,8.15,0.0,0.36,35.6,21.15,20.33,19.74,13.67,9.89,1.09,13.89,7.74,51.71,38.57,66.54,12.65,2.68,40.59,1.91,77.03,25.52,36.85,9.22,4.37,4.0,38.34,21.6,6.08,7.01,22.93,7.0,0.01,51.9,6.07,2.42,6.63,5.13,46.59,12.02,49.51,16.08,27.88
