Year,AK,HI,PR,AL,AR,AZ,CA,CO,CT,DE,FL,GA,IA,ID,IL,IN,KS,KY,LA,MA,MD,ME,MI,MN,MO,MS,MT,NC,ND,NE,NH,NJ,NM,NV,NY,OH,OK,OR,PA,RI,SC,SD,TN,TX,UT,VA,VT,WA,WI,WV,WY
1930,0.0,-999,-999,99.02,103.79,87.65,71.71,39.49,21.56,60.59,123.27,106.26,55.65,44.43,68.8,59.61,82.24,87.35,114.19,23.08,51.74,15.04,31.2,29.73,78.19,108.13,39.18,83.2,34.65,58.2,11.69,40.67,70.15,62.37,17.26,59.17,105.61,32.3,46.75,13.0,97.28,51.89,81.79,130.92,66.94,74.64,8.1,28.73,33.19,62.17,35.98
1931,0.0,-999,-999,109.09,106.02,91.12,83.17,58.63,23.1,52.21,136.58,120.99,67.15,52.65,72.72,65.13,101.84,88.17,126.85,20.08,45.14,12.91,38.5,38.06,84.59,119.26,43.2,88.44,40.09,85.38,13.48,41.38,72.46,74.69,21.58,56.5,115.86,44.0,45.03,19.0,111.29,72.37,101.48,140.51,82.24,63.67,17.03,33.03,42.29,62.12,52.23
1932,0.0,-999,-999,96.43,105.01,93.19,79.69,47.07,8.14,49.21,149.6,99.27,39.87,38.05,58.44,51.14,86.88,69.91,119.3,13.66,50.94,9.47,19.79,25.96,70.12,107.96,31.68,75.57,32.07,64.57,9.45,40.67,62.11,69.65,12.52,45.61,107.66,32.93,39.09,1.0,86.94,51.51,81.77,124.55,68.2,65.0,6.27,25.53,26.33,49.3,42.83
1933,0.64,-999,-999,119.13,112.24,105.43,78.36,53.7,23.1,44.55,145.9,112.45,63.93,49.52,79.94,73.6,100.76,79.7,135.91,21.37,49.28,7.61,34.31,38.91,87.61,123.86,41.65,87.42,43.96,78.48,12.87,36.02,63.26,72.15,22.89,56.19,107.1,34.75,41.74,11.0,113.72,70.78,90.59,151.8,84.81,59.72,15.98,27.0,39.17,42.35,53.21
1934,0.91,-999,-999,102.9,119.27,123.61,88.08,61.99,15.96,42.15,143.23,111.38,73.58,51.99,81.01,75.48,106.82,81.21,125.33,15.76,44.05,7.49,35.34,34.82,90.12,120.1,39.79,74.53,51.59,91.65,12.28,34.79,88.19,82.28,23.04,69.13,116.65,39.27,46.96,9.0,100.91,79.43,84.26,156.17,92.94,53.07,15.0,35.09,40.14,54.74,51.38
1935,0.0,-999,-999,113.81,97.08,95.51,82.64,49.39,12.33,29.77,161.14,110.23,50.25,41.95,57.68,53.5,77.53,70.05,126.76,15.69,32.27,16.86,18.02,25.99,63.25,116.0,32.65,63.77,29.31,64.21,11.27,27.2,63.16,77.36,15.31,38.4,88.6,40.83,31.38,12.0,95.25,58.96,74.49,121.75,78.26,36.63,14.22,26.35,25.52,37.56,44.76
1936,2.17,-999,-999,128.28,124.91,111.48,94.02,57.04,18.11,52.9,145.43,119.99,76.69,50.18,89.96,86.87,104.05,105.86,123.64,15.17,41.07,5.22,32.07,40.32,102.65,126.85,55.43,83.88,64.31,90.94,9.73,36.88,75.28,78.57,22.93,68.75,119.68,37.54,48.58,7.0,115.05,84.23,104.82,131.09,82.71,64.2,11.09,29.5,42.35,65.32,60.28
1937,0.94,-999,-999,110.06,116.52,112.31,89.99,53.49,28.45,43.53,131.38,111.69,61.62,43.13,64.95,55.9,98.51,80.5,133.82,24.04,33.45,28.28,30.77,32.95,85.11,118.93,42.37,70.22,40.36,78.92,21.62,34.99,73.42,73.98,21.85,39.03,110.85,36.55,33.58,13.0,100.88,65.04,78.34,146.61,76.6,46.4,23.05,25.1,40.79,35.91,47.36
1938,0.12,-999,-999,110.4,124.03,110.88,84.26,43.05,14.88,46.94,144.73,111.58,53.05,39.21,61.74,54.02,103.09,69.85,130.39,16.78,38.92,13.53,19.32,21.04,87.76,127.85,30.89,68.66,35.69,76.72,14.91,32.45,62.76,57.2,20.71,39.82,121.42,48.29,34.39,5.0,98.92,62.1,75.67,146.51,71.11,44.98,18.39,39.16,17.36,31.71,36.6
1939,0.48,-999,-999,100.73,124.17,106.05,99.74,54.94,21.49,58.24,147.52,112.7,58.97,46.1,68.02,62.54,113.93,89.47,137.73,19.43,53.94,12.92,26.4,29.36,88.87,119.15,41.9,86.18,45.63,91.37,15.4,42.08,81.65,69.1,25.51,52.87,129.26,45.76,43.13,9.0,113.66,75.74,87.52,151.91,72.9,56.25,17.16,33.32,33.18,44.03,46.78
1940,0.37,-999,-999,95.16,88.09,107.97,92.12,51.13,11.65,35.58,119.08,106.11,43.38,53.28,62.96,56.2,88.82,72.39,99.86,11.38,31.51,12.37,19.58,21.15,66.25,91.79,46.0,65.82,37.0,75.1,15.42,25.6,73.14,77.13,11.86,42.35,94.69,44.02,29.88,6.0,93.63,62.46,67.95,121.53,82.52,38.58,7.51,36.27,20.87,35.52,55.16
1941,0.0,-999,-999,127.67,117.06,96.17,71.33,37.24,24.0,63.81,141.75,129.71,53.25,31.47,73.41,71.0,81.41,97.74,139.1,22.84,58.03,19.34,31.91,26.81,85.9,128.28,29.85,95.68,33.09,66.63,23.52,44.27,48.15,41.37,24.14,55.39,94.48,30.51,47.11,11.0,121.85,58.56,105.51,117.92,54.21,71.99,15.15,28.45,30.44,50.29,31.33
1942,0.27,-999,-999,102.62,98.5,109.3,87.17,44.63,11.65,43.01,138.52,112.33,37.09,38.81,54.04,47.19,78.72,73.91,115.89,17.35,46.72,12.35,14.22,8.14,68.48,108.01,27.19,80.54,12.63,56.98,14.7,27.94,61.58,60.65,12.91,40.04,95.77,39.12,33.82,6.0,108.41,29.68,82.59,115.12,74.48,55.08,12.86,31.19,13.96,35.35,34.41
1943,0.0,-999,-999,117.16,112.11,120.87,88.49,49.75,25.58,57.98,135.12,116.15,43.84,38.26,64.26,55.38,90.28,79.94,126.9,22.54,64.6,10.49,18.69,21.78,73.37,123.85,29.54,86.67,21.53,72.45,17.18,45.59,84.41,60.33,20.94,44.17,111.04,34.82,49.03,10.0,99.64,53.47,90.85,135.11,77.87,69.55,8.94,25.44,27.83,45.33,43.74
1944,0.0,-999,-999,115.77,117.73,108.57,81.62,47.29,33.47,56.3,155.65,110.75,40.56,30.42,73.52,71.12,81.15,90.33,127.42,29.93,53.0,24.64,31.15,13.58,82.09,127.98,18.19,80.28,15.91,56.52,28.76,49.07,65.32,55.98,30.67,58.47,101.17,36.98,47.76,19.0,107.89,34.96,88.49,120.3,68.81,63.49,29.44,28.76,25.71,54.12,29.13
1945,0.0,-999,-999,112.02,92.69,109.05,90.67,39.9,21.06,37.05,168.6,112.1,28.78,37.94,39.38,34.3,72.78,60.93,119.66,16.07,42.02,14.9,13.33,14.3,52.59,111.88,33.21,73.3,20.2,48.78,15.7,35.82,71.53,64.25,16.53,38.61,89.36,45.15,35.76,10.0,101.68,38.17,68.79,129.23,63.09,55.07,18.01,32.12,15.77,41.17,33.63
1946,0.22,-999,-999,77.54,95.09,103.35,85.28,48.32,13.23,23.49,151.22,87.89,31.43,38.1,50.18,44.09,85.45,44.11,114.25,13.77,31.3,11.79,19.85,11.72,64.9,91.78,31.13,54.76,22.99,60.8,14.13,22.58,76.03,61.25,13.12,31.53,100.03,31.23,30.8,2.0,75.69,39.81,51.95,121.86,80.1,32.43,13.15,22.88,15.76,28.75,39.4
1947,0.27,-999,-999,96.95,104.08,107.03,87.75,45.39,18.22,29.47,139.41,100.71,55.13,35.73,59.73,48.54,91.92,62.09,140.17,24.39,38.57,22.35,27.79,28.93,72.4,113.36,34.55,71.55,28.7,64.26,24.59,32.03,66.28,69.7,23.81,36.72,106.32,28.13,40.25,6.0,96.87,52.65,76.4,143.46,72.6,48.1,23.21,22.09,33.91,36.4,42.24
1948,0.46,-999,-999,99.44,109.71,120.74,74.5,50.26,19.69,32.56,158.65,102.69,47.56,35.77,52.91,46.3,87.35,67.16,135.37,19.79,33.07,15.08,22.4,24.81,67.59,119.62,28.61,67.76,33.45,70.06,17.37,26.89,86.06,58.14,16.71,39.06,106.8,26.13,34.68,7.0,91.8,48.0,75.69,147.72,75.83,37.99,13.93,17.18,34.04,29.4,40.45
1949,0.0,-999,-999,95.94,98.78,112.71,88.98,38.62,28.91,44.8,159.81,96.06,44.91,38.54,58.37,50.7,69.6,64.47,132.25,35.9,43.8,25.48,27.66,26.71,55.98,116.05,37.28,61.19,35.81,55.84,29.09,41.89,58.98,62.47,33.58,50.83,90.51,34.4,53.01,20.0,84.14,57.15,63.93,124.36,67.95,47.34,28.55,28.06,29.3,39.48,37.42
1950,0.38,-999,-999,87.06,69.3,122.22,91.94,33.79,10.68,23.98,149.8,98.45,18.23,31.42,28.27,21.27,53.6,29.32,120.92,14.19,30.88,5.7,8.78,11.39,33.01,100.65,19.63,59.2,17.79,35.92,13.59,21.91,67.42,64.48,8.78,19.49,70.44,39.83,19.87,1.0,96.49,32.92,37.43,131.36,67.76,32.85,6.93,29.13,9.66,12.11,26.18
1951,0.34,-999,-999,116.83,102.5,112.04,90.53,38.96,10.5,40.31,149.47,116.56,16.89,29.82,34.59,34.76,56.58,73.93,132.22,14.97,42.56,6.89,8.38,7.12,43.31,125.46,23.2,75.7,13.65,34.06,13.28,25.52,81.17,63.9,10.61,35.22,88.48,41.79,31.22,1.0,106.32,22.62,84.94,140.1,67.82,52.62,6.94,30.16,6.54,34.85,26.57
1952,0.11,-999,-999,105.56,121.78,119.28,90.15,51.5,21.49,47.5,146.49,110.68,45.67,33.83,66.9,62.43,105.4,85.75,130.71,27.65,53.31,23.53,27.44,22.59,93.41,127.42,30.74,82.07,36.26,73.32,25.72,35.92,79.22,66.75,25.09,54.6,121.76,42.02,43.73,18.0,106.21,59.27,89.69,137.03,69.47,62.64,17.92,31.81,26.09,47.05,45.52
1953,2.05,-999,-999,115.86,132.13,111.26,77.15,49.18,28.63,48.65,141.15,108.19,50.31,38.87,77.05,69.79,109.68,95.47,138.88,28.24,58.08,15.09,24.84,19.03,106.32,134.38,33.9,83.88,23.17,72.88,24.1,40.33,88.62,66.55,25.84,54.75,127.03,30.27,46.53,11.0,108.77,44.15,100.2,144.67,76.84,64.93,21.85,23.62,22.19,54.56,46.36
1954,0.0,-999,-999,132.61,126.39,120.11,82.21,56.59,10.5,45.73,146.95,131.98,47.48,35.97,71.13,64.48,110.46,90.21,137.56,7.14,52.78,3.31,19.79,13.13,98.64,132.31,30.85,96.43,19.17,75.01,7.72,28.29,84.41,60.48,10.62,42.48,125.64,20.18,32.68,2.0,128.81,44.98,106.79,146.46,76.41,67.63,4.23,12.98,15.95,37.81,47.86
1955,0.64,-999,-999,118.26,112.39,108.66,84.33,50.31,25.22,46.02,152.48,114.7,60.34,43.08,68.31,62.86,97.76,79.2,143.74,32.02,48.84,21.8,41.64,28.43,81.14,128.97,35.26,65.42,35.55,79.0,30.25,39.01,71.38,62.01,34.96,51.9,113.44,32.19,46.09,17.0,97.66,64.77,87.67,153.93,70.73,48.04,29.2,23.97,38.92,47.44,46.24
1956,0.11,-999,-999,107.9,119.74,123.45,83.02,56.51,13.73,39.77,142.01,110.27,52.4,37.26,52.93,39.46,123.1,66.95,133.56,15.91,43.7,4.46,12.51,12.62,89.77,115.21,33.63,73.38,17.15,81.68,11.78,26.26,89.54,60.01,9.07,24.42,134.89,35.33,23.04,9.0,105.11,48.93,81.17,159.59,84.52,54.35,7.64,27.34,13.81,24.03,39.37
1957,0.63,-999,-999,105.98,87.85,101.23,77.86,36.19,18.04,62.91,133.6,100.84,36.7,39.0,43.92,37.18,72.86,59.96,112.41,24.33,58.98,8.16,14.5,15.79,59.87,101.46,31.4,76.62,25.05,51.81,16.82,37.69,67.38,67.79,14.46,33.49,90.25,28.86,34.36,10.0,99.08,38.93,72.19,116.51,66.28,63.26,12.14,18.13,18.75,43.65,36.31
1958,0.67,-999,-999,103.72,96.95,119.94,91.05,49.54,8.53,34.52,144.49,112.37,26.09,48.79,29.03,22.8,77.09,53.35,120.44,7.47,35.18,2.86,8.81,16.94,55.32,102.97,31.54,64.79,28.15,48.52,9.84,26.01,74.2,72.04,7.21,15.15,99.99,54.79,17.19,3.0,98.93,47.86,72.49,124.56,87.26,45.33,6.97,48.92,13.52,19.26,34.94
1959,0.11,-999,-999,111.85,101.19,115.71,91.34,53.32,28.16,60.66,152.78,115.75,43.79,43.2,68.6,60.79,91.21,77.23,131.65,28.11,57.51,18.15,30.22,29.41,75.98,115.28,36.33,66.26,40.36,67.74,28.99,45.73,76.13,76.41,26.38,51.92,104.24,34.4,47.86,16.0,97.15,69.27,76.31,133.02,81.06,61.27,25.65,21.96,25.45,57.12,49.84
1960,0.58,-999,-999,109.9,103.74,123.02,93.95,52.84,7.35,30.42,130.67,115.97,31.84,44.11,42.55,37.34,82.58,61.47,126.63,8.1,40.56,9.81,11.63,20.27,66.27,117.23,40.72,63.86,35.41,57.11,11.64,21.07,81.59,81.59,7.72,25.67,101.52,40.78,17.99,2.0,106.11,48.6,73.65,136.49,86.48,49.2,9.11,29.22,15.29,28.85,48.31
1961,0.0,-999,-999,84.47,82.73,115.78,87.54,40.14,16.68,42.17,149.51,96.7,32.62,54.16,49.48,39.55,69.56,55.1,102.79,21.87,52.48,11.73,14.53,26.04,56.38,95.41,52.1,58.65,48.82,57.61,21.53,32.7,69.61,70.62,12.68,27.99,81.67,48.64,25.94,9.0,86.23,57.66,56.27,126.38,77.98,50.6,12.69,38.15,19.52,29.0,47.86
1962,0.06,-999,-999,121.54,108.29,118.4,84.74,42.13,7.35,33.29,156.89,126.6,32.36,31.13,51.31,43.85,87.65,64.66,142.66,8.8,45.59,5.72,16.88,7.4,78.13,132.49,21.92,64.94,14.04,48.78,10.0,21.1,83.22,69.28,13.18,34.03,109.51,32.02,26.75,2.0,106.65,27.28,86.2,145.0,77.84,46.79,9.31,20.67,11.09,24.95,29.39
1963,0.1,-999,-999,102.46,122.0,117.56,73.95,50.19,20.73,31.33,149.62,104.96,44.46,37.06,56.03,39.88,108.57,51.36,148.8,20.21,44.29,14.7,21.56,18.78,85.74,129.29,38.69,54.64,29.58,72.13,19.51,27.37,82.46,63.66,14.87,26.17,129.92,31.93,20.35,14.0,93.37,50.05,65.83,158.19,76.3,55.92,16.36,24.59,24.02,15.82,44.2
1964,0.0,-999,-999,93.17,99.52,109.07,83.37,47.98,20.37,47.2,144.17,93.29,43.73,31.27,61.95,55.6,90.46,77.13,117.61,14.23,51.37,6.14,28.01,27.0,73.2,109.03,31.39,52.59,25.61,64.6,17.3,32.56,83.79,61.06,20.24,43.81,102.82,26.31,33.02,7.0,84.95,51.72,72.61,127.75,68.11,54.9,14.73,14.12,29.26,35.82,41.99
1965,0.0,-999,-999,97.82,102.03,107.45,76.7,29.06,16.39,48.76,147.73,104.09,26.3,24.2,39.08,32.44,76.28,57.03,124.21,19.33,53.41,11.71,12.76,9.25,58.19,118.04,19.86,59.1,12.08,39.37,19.43,32.61,70.94,42.37,15.68,28.84,96.42,32.3,27.51,4.0,95.89,31.35,64.35,127.27,44.4,52.72,13.87,23.15,10.69,33.48,20.73
1966,0.11,-999,-999,80.0,84.8,114.68,88.83,46.08,19.73,55.78,130.43,77.18,37.77,47.17,50.35,47.54,82.83,55.4,107.0,23.83,60.19,6.61,26.27,22.95,57.05,96.49,40.63,54.52,30.54,60.15,25.27,38.37,73.37,75.47,19.25,36.07,89.89,38.74,39.42,11.0,74.86,52.22,56.79,117.39,80.09,59.53,15.54,21.99,23.63,38.86,49.82
1967,0.75,-999,-999,68.19,79.75,104.44,92.2,32.73,10.58,25.37,137.2,82.97,22.27,51.29,28.01,26.56,68.3,30.06,98.78,10.98,26.13,5.68,6.65,11.99,43.96,81.37,41.28,41.45,31.19,46.63,7.08,14.95,61.8,70.33,7.76,20.61,83.04,61.6,14.66,4.0,69.81,41.92,34.86,127.4,68.94,32.09,8.44,43.92,7.38,14.39,35.03
1968,0.81,-999,-999,92.26,90.13,104.72,79.19,37.33,19.58,46.42,139.13,102.64,38.13,33.74,47.32,40.06,82.0,54.11,109.53,22.93,46.51,8.82,18.89,14.62,59.23,100.91,24.1,59.06,17.29,58.42,11.75,31.55,65.82,63.53,14.9,29.97,89.91,35.77,29.92,11.0,89.48,38.5,69.14,112.85,60.76,49.76,12.81,23.21,18.24,30.45,30.16
1969,1.45,-999,-999,92.05,104.66,111.41,85.72,42.56,16.68,36.29,134.29,91.73,28.66,42.49,42.84,37.05,75.64,64.44,124.15,20.62,45.66,9.86,17.84,19.27,66.52,106.11,37.4,57.4,29.17,52.06,11.66,25.53,76.03,73.71,12.42,25.05,99.58,36.58,19.52,8.0,77.01,45.47,71.84,126.95,78.74,47.28,15.42,28.19,17.06,31.06,46.58
1970,0.06,-999,-999,107.6,102.61,105.57,90.96,46.47,21.84,45.58,154.56,114.88,46.14,44.77,46.55,43.33,97.1,65.78,113.97,23.3,49.17,19.29,20.67,33.48,65.35,112.73,44.19,75.61,40.97,76.51,22.84,30.26,69.38,70.35,12.57,34.88,104.9,48.22,22.7,4.0,103.31,65.24,73.41,119.23,73.18,62.37,22.84,33.77,26.6,36.32,50.55
1971,0.58,-999,-999,96.11,97.59,105.96,82.06,44.61,11.98,35.97,156.79,100.42,44.15,41.5,55.9,38.27,86.4,53.24,111.55,21.56,29.37,6.0,21.15,15.67,72.78,106.16,40.26,48.74,22.25,59.72,15.6,23.31,68.47,65.34,11.83,24.09,95.89,37.25,20.85,4.0,82.72,48.35,61.44,123.77,73.66,42.75,15.76,30.07,16.3,20.59,43.73
1972,0.3,-999,-999,97.89,110.16,115.87,84.94,39.41,10.0,31.78,147.93,98.93,36.89,33.53,47.92,34.34,84.43,53.04,128.5,12.44,26.24,6.84,10.89,16.69,70.34,116.67,25.08,47.49,23.82,54.37,9.61,21.49,63.82,64.62,8.78,17.76,113.3,43.69,16.21,8.0,79.72,40.72,57.6,133.89,66.47,34.76,11.16,27.11,15.3,13.33,28.54
1973,0.0,-999,-999,102.85,93.08,113.9,87.21,38.23,21.2,44.4,150.82,99.73,36.07,40.17,44.07,39.58,79.44,64.39,115.59,29.4,39.3,10.52,18.95,18.43,64.8,111.11,33.53,57.13,27.47,58.59,20.57,32.6,67.73,72.11,19.81,27.8,93.31,43.34,28.51,18.0,93.88,51.27,61.8,118.1,67.07,51.52,21.97,31.22,17.15,31.34,36.67
1974,0.0,-999,-999,80.15,76.33,117.08,92.5,44.19,15.21,32.12,145.67,92.26,33.1,43.49,33.43,29.66,73.11,37.1,103.03,20.85,31.32,3.99,14.75,20.87,53.7,89.82,32.99,43.81,28.81,58.01,14.64,24.75,70.56,81.6,9.89,21.65,82.53,46.59,19.96,11.0,80.98,52.51,44.25,116.85,86.53,34.94,10.05,30.24,12.6,16.56,43.27
1975,0.35,-999,-999,82.92,93.0,99.13,82.37,39.29,18.15,32.34,168.97,89.26,50.05,28.7,50.64,48.52,87.69,69.23,105.41,24.19,33.92,13.33,20.99,27.06,73.38,95.77,20.07,61.14,20.93,61.94,21.76,25.18,62.01,54.5,15.19,31.24,97.96,34.69,24.24,12.0,92.75,49.39,65.94,118.45,62.22,46.8,26.16,21.76,25.64,26.17,32.73
1976,0.51,-999,-999,66.59,75.81,102.58,77.85,42.63,14.24,40.87,128.5,75.73,44.99,28.16,41.03,28.93,83.39,37.7,99.65,26.62,36.33,11.39,20.17,38.0,60.75,88.31,32.24,47.79,39.18,66.63,16.0,25.89,66.29,47.63,6.74,19.23,81.44,25.09,20.47,5.0,72.49,68.34,43.94,102.45,71.19,48.96,13.87,16.97,31.48,19.21,43.4
1977,0.75,-999,-999,110.39,116.53,109.36,83.98,47.48,15.89,50.77,145.93,116.53,42.14,38.24,53.29,52.08,82.12,75.55,128.15,25.74,53.44,12.88,22.15,19.68,68.25,120.5,26.77,74.22,22.25,52.22,17.64,34.68,77.99,71.05,13.47,34.67,105.96,40.23,27.07,15.0,109.31,42.9,81.73,134.42,76.65,63.29,15.62,32.75,18.92,28.36,38.39
1978,0.0,-999,-999,116.22,105.4,115.7,83.54,49.0,16.17,28.09,148.71,114.23,43.83,29.09,51.49,43.28,95.72,67.69,127.94,22.81,40.95,12.71,17.03,23.77,76.94,112.93,26.2,68.04,27.6,66.85,21.16,19.19,74.19,55.75,15.01,29.13,110.92,29.33,22.61,7.0,99.63,48.14,75.66,133.49,78.4,54.81,18.41,23.74,17.13,23.79,39.14
1979,0.0,-999,-999,70.97,83.54,115.32,86.05,45.75,18.44,25.69,138.98,81.79,31.13,40.14,39.09,24.86,87.99,40.17,108.92,22.15,30.97,11.64,9.55,11.86,56.57,89.97,35.31,43.28,20.51,53.61,17.41,21.41,68.49,71.92,12.61,13.64,97.0,37.81,18.44,14.0,62.87,37.73,43.02,119.76,81.18,33.6,18.84,33.08,7.31,16.49,35.96
1980,0.0,-999,-999,106.16,120.04,111.52,77.35,54.88,22.53,54.85,152.21,116.89,53.65,23.63,63.98,54.41,106.06,82.26,131.11,23.82,58.23,8.55,13.08,30.55,92.2,119.54,29.03,81.67,36.94,78.22,20.87,40.32,77.3,63.25,14.6,30.46,118.48,26.94,32.56,19.0,110.8,62.17,91.46,133.53,69.77,68.54,12.13,16.62,19.14,32.58,41.1
1981,0.0,-999,-999,94.85,95.66,111.82,91.9,43.62,14.92,28.93,157.72,110.58,27.91,45.17,27.97,26.04,78.04,47.54,125.54,19.18,34.0,3.14,8.87,10.94,50.99,107.15,37.4,63.95,25.03,51.88,11.24,27.14,63.64,88.04,8.05,15.74,98.32,40.33,16.33,9.0,97.17,43.85,58.5,122.94,80.47,49.07,6.67,30.6,8.78,21.66,42.08
1982,0.28,-999,-999,96.23,100.61,101.79,70.04,36.63,10.68,34.28,142.95,97.19,22.43,31.64,28.09,26.47,70.35,45.63,124.81,13.64,30.01,8.13,7.61,13.61,45.03,110.2,26.84,51.51,23.73,41.86,9.93,20.41,64.26,55.86,7.38,19.52,97.92,31.51,16.93,11.0,89.68,39.3,56.75,130.44,62.9,36.02,11.39,26.39,8.68,20.29,37.4
1983,0.35,-999,-999,84.03,99.69,103.78,72.63,46.68,36.56,65.35,133.58,93.85,64.73,29.33,71.72,69.17,89.98,81.94,103.31,31.73,69.09,12.68,32.98,32.6,78.95,91.64,37.86,70.41,44.67,72.49,28.74,47.99,74.61,52.09,24.25,52.19,92.85,24.03,43.14,30.0,90.97,60.85,72.16,122.23,67.26,65.77,22.16,20.85,33.56,43.24,50.99
1984,0.0,-999,-999,99.31,96.55,104.77,91.15,44.06,18.83,44.09,130.79,100.82,39.32,32.63,47.22,41.24,90.94,62.05,109.47,20.22,37.13,10.28,14.75,18.36,63.03,97.73,40.93,55.52,34.92,60.46,15.48,30.61,69.18,64.99,8.74,25.59,101.52,34.69,17.43,17.0,88.61,45.37,58.92,133.12,76.81,42.11,12.32,24.09,13.31,29.17,42.92
1985,0.0,-999,-999,93.14,99.94,110.12,81.54,41.31,8.64,40.48,159.68,95.58,34.49,39.58,31.57,28.66,75.16,45.95,115.93,10.33,40.57,4.1,7.75,11.1,52.68,97.64,33.6,61.84,19.05,53.63,14.65,26.35,68.11,64.6,6.85,17.55,98.7,40.72,20.79,6.0,93.8,44.07,58.32,126.2,78.85,47.22,7.35,32.87,13.13,26.84,40.8
1986,0.85,-999,-999,116.51,106.55,102.29,77.67,34.14,7.28,52.08,159.82,118.35,30.3,38.69,42.15,37.76,80.07,64.68,130.58,11.14,59.29,3.14,10.04,14.2,68.23,118.36,31.07,79.03,18.62,47.3,10.4,30.11,61.35,71.34,6.11,23.64,95.96,45.87,20.58,5.0,115.58,34.31,77.98,122.88,77.25,66.21,4.32,33.78,12.69,29.66,35.19
1987,0.59,-999,-999,106.39,117.77,101.94,85.5,38.18,19.48,55.78,137.52,107.97,48.52,38.9,63.56,55.41,82.08,77.48,123.02,22.61,59.61,7.81,30.92,30.95,77.9,115.08,29.82,72.04,29.76,61.48,19.5,37.42,61.47,69.37,18.38,39.62,104.42,47.15,35.05,15.0,103.73,54.58,80.66,114.09,74.35,66.77,17.34,33.55,25.77,46.88,34.23
1988,0.0,-999,-999,94.63,106.42,107.73,94.38,49.67,27.34,60.25,139.08,88.22,64.79,55.03,72.38,61.7,92.23,70.75,112.79,34.81,62.51,18.46,38.87,46.85,79.67,104.03,56.44,65.1,53.69,74.32,29.98,45.71,61.71,79.44,29.23,50.78,96.08,43.38,43.43,20.0,93.43,71.04,75.31,127.68,91.93,61.96,25.14,31.88,46.36,47.28,56.75
1989,0.06,-999,-999,78.54,80.57,121.72,83.93,39.11,10.9,33.27,171.92,88.53,28.89,33.11,35.69,26.95,71.89,47.1,111.04,18.37,35.77,8.58,14.94,23.67,52.03,84.36,31.37,55.4,38.26,53.41,15.71,27.24,77.35,57.74,10.64,18.03,86.44,26.61,18.87,12.0,90.08,55.91,48.08,131.0,80.31,40.07,13.82,20.19,16.03,19.5,39.86
1990,0.79,-999,-999,113.18,98.64,104.52,84.11,43.72,12.08,42.71,166.38,121.09,30.7,48.58,35.12,29.48,84.35,52.8,128.8,23.7,43.66,8.1,8.76,16.1,58.07,113.21,40.37,67.66,31.54,60.05,15.88,26.37,68.98,69.12,10.65,16.94,100.18,43.71,19.47,10.0,112.78,51.28,68.38,120.25,79.94,51.42,11.66,31.84,8.77,23.63,41.62
1991,1.0,-999,-999,92.14,100.93,101.35,86.38,35.79,25.65,60.1,154.09,92.34,42.24,39.26,65.18,59.56,91.76,72.29,115.31,30.76,71.93,14.73,25.84,20.34,76.84,103.76,37.28,65.93,26.81,63.61,23.08,47.45,61.24,67.07,20.86,46.85,102.04,45.05,44.74,25.0,91.37,45.26,68.95,122.61,67.92,58.47,16.27,24.16,21.33,45.12,36.37
1992,0.17,-999,-999,66.94,67.75,99.56,90.23,30.44,8.14,19.17,130.97,77.43,11.55,43.03,22.44,13.56,50.59,30.44,102.26,7.08,34.96,3.98,5.2,6.84,31.84,77.51,25.49,45.11,16.35,24.08,8.54,19.77,65.55,65.47,3.54,6.26,67.02,45.3,11.82,2.0,75.94,20.62,31.43,108.84,66.72,30.06,3.07,30.39,6.04,11.07,25.97
1993,0.42,-999,-999,100.35,93.1,106.8,75.04,31.06,18.94,47.55,139.26,112.32,14.96,15.5,35.99,37.29,65.07,67.22,117.73,29.17,58.77,10.56,11.05,6.39,52.26,103.67,7.54,75.22,6.6,30.4,21.69,39.99,65.15,47.6,15.95,31.99,85.81,24.41,35.92,16.0,108.15,13.43,76.56,120.52,64.9,59.01,14.48,16.13,5.11,42.31,14.86
1994,0.77,-999,-999,75.58,85.99,110.77,83.0,51.76,18.04,37.74,148.01,70.69,25.42,50.29,41.86,35.09,87.1,51.72,113.04,20.1,54.79,6.67,9.88,6.96,51.83,91.89,37.33,50.29,15.33,53.69,18.3,31.04,83.74,82.17,11.1,23.51,99.56,45.37,19.54,14.0,82.55,34.14,43.48,121.55,96.29,44.36,12.7,29.89,9.12,25.88,46.68
1995,0.18,-999,-999,101.55,97.39,106.28,75.62,41.8,-999.0,44.46,149.56,97.3,39.29,28.37,55.34,49.45,74.36,64.63,127.89,28.04,60.73,17.7,20.81,18.58,58.11,109.88,25.78,56.59,22.88,55.58,25.93,37.63,71.06,60.73,21.7,33.47,90.7,34.46,35.11,18.0,89.95,41.7,66.31,123.12,71.12,50.24,22.84,21.39,21.27,35.15,36.23
1996,0.0,-999,-999,88.89,88.74,117.81,90.84,46.15,10.0,18.07,136.82,96.45,19.52,35.75,36.82,31.46,69.34,46.79,116.94,11.7,33.54,4.71,10.26,10.95,49.74,100.14,36.03,50.94,20.19,35.95,9.62,22.58,84.36,75.3,5.37,20.48,91.67,41.41,15.73,5.0,91.31,33.38,52.22,132.71,93.53,37.05,4.9,27.43,8.09,15.71,40.08
1997,0.12,-999,-999,79.99,90.06,116.93,84.94,37.92,15.1,34.01,144.14,81.89,32.27,28.82,36.64,28.86,74.32,44.39,115.18,22.8,45.9,8.95,11.67,13.04,52.76,92.74,28.42,55.77,22.21,52.6,17.47,31.07,73.06,65.93,9.25,15.71,93.38,33.22,19.13,20.0,82.49,32.49,52.71,117.38,73.83,46.67,10.09,22.36,9.68,19.17,31.07
1998,0.11,-999,-999,120.98,116.7,103.57,68.52,45.96,14.73,42.5,153.5,108.36,33.58,45.42,48.08,41.3,96.45,76.62,136.42,16.14,59.72,8.67,23.66,16.77,70.76,127.86,43.73,80.41,24.53,61.43,14.24,38.08,84.79,60.86,9.33,29.68,124.48,43.41,26.15,11.0,114.82,40.71,85.56,142.89,71.79,68.04,8.08,36.27,13.8,27.97,42.69
1999,0.75,-999,-999,89.76,97.97,104.57,77.99,35.27,33.68,49.02,139.17,92.73,32.75,37.34,48.6,51.64,69.77,76.96,131.3,32.4,53.93,16.34,23.61,17.72,57.94,112.43,29.27,59.04,15.67,45.69,25.41,45.29,62.19,66.81,23.69,43.6,86.68,38.7,38.06,28.0,85.61,35.79,73.9,133.28,73.46,51.01,24.74,25.91,19.83,48.35,32.31
2000,0.0,-999,-999,107.16,99.37,119.94,80.92,56.43,10.0,22.1,137.27,99.3,29.93,41.64,31.42,21.54,95.69,52.8,128.05,9.93,33.34,2.12,4.88,13.26,63.86,118.29,40.18,55.06,19.71,69.63,8.75,24.04,91.57,76.13,3.81,10.68,103.96,36.26,9.84,7.0,95.58,50.07,68.65,140.35,94.86,35.63,3.29,22.53,6.73,16.26,49.46
2001,0.0,-999,-999,75.82,92.43,122.12,95.46,54.05,21.84,29.99,134.59,84.4,35.81,51.27,46.14,37.89,89.6,55.98,108.76,29.65,39.37,18.21,23.45,25.71,57.21,91.73,43.99,48.19,28.35,61.98,23.84,31.9,80.98,89.79,19.3,26.12,102.39,41.99,25.02,18.0,93.72,51.97,52.65,120.45,95.94,40.0,21.76,29.37,24.41,23.86,56.38
2002,0.34,-999,-999,107.53,99.37,119.75,87.37,57.94,30.52,53.36,158.73,112.89,46.79,37.07,62.76,59.36,94.7,84.44,123.2,33.34,60.19,16.46,30.05,23.58,69.94,112.61,32.01,79.73,29.96,73.15,29.7,49.21,90.92,77.56,27.74,48.97,101.02,41.62,41.5,28.0,109.94,56.91,82.03,129.78,90.71,62.51,23.18,28.92,22.05,45.36,45.45
2003,0.63,-999,-999,72.11,76.08,118.5,90.89,53.01,9.21,28.54,146.82,71.8,30.7,56.27,32.69,24.49,79.03,35.83,116.18,16.29,30.61,6.37,11.61,19.56,47.25,98.79,49.22,45.74,30.42,58.48,15.1,30.26,84.49,81.94,8.11,13.87,87.34,53.47,13.34,16.0,75.51,50.81,43.78,118.89,93.26,35.18,7.42,39.6,17.62,16.08,52.27
2004,0.9,-999,-999,73.08,74.93,110.46,86.4,38.23,10.11,18.41,134.8,88.23,12.93,36.86,22.4,19.35,67.92,35.24,119.9,11.79,32.38,3.11,5.78,8.36,27.66,93.88,22.97,49.87,12.17,44.21,8.88,24.06,63.16,67.02,4.02,11.43,79.91,41.39,9.54,5.0,86.46,31.59,38.29,111.05,75.04,39.15,3.39,30.37,3.75,18.67,28.57
2005,0.0,-999,-999,93.58,114.5,104.12,75.26,49.62,29.7,41.29,129.25,100.55,44.87,37.14,67.23,50.5,85.66,76.56,133.07,28.88,63.86,13.65,27.75,24.08,73.82,117.97,36.95,62.01,23.57,65.71,26.39,46.6,73.94,60.82,26.91,39.9,113.12,37.05,39.27,30.0,96.21,52.03,74.0,137.46,70.74,53.38,20.99,25.53,27.98,42.15,42.46
2006,0.0,-999,-999,114.12,103.62,103.02,84.81,44.45,15.89,41.83,152.83,111.36,35.85,47.34,43.21,32.92,90.01,57.08,133.59,16.85,54.29,5.69,14.61,20.04,66.05,120.7,45.68,60.9,37.66,62.59,12.41,34.07,72.84,77.15,13.58,23.67,115.15,45.81,25.66,13.0,95.7,57.92,71.9,143.96,85.74,47.25,11.78,36.65,21.4,26.38,51.04
2007,0.11,-999,-999,117.08,99.84,120.49,86.08,51.44,18.76,47.5,142.76,111.55,41.52,52.09,62.21,61.35,77.2,94.15,125.63,23.37,64.61,12.23,27.9,25.68,62.86,123.85,48.07,84.62,28.4,59.44,21.37,34.42,77.15,85.23,19.61,42.47,87.01,38.27,35.57,19.0,110.04,52.92,93.23,112.81,93.44,62.87,12.34,29.11,22.73,44.02,56.86
2008,0.0,-999,-999,94.9,76.21,110.0,93.15,41.74,12.26,44.26,138.16,94.62,15.32,39.71,27.37,28.37,60.6,61.05,112.1,13.68,45.58,5.35,9.03,9.01,34.77,94.79,31.79,60.74,18.63,36.54,10.55,35.08,67.8,89.36,11.18,25.65,86.18,39.59,23.65,17.0,92.6,32.23,66.4,127.4,80.42,48.65,5.98,27.7,5.93,23.83,42.62
2009,0.64,-999,-999,74.94,67.47,111.86,88.7,34.15,10.79,21.52,155.19,90.31,11.36,37.8,17.95,17.0,56.84,36.69,115.32,11.96,36.98,6.37,4.8,7.25,30.26,90.1,31.35,52.74,10.17,32.25,10.33,19.5,72.43,79.06,6.87,11.63,79.11,44.78,13.33,16.0,91.49,23.89,41.63,126.24,76.7,33.59,4.95,37.82,5.35,11.73,34.54
2010,0.11,-999,-999,122.49,118.44,113.41,75.21,47.8,32.9,76.51,145.93,123.55,32.62,31.3,56.59,59.06,86.83,87.61,142.87,35.58,81.55,15.09,19.91,17.22,73.38,129.22,24.58,88.65,17.91,55.04,31.77,55.43,79.1,74.72,20.75,43.44,112.61,29.66,39.93,44.0,121.33,39.28,93.66,129.52,80.24,77.32,15.02,22.73,13.91,43.53,42.89
2011,0.21,-999,-999,105.62,108.49,113.16,77.84,50.8,19.15,51.22,154.74,123.99,37.47,36.42,53.98,49.54,94.67,66.52,135.67,19.12,60.03,6.55,22.5,18.36,74.52,113.44,39.45,77.23,18.14,53.21,17.04,32.56,97.6,76.1,14.35,41.2,118.71,33.08,30.32,32.0,115.9,41.83,79.58,159.84,74.01,56.22,9.42,24.54,19.29,34.38,53.91
2012,0.0,-999,-999,85.65,108.38,127.97,94.55,58.0,18.47,44.93,143.17,97.82,60.42,46.85,69.56,63.5,102.74,71.82,125.08,23.97,57.26,8.56,31.89,30.2,83.75,103.77,46.63,56.42,34.26,84.17,22.7,38.7,92.91,98.41,20.64,50.52,117.58,39.22,33.15,26.0,86.78,66.95,72.85,143.73,88.82,49.4,12.1,28.46,34.49,39.55,72.36
2013,1.71,-999,-999,78.67,87.44,116.34,91.02,50.58,19.4,39.97,141.83,81.03,35.48,51.98,38.24,28.51,78.06,45.03,122.07,22.21,46.36,13.58,14.26,18.26,50.86,88.52,37.2,40.71,21.01,54.49,19.97,28.86,73.37,83.49,13.73,20.86,94.21,44.7,21.5,25.0,69.74,36.91,43.11,130.51,74.63,38.49,11.52,34.99,16.21,17.75,52.22
2014,0.16,-999,-999,91.87,73.16,109.53,97.39,38.7,8.35,30.61,142.2,104.16,12.2,36.25,25.54,19.77,77.33,51.69,114.38,15.22,31.97,7.82,4.04,5.27,46.1,92.05,29.54,52.1,10.71,40.66,12.8,21.65,75.05,76.7,5.56,15.21,93.01,44.34,13.96,5.0,93.03,23.39,51.0,126.23,70.27,33.52,4.63,31.53,3.71,16.95,33.44
2015,0.55,-999,-999,88.54,91.31,115.31,94.6,45.3,21.88,48.78,160.13,102.78,19.59,38.57,31.28,25.53,80.42,58.03,131.16,23.94,58.62,6.15,11.49,11.29,49.53,100.91,39.6,67.17,26.59,49.43,22.35,38.46,75.55,79.9,12.37,23.58,96.6,49.97,27.31,20.0,95.08,40.33,60.21,131.08,80.98,42.06,11.16,37.12,9.06,24.13,46.37
2016,0.52,-999,-999,123.48,94.68,121.61,84.45,46.3,36.63,53.83,150.89,117.98,32.25,36.71,48.88,45.23,83.32,79.18,135.69,35.76,65.75,10.58,22.44,12.61,65.78,121.0,34.77,75.21,20.87,53.01,32.36,46.5,84.84,79.51,23.2,45.59,106.68,39.49,40.55,35.0,108.07,45.55,84.99,130.45,81.81,54.94,15.25,27.58,12.93,39.04,52.19
2017,0.21,-999,-999,79.5,80.68,128.46,90.91,46.53,17.75,33.57,153.47,101.27,35.2,51.85,43.9,31.44,74.68,53.82,112.32,16.51,49.14,6.72,13.12,11.63,52.71,85.93,48.56,58.98,28.14,54.37,19.79,30.18,87.59,85.2,9.35,22.07,89.08,51.61,22.18,20.0,97.39,45.33,54.56,126.75,86.71,45.69,9.58,42.09,9.54,21.51,47.56
2018,0.25,-999,-999,114.09,115.75,122.82,85.88,57.93,30.39,41.39,164.09,116.33,39.51,40.6,57.94,54.97,93.66,80.49,142.98,31.51,62.46,13.54,23.65,17.8,82.06,118.01,29.26,75.25,26.59,55.8,27.37,40.37,96.5,83.89,21.2,39.1,111.25,43.8,29.66,36.0,112.44,42.18,86.24,134.4,97.74,52.36,18.52,31.54,19.62,34.3,40.17
2019,1.82,-999,-999,123.29,102.04,104.4,83.24,49.03,21.88,54.01,165.41,126.79,26.33,35.97,42.04,42.75,79.0,84.51,135.06,19.52,70.25,7.38,11.45,10.2,58.92,114.21,24.67,82.87,14.62,44.26,15.44,36.83,82.63,67.4,11.02,35.4,97.48,33.31,26.05,27.0,114.35,24.16,88.25,131.78,79.46,65.04,8.84,25.12,9.61,43.44,35.25
2020,0.0,-999,-999,87.68,80.11,133.4,108.46,60.52,28.66,47.44,167.05,91.55,40.96,44.9,40.69,41.05,85.26,49.71,115.84,31.71,59.9,15.02,26.01,17.72,58.98,93.47,38.5,58.48,25.39,68.83,32.31,40.82,93.16,94.29,20.81,36.74,96.94,41.73,32.99,33.0,84.54,47.97,60.47,136.0,101.88,47.3,21.6,29.77,19.21,32.48,53.96
2021,0.43,-999,-999,73.73,90.36,113.92,97.05,56.19,22.06,53.92,154.42,83.81,42.95,61.43,46.92,42.56,84.78,48.8,110.58,25.63,62.93,12.45,17.77,31.56,61.01,89.91,55.24,59.82,45.37,65.41,21.98,37.61,79.72,90.69,12.64,29.36,101.45,54.19,22.71,27.0,84.02,62.82,54.91,127.4,92.13,51.56,18.34,39.53,21.47,29.71,59.35
2022,0.05,-999,-999,94.69,100.34,121.16,97.56,56.76,28.37,49.36,161.79,102.19,39.93,57.36,38.32,39.76,103.77,61.43,133.75,33.72,61.49,8.67,16.65,15.2,71.88,116.15,49.02,68.36,25.94,75.78,26.2,43.99,85.41,84.58,17.74,27.09,121.31,51.14,23.16,27.0,98.52,54.25,73.74,152.64,89.4,49.46,21.16,37.33,15.79,26.23,55.17
2023,0.36,-999,-999,99.09,104.59,125.61,87.78,44.61,18.36,34.74,163.42,91.43,40.09,39.34,39.45,35.08,88.87,49.2,148.47,21.12,52.17,6.68,14.12,25.55,67.79,127.3,29.66,54.62,26.8,56.34,15.51,30.73,82.99,65.43,9.82,19.72,105.93,47.17,15.31,19.0,83.94,47.54,62.22,143.35,69.08,37.55,14.57,36.05,23.63,20.16,32.99
2024,0.46,-999,-999,107.2,95.81,131.36,101.76,55.3,21.09,41.78,155.3,110.02,29.77,50.99,43.7,42.7,90.62,70.47,135.57,26.54,52.71,14.21,12.4,9.38,60.11,105.47,43.02,55.18,21.86,60.04,21.09,36.78,93.97,91.73,13.71,41.85,121.34,47.78,28.32,21.0,96.26,41.73,71.11,154.1,95.72,51.1,19.41,35.08,11.67,49.07,53.39
