Year,AK,HI,PR,AL,AR,AZ,CA,CO,CT,DE,FL,GA,IA,ID,IL,IN,KS,KY,LA,MA,MD,ME,MI,MN,MO,MS,MT,NC,ND,NE,NH,NJ,NM,NV,NY,OH,OK,OR,PA,RI,SC,SD,TN,TX,UT,VA,VT,WA,WI,WV,WY
1900,-999.0,-999.0,-999.0,30.2,75.13,-999.0,-999.0,40.09,-999.0,-999.0,82.46,60.01,25.84,21.45,35.4,31.38,60.91,46.62,75.24,-999.0,-999.0,8.82,14.2,7.48,45.79,63.74,19.61,56.73,-999,45.7,-999.0,22.3,-999.0,-999.0,7.39,24.41,-999.0,11.94,12.06,-999.0,59.93,30.48,35.0,89.47,52.41,35.83,-999.0,10.17,14.58,49.09,-999.0
1901,-999.0,-999.0,-999.0,49.68,91.03,-999.0,-999.0,38.01,-999.0,-999.0,58.55,36.65,46.48,25.43,51.37,43.22,78.13,45.55,80.84,-999.0,-999.0,7.34,15.67,15.63,74.23,70.48,17.75,30.2,-999,52.57,-999.0,13.01,81.0,-999.0,6.2,21.91,-999.0,21.09,6.23,-999.0,34.9,32.76,41.49,99.12,54.45,11.61,-999.0,9.67,25.8,22.47,-999.0
1902,-999.0,-999.0,-999.0,73.27,66.17,-999.0,-999.0,32.13,-999.0,-999.0,80.82,80.35,6.08,21.42,17.71,18.62,44.09,41.94,95.5,-999.0,-999.0,0.82,2.03,1.95,26.57,80.86,5.99,41.56,-999,18.41,-999.0,5.87,140.84,-999.0,0.64,13.9,-999.0,21.21,0.69,-999.0,55.95,11.98,42.29,98.99,47.4,17.39,-999.0,5.93,2.17,8.18,-999.0
1903,-999.0,-999.0,-999.0,50.87,50.86,-999.0,-999.0,25.01,-999.0,-999.0,48.84,48.85,8.16,8.79,17.92,21.46,43.65,31.33,67.14,-999.0,-999.0,1.32,2.71,0.53,20.43,65.26,5.26,28.36,-999,16.22,-999.0,8.32,105.55,-999.0,1.56,16.93,57.0,9.11,1.09,-999.0,42.86,10.33,37.58,70.19,45.04,9.28,-999.0,5.51,1.93,7.08,-999.0
1904,-999.0,-999.0,-999.0,66.26,57.73,-999.0,-999.0,13.24,-999.0,-999.0,62.14,66.3,5.56,19.62,7.61,10.14,32.81,24.12,78.07,-999.0,-999.0,0.75,2.45,1.49,12.37,74.11,6.62,27.29,-999,15.4,-999.0,6.23,95.58,-999.0,1.34,6.64,65.0,23.78,0.81,-999.0,43.18,12.98,28.24,88.21,48.45,8.74,-999.0,17.29,2.36,3.0,-999.0
1905,-999.0,-999.0,-999.0,49.23,53.9,-999.0,-999.0,25.37,-999.0,-999.0,74.5,67.8,13.25,22.84,19.96,10.39,49.46,22.52,86.51,-999.0,-999.0,1.5,2.71,3.89,19.41,62.42,10.47,26.8,-999,21.1,-999.0,8.41,63.5,-999.0,1.8,7.93,70.0,18.09,2.03,-999.0,41.38,14.92,24.61,89.92,52.28,9.27,-999.0,11.32,3.87,11.31,-999.0
1906,-999.0,-999.0,-999.0,44.75,62.42,-999.0,-999.0,18.08,-999.0,-999.0,63.57,62.93,17.43,23.02,29.06,18.67,36.5,22.54,93.8,-999.0,-999.0,2.26,6.11,5.05,21.83,68.95,14.62,29.52,-999,24.76,-999.0,8.43,61.96,-999.0,1.88,12.88,-999.0,26.93,3.23,-999.0,41.99,15.85,26.37,81.94,40.85,14.86,-999.0,21.34,5.02,12.2,-999.0
1907,-999.0,-999.0,-999.0,54.85,70.44,-999.0,-999.0,26.35,-999.0,-999.0,78.49,63.45,9.29,14.37,15.3,9.18,57.89,26.06,89.4,-999.0,-999.0,2.51,1.71,1.46,29.96,72.06,5.18,29.81,-999,33.82,-999.0,5.79,52.93,-999.0,1.79,4.04,-999.0,10.13,1.35,-999.0,46.87,9.94,39.95,97.67,28.77,9.66,-999.0,9.16,1.49,4.29,-999.0
1908,-999.0,-999.0,-999.0,58.26,61.17,-999.0,-999.0,25.79,-999.0,-999.0,67.34,64.02,13.11,26.09,33.15,39.3,44.78,33.76,74.05,-999.0,-999.0,5.24,8.31,5.99,32.22,64.28,16.93,29.05,-999,28.68,-999.0,14.35,59.59,-999.0,5.12,24.48,71.0,26.86,4.05,-999.0,39.5,20.27,34.33,85.17,35.25,16.47,-999.0,23.66,8.79,28.1,-999.0
1909,-999.0,-999.0,-999.0,54.08,80.27,-999.0,-999.0,27.82,-999.0,-999.0,64.75,49.55,16.58,24.99,25.94,15.4,54.81,24.31,87.7,-999.0,-999.0,4.49,5.28,4.78,43.48,76.2,12.23,23.89,-999,33.33,-999.0,13.37,65.06,-999.0,2.33,5.32,100.0,10.29,2.55,-999.0,35.32,21.92,34.96,105.23,35.96,11.22,-999.0,10.09,8.96,9.83,-999.0
1910,-999.0,-999.0,-999.0,35.71,53.5,-999.0,-999.0,34.59,-999.0,31.0,50.67,53.14,26.53,19.27,24.41,17.22,57.95,16.93,84.54,-999.0,-999.0,1.99,7.14,18.23,24.75,62.92,17.1,26.28,-999,39.89,-999.0,13.22,81.35,-999.0,2.27,14.34,107.16,15.31,1.34,-999.0,35.14,31.84,17.03,111.81,51.56,10.82,-999.0,14.06,22.14,10.58,-999.0
1911,-999.0,-999.0,-999.0,74.01,76.44,-999.0,-999.0,29.76,-999.0,25.0,73.27,87.94,37.33,14.55,41.48,40.71,79.8,44.3,102.68,-999.0,-999.0,14.26,13.02,13.04,59.98,85.25,7.37,50.1,-999,47.53,-999.0,16.35,57.44,-999.0,11.61,29.69,111.55,16.66,14.66,-999.0,74.26,29.96,50.42,117.84,39.64,34.62,-999.0,17.37,15.92,35.07,-999.0
1912,-999.0,-999.0,-999.0,47.9,68.77,-999.0,-999.0,16.26,-999.0,21.0,63.37,56.55,20.7,11.88,23.96,17.33,54.35,23.67,85.58,-999.0,-999.0,8.24,3.01,6.68,40.82,61.64,6.15,32.06,-999,35.79,-999.0,12.07,59.28,-999.0,4.4,9.54,83.3,10.46,2.7,-999.0,46.52,18.96,27.43,101.8,27.07,16.67,-999.0,13.5,7.95,13.75,-999.0
1913,-999.0,-999.0,-999.0,65.19,82.31,-999.0,-999.0,30.07,-999.0,20.0,57.5,66.05,43.05,18.79,57.01,52.4,81.2,66.7,68.44,-999.0,-999.0,4.5,11.15,9.85,72.47,73.53,9.79,37.05,-999,60.09,-999.0,12.75,74.91,-999.0,4.97,29.35,93.7,12.5,11.5,-999.0,54.48,34.21,66.02,87.74,30.6,16.83,-999.0,15.93,13.9,25.99,-999.0
1914,-999.0,-999.0,-999.0,63.88,82.43,-999.0,-999.0,22.4,-999.0,42.0,78.71,71.58,30.71,29.27,50.41,47.15,67.05,57.41,92.28,-999.0,-999.0,1.98,8.09,8.3,64.38,83.03,16.84,45.34,-999,41.71,-999.0,16.89,61.62,-999.0,2.6,32.69,93.46,19.18,10.91,-999.0,68.03,29.68,65.03,85.29,31.97,27.65,-999.0,16.29,8.24,28.33,-999.0
1915,-999.0,-999.0,-999.0,60.46,52.56,-999.0,-999.0,11.8,-999.0,15.0,85.03,72.55,1.32,26.85,6.15,8.17,14.59,19.05,89.16,-999.0,-999.0,0.0,0.11,0.22,13.96,74.27,4.43,38.13,-999,8.21,-999.0,11.4,55.33,-999.0,0.92,4.15,44.62,21.41,1.3,-999.0,58.96,1.52,37.22,80.28,24.46,16.39,-999.0,21.38,0.53,9.49,-999.0
1916,-999.0,-999.0,-999.0,46.63,82.49,-999.0,-999.0,26.32,-999.0,-999.0,57.53,53.51,35.07,19.74,43.66,36.45,66.65,31.8,91.13,-999.0,-999.0,5.5,18.54,12.06,53.64,66.14,9.74,22.81,-999,47.28,-999.0,10.68,73.63,-999.0,7.93,26.62,99.16,12.83,11.17,-999.0,37.25,26.94,38.99,104.23,15.3,6.8,-999.0,11.55,18.97,19.54,-999.0
1917,-999.0,-999.0,-999.0,42.53,57.6,-999.0,-999.0,27.67,-999.0,-999.0,55.76,60.41,12.97,30.25,16.9,15.18,50.52,17.35,78.28,-999.0,-999.0,4.98,4.59,6.26,31.07,61.75,19.11,29.2,-999,33.33,-999.0,8.52,69.77,-999.0,4.22,8.82,81.93,21.72,5.05,-999.0,47.86,23.39,24.39,102.19,35.69,10.45,-999.0,19.75,6.46,27.62,-999.0
1918,-999.0,-999.0,-999.0,52.95,88.81,-999.0,-999.0,27.33,-999.0,-999.0,63.33,62.48,24.27,26.13,30.2,26.93,67.58,38.24,94.67,-999.0,-999.0,3.75,10.57,5.14,51.26,78.16,12.58,31.37,-999,45.98,-999.0,14.18,66.97,-999.0,7.75,20.43,105.01,19.81,10.34,-999.0,45.44,18.4,49.31,108.83,32.4,15.04,-999.0,16.98,8.28,25.59,-999.0
1919,-999.0,-999.0,-999.0,40.27,74.75,-999.0,-999.0,34.25,-999.0,-999.0,79.58,55.41,22.87,38.02,41.09,40.41,61.71,43.13,68.7,-999.0,-999.0,9.24,10.92,4.09,42.86,61.38,30.36,36.39,-999,42.43,-999.0,11.8,39.17,-999.0,7.83,25.26,77.6,24.47,10.62,-999.0,36.13,25.31,52.79,55.34,51.91,14.28,-999.0,18.65,10.4,27.44,-999.0
1920,-999.0,-999.0,-999.0,27.15,53.54,-999.0,-999.0,18.48,-999.0,6.0,65.91,51.83,13.72,26.11,27.56,15.18,42.46,14.27,82.79,-999.0,-999.0,2.5,2.46,4.19,25.56,58.26,16.69,23.2,-999,32.51,-999.0,2.96,55.26,-999.0,0.83,8.0,52.16,19.82,0.42,-999.0,36.59,18.01,29.18,81.98,37.2,4.91,-999.0,22.7,5.63,12.88,-999.0
1921,-999.0,-999.0,-999.0,81.6,95.54,-999.0,-999.0,24.31,-999.0,41.0,80.57,83.97,30.45,18.54,48.32,39.77,60.21,47.96,100.41,-999.0,-999.0,8.5,12.89,17.92,46.02,95.8,18.62,45.83,-999,48.46,-999.0,14.67,49.32,-999.0,8.47,26.7,93.0,13.15,9.45,-999.0,64.08,36.36,65.94,99.42,39.62,18.44,-999.0,15.04,21.99,23.82,-999.0
1922,-999.0,-999.0,-999.0,58.47,80.6,-999.0,-999.0,34.71,-999.0,8.0,59.4,60.14,15.44,30.51,37.21,28.42,63.66,30.79,71.26,-999.0,-999.0,1.25,5.66,13.29,49.98,73.92,15.67,30.3,-999,48.73,-999.0,6.76,73.14,-999.0,2.75,14.74,89.62,28.95,5.3,-999.0,43.82,29.08,48.88,101.45,44.82,7.74,-999.0,29.35,7.97,9.33,-999.0
1923,-999.0,-999.0,-999.0,33.97,63.44,-999.0,-999.0,13.62,-999.0,13.0,50.4,51.73,18.25,19.38,29.22,18.8,44.59,24.05,59.85,-999.0,-999.0,4.01,5.61,9.57,37.86,50.58,11.47,37.6,-999,24.33,-999.0,14.35,46.14,-999.0,3.67,15.4,85.0,19.13,7.97,-999.0,44.48,14.37,30.48,92.67,25.55,12.3,-999.0,20.7,10.18,6.37,-999.0
1924,-999.0,-999.0,-999.0,61.78,71.71,-999.0,-999.0,29.45,-999.0,11.0,77.63,65.65,6.2,24.13,14.13,15.5,49.34,19.97,97.12,-999.0,-999.0,1.5,2.0,2.24,21.98,79.2,10.43,34.46,-999,22.94,-999.0,9.29,71.8,-999.0,2.98,11.3,88.0,22.78,2.86,-999.0,51.07,13.57,46.93,99.22,45.46,8.09,-999.0,19.02,0.49,6.8,-999.0
1925,-999.0,-999.0,-999.0,100.16,105.2,-999.0,-999.0,23.62,-999.0,22.0,78.57,105.41,26.38,25.41,45.57,39.87,67.62,52.56,101.96,-999.0,-999.0,1.5,9.19,11.28,56.18,104.04,15.61,63.02,-999,44.45,-999.0,17.1,64.89,-999.0,4.97,24.02,90.24,20.99,7.66,-999.0,95.26,33.85,87.67,119.45,35.8,25.67,-999.0,20.76,7.77,25.9,-999.0
1926,-999.0,-999.0,-999.0,63.79,82.76,-999.0,-999.0,26.04,-999.0,21.0,74.09,71.09,17.69,24.68,29.31,21.15,62.3,28.21,102.51,-999.0,-999.0,1.25,4.95,7.54,38.6,87.39,16.48,52.25,-999,40.72,-999.0,11.2,63.88,-999.0,3.16,9.68,72.63,26.13,4.7,-999.0,69.09,29.94,53.04,93.47,43.82,22.13,-999.0,20.7,4.33,12.45,-999.0
1927,-999.0,-999.0,-999.0,64.69,64.96,-999.0,-999.0,17.98,-999.0,11.0,98.24,70.13,21.19,24.71,20.59,16.71,41.1,30.82,86.85,-999.0,-999.0,1.76,6.78,5.44,23.31,76.86,6.52,27.28,-999,31.49,-999.0,9.83,71.13,-999.0,2.02,11.78,74.49,18.18,3.89,-999.0,40.76,13.65,37.17,110.77,37.59,10.81,-999.0,16.89,5.88,12.43,-999.0
1928,-999.0,-999.0,-999.0,50.11,65.72,-999.0,-999.0,18.0,-999.0,14.0,67.72,48.78,10.63,25.09,21.54,14.23,39.21,22.73,82.0,-999.0,-999.0,5.51,4.02,3.72,24.85,69.83,10.8,30.52,-999,31.0,-999.0,12.23,67.2,-999.0,2.27,13.71,83.64,20.5,1.38,-999.0,35.06,19.93,31.38,101.36,51.74,11.12,-999.0,18.23,4.15,10.39,-999.0
1929,-999.0,-999.0,-999.0,60.55,75.34,-999.0,-999.0,28.43,-999.0,25.0,69.72,58.98,13.01,30.99,18.99,14.5,49.33,33.88,80.61,-999.0,-999.0,8.29,7.17,12.26,33.3,72.97,23.01,23.9,-999,39.17,-999.0,19.22,60.0,-999.0,3.72,10.31,72.47,19.88,6.99,-999.0,37.09,33.77,37.99,99.82,41.19,14.96,-999.0,15.75,7.08,15.57,-999.0
1930,0.0,-999.0,-999.0,68.16,83.82,61.3,49.59,31.65,-999.0,39.0,67.78,65.29,35.15,24.89,42.57,36.29,59.1,52.67,79.68,-999.0,-999.0,2.51,13.12,16.63,50.93,74.68,20.73,49.69,-999,38.61,-999.0,23.31,68.48,-999.0,5.6,32.71,85.39,15.17,15.14,-999.0,61.34,35.29,58.12,100.88,41.36,47.62,-999.0,18.13,18.31,33.48,-999.0
1931,0.0,-999.0,-999.0,80.31,72.87,64.3,62.31,49.12,-999.0,35.0,78.88,86.71,45.49,34.96,49.17,40.99,73.55,60.79,88.72,-999.0,-999.0,7.26,23.38,24.4,55.15,78.99,25.47,56.25,-999,61.67,-999.0,24.07,76.88,-999.0,7.21,31.6,99.7,23.63,15.82,-999.0,80.02,53.97,70.79,110.36,56.53,26.0,-999.0,22.41,29.14,37.92,-999.0
1932,0.0,-999.0,-999.0,56.1,78.71,68.92,58.57,32.19,-999.0,22.0,77.5,59.74,19.77,21.47,29.63,22.92,57.63,39.7,85.1,-999.0,-999.0,2.01,7.64,11.53,42.97,67.9,15.29,46.11,-999,41.13,-999.0,20.86,59.61,-999.0,2.53,19.83,60.7,13.55,7.28,-999.0,56.18,32.32,57.46,80.34,43.69,26.78,-999.0,15.0,11.33,23.71,-999.0
1933,0.0,-999.0,-999.0,68.84,78.25,79.87,57.76,39.23,-999.0,25.0,85.02,72.53,39.96,29.61,54.27,46.98,76.96,44.64,85.67,-999.0,-999.0,2.51,18.2,21.14,56.51,75.87,25.59,59.07,-999,59.52,-999.0,21.2,71.9,-999.0,11.5,32.47,96.78,18.59,19.52,-999.0,77.89,52.71,57.66,111.7,55.92,19.81,-999.0,18.84,20.07,21.9,-999.0
1934,0.0,-999.0,-999.0,56.04,94.16,94.28,67.03,50.67,-999.0,23.0,69.7,65.33,55.84,30.52,59.21,47.94,88.27,40.49,88.88,-999.0,-999.0,1.76,18.41,20.35,72.12,76.45,22.42,42.76,-999,75.37,-999.0,16.3,98.63,-999.0,8.46,38.55,91.01,16.39,19.29,-999.0,58.01,54.51,56.39,116.47,57.95,26.01,-999.0,21.08,24.78,36.04,-999.0
1935,0.0,-999.0,-999.0,65.01,69.52,69.95,62.27,35.38,-999.0,11.0,80.91,58.12,27.15,22.38,33.27,28.12,62.25,35.61,72.5,-999.0,-999.0,8.03,6.82,11.99,40.22,66.1,17.8,33.24,-999,50.16,-999.0,13.04,67.43,-999.0,3.7,14.46,68.93,20.17,8.04,-999.0,49.56,43.25,48.17,76.04,46.98,13.56,-999.0,15.95,7.71,21.06,-999.0
1936,0.17,-999.0,-999.0,79.87,97.81,87.51,74.25,45.81,-999.0,24.0,67.96,73.6,57.37,31.12,64.98,62.48,88.3,77.78,87.14,-999.0,-999.0,1.51,17.29,24.75,82.96,88.79,33.63,51.36,-999,74.65,-999.0,20.02,79.96,-999.0,9.08,40.5,106.39,14.79,16.17,-999.0,75.22,64.06,79.41,98.07,53.12,34.63,-999.0,15.58,25.82,45.09,-999.0
1937,0.48,-999.0,-999.0,71.62,81.13,83.6,69.61,38.66,-999.0,11.0,69.83,66.15,38.51,24.48,35.01,30.48,74.65,50.17,88.06,-999.0,-999.0,16.54,11.62,15.65,56.07,68.39,19.44,37.63,-999,62.45,-999.0,18.34,62.08,-999.0,5.2,13.35,93.7,14.84,7.7,-999.0,56.61,46.63,50.2,116.54,46.58,13.62,-999.0,14.18,23.64,13.25,-999.0
1938,0.0,-999.0,-999.0,69.18,91.49,85.6,65.78,29.35,-999.0,15.0,77.4,58.59,30.08,25.56,28.83,24.98,74.45,34.41,80.64,-999.0,-999.0,7.27,5.35,7.11,58.02,71.51,11.42,35.87,-999,52.15,-999.0,12.9,55.05,-999.0,5.47,11.16,96.09,22.37,7.24,-999.0,59.81,37.14,41.41,107.43,44.04,11.23,-999.0,25.62,4.62,14.81,-999.0
1939,0.0,-999.0,-999.0,54.23,92.54,78.75,76.93,38.66,-999.0,27.0,78.31,58.43,30.41,30.2,32.96,28.97,82.2,44.87,96.24,-999.0,-999.0,5.78,8.85,11.7,53.56,71.39,21.32,43.43,-999,60.8,-999.0,18.7,88.25,-999.0,7.96,20.7,109.85,25.03,10.62,-999.0,63.34,48.33,49.85,121.21,50.81,12.06,-999.0,24.14,15.58,16.94,-999.0
1940,0.08,-999.0,-999.0,54.39,48.68,82.14,68.0,35.18,-999.0,19.0,72.55,58.03,23.54,34.93,35.03,34.17,56.74,35.58,57.97,-999.0,-999.0,3.5,8.39,8.73,33.39,48.15,20.96,34.28,-999,52.2,-999.0,12.61,73.58,-999.0,2.72,21.33,68.39,19.96,8.39,-999.0,51.71,39.84,37.85,81.75,60.64,12.32,-999.0,20.72,8.27,15.73,-999.0
1941,0.0,-999.0,-999.0,80.09,80.06,72.93,50.38,24.09,-999.0,41.0,82.71,76.33,30.12,21.86,42.93,40.55,55.03,47.64,88.22,-999.0,-999.0,9.52,14.44,9.63,50.84,85.36,12.9,59.01,-999,43.71,-999.0,21.87,42.97,-999.0,8.36,25.66,58.54,15.5,13.52,-999.0,74.14,37.28,68.61,76.47,30.22,28.95,-999.0,17.53,15.87,23.18,-999.0
1942,0.08,-999.0,-999.0,57.58,66.22,86.86,65.43,28.43,-999.0,18.0,92.3,56.92,14.17,25.69,25.24,19.6,49.66,34.39,74.06,-999.0,-999.0,6.29,4.05,2.66,35.71,60.33,10.48,43.92,-999,31.75,-999.0,11.21,59.52,-999.0,1.84,14.02,67.78,24.32,2.9,-999.0,58.07,13.37,47.96,75.69,50.92,14.69,-999.0,23.25,4.48,13.74,-999.0
1943,0.0,-999.0,-999.0,84.6,89.03,92.74,65.38,36.91,-999.0,32.0,80.61,69.32,17.71,18.55,36.0,30.52,67.95,45.4,90.41,-999.0,-999.0,4.02,4.9,5.89,48.16,91.54,10.47,52.42,-999,50.05,-999.0,22.45,86.25,-999.0,5.54,16.85,84.7,14.87,10.47,-999.0,57.34,31.76,64.5,95.69,50.17,26.77,-999.0,13.58,9.5,18.73,-999.0
1944,0.0,-999.0,-999.0,81.71,87.19,84.16,60.7,27.93,-999.0,35.0,106.13,66.23,13.96,19.05,43.04,45.2,50.76,59.8,86.04,-999.0,-999.0,16.22,16.19,3.76,46.69,79.68,4.64,49.0,-999,31.01,-999.0,30.46,65.12,-999.0,13.86,30.79,75.54,18.96,16.5,-999.0,65.1,16.3,59.98,85.83,45.03,21.93,-999.0,17.4,10.31,27.25,-999.0
1945,0.0,-999.0,-999.0,75.95,56.94,79.56,69.75,25.03,-999.0,17.0,97.46,54.75,14.04,21.53,20.52,15.35,49.14,26.77,71.68,-999.0,-999.0,5.0,3.04,5.1,33.2,66.14,13.2,35.34,-999,29.86,-999.0,15.25,69.89,-999.0,2.46,15.16,63.78,22.12,8.08,-999.0,53.22,21.4,35.89,97.06,38.96,13.9,-999.0,17.24,4.78,17.97,-999.0
1946,0.16,-999.0,-999.0,35.23,64.58,78.45,63.41,35.99,-999.0,5.0,67.53,36.11,12.61,20.76,21.41,15.95,64.06,13.24,55.86,-999.0,-999.0,6.52,6.28,3.17,38.59,38.26,13.02,22.96,-999,41.6,-999.0,7.85,70.87,-999.0,2.71,10.15,76.16,14.89,5.09,-999.0,37.93,21.91,22.52,82.75,52.83,6.22,-999.0,10.78,5.39,11.22,-999.0
1947,0.0,-999.0,-999.0,55.19,75.34,82.47,67.2,32.29,-999.0,10.0,58.82,51.09,38.8,21.64,38.26,25.04,67.1,24.24,98.69,-999.0,-999.0,8.77,14.22,16.08,51.81,66.76,14.41,32.95,-999,48.78,-999.0,11.16,69.25,-999.0,4.8,13.77,-999.0,5.95,8.62,-999.0,53.26,35.77,48.14,108.88,46.94,8.34,-999.0,10.44,17.73,5.88,-999.0
1948,0.08,-999.0,-999.0,55.21,73.2,92.85,55.95,32.19,-999.0,12.0,84.6,55.74,21.19,14.64,24.33,19.86,52.18,27.36,94.63,-999.0,-999.0,7.53,8.85,11.83,30.42,76.13,10.46,36.95,-999,41.13,-999.0,11.85,74.76,-999.0,5.2,14.0,85.48,8.41,7.84,-999.0,56.32,29.7,43.64,107.13,45.97,8.06,-999.0,6.69,16.56,8.65,-999.0
1949,0.0,-999.0,-999.0,43.6,54.68,86.68,64.13,25.04,-999.0,26.0,80.42,41.95,18.23,21.28,24.16,24.97,41.14,23.05,74.83,-999.0,-999.0,16.01,12.54,12.42,22.96,58.29,16.15,33.01,-999,33.96,-999.0,26.0,52.99,-999.0,10.92,22.58,65.16,12.38,19.75,-999.0,45.14,34.84,24.33,90.43,42.23,11.7,-999.0,14.91,11.28,8.36,-999.0
1950,0.0,0.98,85.11,38.95,32.3,91.62,71.57,19.92,2.56,11.0,91.2,42.46,2.64,17.57,5.44,3.67,22.89,2.01,61.43,2.76,8.44,1.0,1.12,3.38,7.49,42.84,5.43,25.63,-999,16.63,2.92,7.84,53.99,49.72,0.89,2.4,42.7,18.93,1.61,0.99,43.19,14.55,10.94,84.87,41.27,4.06,0.77,14.72,1.21,0.39,8.58
1951,0.0,0.98,-999.0,83.48,75.41,89.08,68.4,28.57,2.57,12.0,99.08,73.51,4.77,18.0,10.35,14.16,34.25,26.1,96.32,0.9,17.41,0.0,1.37,1.21,18.96,91.97,11.46,44.28,-999,16.78,0.58,8.84,77.19,43.12,1.4,9.17,76.32,16.95,4.23,0.15,66.6,12.01,52.97,109.06,45.36,12.94,0.17,17.81,0.32,9.88,10.56
1952,0.0,0.13,153.54,79.8,97.24,96.07,70.49,42.86,8.19,30.0,92.41,74.38,17.84,17.96,39.94,41.57,82.63,56.33,95.12,10.32,27.68,13.03,11.6,4.2,61.07,91.47,11.39,48.62,-999,49.55,9.73,19.59,75.49,42.26,8.26,28.66,102.24,20.32,19.17,9.27,70.99,33.19,66.15,104.83,41.36,20.32,6.61,20.38,8.32,20.0,16.85
1953,0.33,0.13,124.07,81.04,101.29,83.95,58.24,35.83,13.16,29.0,73.04,61.25,27.32,18.86,49.24,47.06,78.77,56.41,99.7,13.31,32.24,6.01,14.05,5.66,75.01,92.27,13.72,49.82,-999,49.72,10.82,20.98,77.86,49.88,12.66,28.33,107.47,11.69,17.9,8.04,69.33,24.4,69.91,111.29,48.93,25.74,7.89,14.25,12.21,27.07,20.28
1954,0.0,0.13,94.52,108.26,109.19,93.05,62.01,44.25,2.52,30.0,79.27,99.63,24.64,15.68,48.61,45.15,89.92,56.76,111.45,1.63,24.39,1.25,4.55,3.69,77.15,108.99,15.32,57.05,-999,51.06,2.41,12.75,77.35,46.55,3.38,19.13,113.93,4.27,7.21,0.99,93.08,26.44,84.21,119.49,51.12,24.82,0.42,6.26,4.85,10.56,24.97
1955,0.24,0.29,69.1,60.49,71.3,80.82,63.82,33.95,11.51,32.0,85.72,62.24,40.09,25.36,41.51,37.01,72.76,44.75,76.63,16.45,26.85,9.51,21.65,12.51,50.53,65.15,16.65,30.95,-999,59.45,15.96,22.31,64.75,51.47,14.12,24.39,85.78,15.68,19.19,10.11,53.79,42.21,48.87,106.51,42.82,16.53,9.39,14.78,19.42,16.67,21.19
1956,0.0,0.47,45.52,69.41,86.09,96.31,62.12,36.92,5.69,19.0,75.94,67.82,26.45,17.83,22.45,14.64,93.14,28.62,86.81,4.13,19.36,0.74,4.19,5.2,53.71,76.73,11.81,39.13,-999,53.7,3.03,9.1,90.22,40.77,1.91,6.58,122.07,16.65,2.77,4.09,70.96,25.71,47.13,128.58,50.0,16.92,1.31,15.02,5.35,1.71,15.98
1957,0.0,1.18,58.3,59.67,51.45,77.53,59.46,23.69,10.42,37.0,67.28,55.75,18.16,14.47,20.92,12.79,52.24,32.59,75.35,7.24,28.56,2.0,4.57,4.26,36.29,54.1,12.46,38.08,-999,32.93,5.86,20.02,62.98,47.51,2.99,11.79,70.7,8.97,7.25,5.97,54.47,21.08,37.82,86.16,40.32,19.73,1.86,6.01,3.84,15.75,14.94
1958,0.16,0.29,58.69,51.85,57.1,98.33,71.73,32.42,1.7,13.0,90.0,64.82,9.16,30.47,8.99,3.46,46.27,10.97,75.95,0.97,9.58,0.0,0.72,5.35,21.5,52.75,13.25,28.31,-999,25.93,1.33,6.79,70.3,51.08,0.4,1.2,86.61,29.62,0.6,0.15,54.52,27.77,31.35,96.68,57.0,7.65,0.5,35.29,3.03,0.77,13.58
1959,0.0,1.06,64.26,57.73,51.85,88.0,69.97,36.16,7.68,32.0,74.86,59.49,15.56,22.36,27.67,21.19,56.46,25.31,78.19,7.86,24.81,4.0,8.16,12.43,32.56,54.03,14.41,26.57,-999,42.52,8.33,20.3,66.38,59.29,5.5,16.69,81.15,19.14,11.59,4.33,48.76,45.86,33.27,91.11,52.39,16.88,6.9,14.38,4.01,16.84,21.18
1960,0.0,0.29,77.19,65.73,64.5,94.99,74.77,41.7,1.51,11.0,69.31,68.12,12.76,27.58,19.93,12.72,52.02,24.0,87.36,0.85,10.86,1.0,2.56,6.8,35.14,69.27,21.46,24.64,-999,34.44,1.74,7.11,61.69,59.38,0.98,4.48,71.77,22.82,0.6,0.15,60.18,33.2,40.95,100.37,60.86,10.2,1.05,18.33,4.23,1.21,22.14
1961,0.0,1.37,51.5,27.12,44.4,88.86,70.16,27.36,4.57,21.0,92.42,43.41,9.73,31.92,15.98,10.38,43.86,10.63,42.64,3.81,17.84,1.24,2.3,9.34,17.48,35.76,27.75,24.72,-999,33.15,4.37,14.16,65.79,53.7,1.36,4.34,59.16,26.56,0.68,1.41,42.74,33.03,23.21,75.39,50.69,9.29,0.5,28.62,3.62,1.12,19.9
1962,0.0,0.29,64.79,72.1,65.43,89.14,64.03,27.47,2.49,15.0,97.27,79.87,6.14,16.66,17.83,11.17,49.4,21.78,91.51,2.64,12.59,1.0,3.79,1.26,32.71,77.55,6.98,22.01,-999,20.14,2.16,8.72,69.71,46.29,1.36,8.07,74.07,13.84,6.17,0.15,61.95,10.77,53.04,101.79,47.07,7.42,1.41,13.1,1.37,3.6,10.55
1963,0.0,0.53,60.8,39.67,73.68,85.64,54.65,37.24,10.67,21.0,95.26,53.84,16.55,20.53,22.74,13.02,76.32,12.7,85.65,11.23,19.6,9.51,6.39,4.59,45.04,66.73,18.48,23.25,-999,42.81,9.8,15.47,64.15,43.45,4.51,6.49,95.7,12.09,7.18,9.08,46.66,26.59,28.18,116.06,47.15,17.36,6.94,13.53,5.68,1.49,17.07
1964,0.0,0.29,32.3,37.78,72.01,81.71,61.68,34.89,6.96,32.0,81.74,38.5,19.79,15.51,34.74,28.55,66.0,39.94,77.41,7.0,24.62,2.51,11.67,13.61,39.1,60.01,16.74,16.74,-999,41.92,6.97,17.07,73.11,47.39,6.17,17.78,81.62,10.87,8.49,4.52,30.74,34.79,39.09,95.35,43.23,19.46,4.6,9.01,15.44,11.6,17.83
1965,0.0,1.97,19.3,26.42,59.62,80.22,52.78,17.26,5.91,34.0,75.68,39.8,10.32,13.9,12.87,9.72,46.16,18.08,65.91,4.3,18.72,2.51,3.7,3.28,22.27,51.93,8.25,14.42,-999,19.25,4.3,12.69,62.54,26.77,2.88,7.02,77.61,16.57,4.13,2.26,34.06,14.89,23.11,94.44,20.79,14.56,3.02,15.83,4.54,6.93,7.43
1966,0.17,2.3,57.4,35.84,47.55,84.58,63.71,27.68,9.67,32.0,61.5,39.1,15.32,23.71,26.53,22.83,49.09,26.46,55.68,7.23,31.02,1.49,10.6,7.74,27.75,48.62,20.2,26.93,-999,33.48,9.83,21.66,60.35,55.86,4.99,11.79,62.85,16.9,11.53,3.48,36.5,31.97,28.21,77.04,52.38,24.22,2.81,13.18,9.19,14.99,22.06
1967,0.08,1.85,63.99,15.59,35.32,76.22,71.34,19.07,2.93,9.0,66.35,27.82,7.47,33.55,7.69,5.73,37.1,6.17,42.55,2.55,6.46,0.75,0.7,2.71,14.12,27.12,18.51,8.92,-999,23.44,0.9,4.61,42.21,54.18,0.94,4.19,54.62,37.98,2.74,1.18,24.71,21.57,9.71,78.97,43.19,6.26,0.52,28.14,0.89,3.29,9.69
1968,0.0,10.71,77.53,46.09,50.58,77.6,57.51,24.14,6.9,31.0,71.79,57.78,16.48,18.68,22.98,16.47,51.41,33.12,49.31,7.06,27.02,2.5,7.51,5.64,23.69,51.53,9.43,32.79,-999,35.31,3.93,15.65,57.21,44.1,2.2,7.6,53.92,20.38,6.9,3.06,48.99,21.8,40.43,67.04,37.92,18.92,3.08,16.06,5.79,6.11,10.1
1969,0.73,3.63,91.98,46.14,62.39,88.69,65.76,29.49,4.72,13.0,65.03,48.44,7.46,22.6,13.93,9.92,48.1,32.7,81.06,6.63,14.57,2.26,4.4,6.6,33.12,64.21,16.57,22.58,-999,29.3,2.08,8.59,66.02,55.51,1.18,3.79,70.77,16.39,3.19,3.95,41.42,25.02,40.31,90.07,51.72,11.95,2.6,14.51,2.64,6.06,20.71
1970,0.0,1.6,58.19,52.76,62.02,83.1,70.56,33.07,6.63,23.0,78.77,57.95,18.18,31.94,17.8,14.17,71.47,29.75,66.66,6.64,16.03,7.76,3.41,11.12,35.75,62.43,22.28,31.98,-999,49.85,7.83,10.8,58.33,52.95,0.91,4.7,82.39,27.81,1.13,1.41,52.56,42.08,36.31,85.91,50.47,15.6,4.52,22.42,7.66,2.54,21.95
1971,0.0,2.41,46.22,28.99,55.72,81.33,63.55,29.33,4.62,10.0,74.76,34.96,17.63,28.99,23.17,9.67,55.3,17.17,51.53,3.94,6.5,1.0,5.88,5.42,34.16,44.88,21.92,14.9,-999,32.19,3.06,9.1,61.78,51.11,1.33,3.73,75.22,23.31,2.93,3.53,25.92,30.1,21.47,80.49,51.71,4.25,1.61,23.7,4.21,2.26,18.1
1972,0.09,2.93,53.18,51.05,70.96,87.32,64.19,25.56,4.11,14.0,75.38,49.73,15.64,20.74,16.62,11.8,52.31,21.29,77.48,1.49,9.63,0.67,3.12,5.29,40.41,60.6,9.1,14.55,-999,30.27,1.37,8.98,47.0,48.03,0.83,4.83,80.53,25.67,4.09,0.57,32.28,21.13,23.13,87.83,42.14,6.69,1.12,19.07,3.98,3.96,9.71
1973,0.0,1.07,60.21,38.12,53.01,88.57,66.66,27.27,9.41,22.0,77.95,41.57,11.54,25.94,14.75,12.53,54.09,25.6,54.67,9.72,16.22,2.17,7.59,6.33,32.58,50.17,16.66,18.47,-999,36.57,6.99,16.0,51.34,52.89,3.76,7.47,66.3,24.66,5.86,10.16,31.46,32.09,25.72,71.56,44.17,15.16,4.45,19.83,6.3,8.24,14.05
1974,0.0,0.76,55.03,31.46,43.52,90.18,71.23,31.65,7.2,14.0,73.46,32.75,19.56,21.05,15.6,9.19,50.98,8.31,49.56,4.29,9.18,0.18,5.06,9.94,31.32,36.84,15.75,12.07,-999,40.6,3.37,9.17,60.47,57.89,1.87,5.75,67.61,25.54,1.87,3.67,21.07,35.12,13.82,74.57,56.25,4.77,2.49,19.61,5.55,0.6,18.69
1975,0.29,0.0,39.89,35.78,49.64,77.74,61.76,26.25,6.28,16.0,91.01,33.69,22.4,14.8,17.41,15.21,58.7,32.18,50.29,7.98,9.74,4.26,4.86,10.72,39.86,38.11,7.53,30.31,-999,37.73,9.57,7.84,43.79,41.01,4.63,6.52,60.37,14.32,5.01,4.52,36.25,32.06,28.42,66.88,39.27,8.84,7.25,11.72,7.24,3.44,12.67
1976,0.0,2.58,28.12,29.46,40.67,76.08,56.13,29.02,4.44,17.0,50.74,34.36,17.67,13.95,16.03,9.07,60.54,9.67,48.07,7.02,10.61,1.74,4.33,17.57,30.16,43.02,10.96,18.95,-999,40.93,4.47,7.5,48.3,36.74,0.57,4.92,66.84,10.1,0.75,3.53,29.3,45.18,20.11,59.25,44.0,11.7,1.46,8.72,11.07,1.15,16.63
1977,0.08,3.69,41.04,71.81,72.74,84.17,61.96,34.55,7.03,39.0,79.42,73.49,20.9,23.32,20.79,17.49,52.4,29.69,86.16,7.42,26.05,7.34,8.61,6.48,35.19,70.23,10.81,45.46,-999,30.07,9.14,11.2,71.7,54.05,2.71,11.51,84.0,22.58,5.12,7.67,62.57,22.68,47.92,103.95,45.66,27.73,4.58,21.3,6.61,6.93,15.55
1978,0.0,2.66,65.17,76.09,72.04,90.73,63.61,35.06,3.89,12.0,74.42,68.75,15.72,14.88,21.65,13.26,75.36,28.57,82.76,5.91,11.69,1.75,3.57,8.78,46.92,67.33,8.8,28.94,-999,43.62,10.02,4.49,65.76,44.3,2.04,6.64,90.84,17.65,1.61,2.64,44.74,28.76,45.95,96.42,51.85,11.1,3.0,13.61,3.7,3.47,17.12
1979,0.0,9.62,42.91,33.79,39.96,89.99,64.73,32.61,4.2,8.0,78.05,39.54,8.38,22.8,11.34,5.07,55.83,9.3,57.14,5.4,5.04,1.74,0.66,2.16,19.94,37.3,12.27,14.94,-999,29.06,4.37,6.88,57.42,50.08,2.31,0.68,79.23,14.9,2.0,1.6,32.75,19.37,15.63,78.49,52.74,6.59,4.82,12.02,0.09,4.58,15.48
1980,0.0,7.83,121.37,77.07,94.48,87.4,57.63,43.47,6.75,34.0,93.55,80.54,27.94,10.14,36.56,27.69,85.51,46.32,101.16,7.98,30.05,1.99,1.89,12.98,68.38,88.76,10.49,46.97,-999,53.92,4.41,20.75,70.14,42.59,2.41,9.09,102.24,11.3,6.02,9.17,78.8,38.65,69.52,106.17,42.49,26.98,1.23,9.18,5.7,15.37,16.62
1981,0.0,4.51,113.72,59.28,51.94,86.4,69.55,30.72,5.24,21.0,102.82,69.39,8.66,21.54,7.37,7.72,46.6,14.38,79.75,4.33,12.16,1.25,2.0,2.63,21.52,64.69,14.92,32.59,-999,24.76,2.42,11.03,42.63,63.81,1.34,3.51,72.39,21.42,3.19,7.48,58.01,22.29,28.37,87.78,53.78,10.7,2.49,21.1,1.6,2.82,17.81
1982,0.0,4.73,84.8,38.06,51.93,77.5,49.87,24.96,4.04,9.0,76.32,39.88,8.25,15.81,6.78,6.78,44.56,11.74,78.99,3.79,8.75,2.49,0.65,4.87,19.21,54.48,9.56,13.98,-999,21.99,3.15,7.51,57.95,36.08,1.25,2.0,81.39,12.2,1.71,3.25,32.76,21.19,24.45,93.11,37.11,4.8,1.96,17.87,2.81,3.81,18.21
1983,0.16,1.27,135.85,55.85,69.53,79.86,53.9,35.26,11.31,43.0,72.26,57.5,39.37,13.84,45.45,40.18,72.57,56.01,61.16,10.13,36.59,2.76,10.4,16.04,53.93,56.55,20.02,47.78,-999,50.73,10.85,30.31,68.54,33.91,5.69,20.66,79.62,9.57,12.64,17.68,57.37,40.51,52.35,81.0,40.37,28.16,3.6,12.91,11.66,19.58,26.61
1984,0.0,11.89,62.39,42.99,52.77,79.0,72.02,27.54,6.74,24.0,69.31,45.59,17.04,19.86,19.54,11.99,66.53,23.22,48.29,5.05,12.08,3.01,2.51,6.98,35.49,47.57,18.21,18.13,-999,36.38,4.78,11.73,60.54,42.96,0.94,6.2,74.1,17.31,2.89,4.52,39.84,22.94,27.47,98.62,44.84,10.46,1.61,14.3,4.44,8.1,15.15
1985,0.0,1.64,56.1,38.99,59.71,86.63,62.21,31.9,2.37,19.0,87.38,43.71,13.86,26.17,10.04,7.63,51.71,19.77,67.02,1.8,15.91,0.0,1.63,3.14,25.25,52.9,18.09,29.07,-999,29.05,2.74,7.76,65.2,49.23,0.7,2.99,77.01,19.58,1.19,2.03,46.74,22.93,31.58,90.54,52.41,10.32,0.06,19.74,4.12,5.3,18.16
1986,0.08,3.15,30.96,65.32,61.35,75.88,58.3,26.63,2.8,25.0,97.59,68.74,11.27,23.71,15.17,13.34,49.59,28.59,83.85,1.3,23.41,0.0,3.48,3.64,32.36,70.87,11.09,45.7,-999,27.75,1.97,12.16,51.25,53.74,1.15,6.37,65.16,26.66,2.74,1.79,78.38,14.9,41.96,82.79,49.33,24.54,0.52,19.33,4.81,8.22,13.28
1987,0.08,4.31,70.15,61.01,66.42,76.61,64.57,34.03,7.47,45.0,85.34,54.7,23.71,21.83,31.46,17.29,49.78,31.46,72.03,9.11,31.71,2.74,13.61,12.87,42.36,58.68,9.73,38.83,-999,34.23,6.92,18.93,50.13,46.91,2.68,11.8,68.08,25.5,9.8,7.62,59.32,29.96,42.04,73.8,43.92,25.31,4.77,17.06,10.86,20.75,13.58
1988,0.0,1.69,53.69,59.09,67.07,80.89,71.91,40.82,13.07,44.0,74.53,48.42,41.48,28.16,48.44,41.99,66.53,42.93,64.11,19.33,40.32,7.5,26.62,26.44,49.67,58.82,31.35,39.69,-999,45.78,16.87,30.86,52.0,62.03,10.36,31.63,73.62,26.63,30.3,10.58,58.39,46.52,50.63,85.69,60.92,32.76,11.9,18.8,29.06,26.74,30.51
1989,0.0,0.77,34.91,33.59,32.69,92.46,61.76,28.6,3.83,24.0,102.85,34.17,13.59,15.79,16.36,9.45,40.64,14.05,55.38,5.48,16.39,2.25,3.87,10.0,22.44,32.67,13.82,22.41,-999,28.31,6.28,11.7,74.79,43.98,1.64,4.11,55.63,10.74,2.1,2.87,43.94,32.33,20.71,84.71,55.49,7.31,2.57,8.07,5.0,3.62,18.96
1990,0.0,2.11,64.41,70.49,63.57,79.83,60.49,32.71,3.89,20.0,102.32,74.78,13.26,28.75,16.76,11.9,63.09,23.53,90.54,6.15,17.19,0.0,2.35,3.53,32.51,72.08,17.58,31.47,-999,38.86,4.36,10.28,64.85,53.19,1.43,2.79,81.93,28.38,1.1,0.99,71.19,28.27,40.48,92.03,52.26,11.97,0.81,20.05,2.98,2.97,17.26
1991,0.57,2.15,56.38,39.6,54.29,75.8,68.14,26.62,13.01,40.0,83.49,40.87,17.73,19.8,31.73,28.47,62.35,28.27,65.82,12.09,37.59,4.24,7.86,7.75,41.41,45.92,19.0,33.22,-999,36.8,9.06,22.69,55.77,49.73,5.7,13.32,69.16,23.97,12.1,11.19,51.99,26.01,32.27,77.4,45.84,16.12,4.85,13.95,6.04,13.61,16.46
1992,0.08,2.58,48.74,20.93,26.09,76.12,68.99,18.2,1.87,7.0,66.52,27.31,1.45,25.82,5.63,3.28,26.74,5.16,48.37,1.73,11.21,1.75,0.93,0.67,7.55,24.37,9.59,16.65,-999,8.03,1.81,7.6,61.57,48.06,0.57,0.28,35.01,27.93,0.0,1.41,36.38,6.52,9.41,69.59,43.65,6.12,0.32,19.72,0.99,1.44,6.67
1993,0.16,3.95,67.38,62.57,61.95,79.28,54.76,23.14,7.99,23.0,85.39,67.77,2.3,5.52,12.46,13.03,40.81,31.35,82.46,10.08,32.27,4.76,3.29,0.39,21.87,60.27,2.04,43.46,-999,12.49,7.44,23.39,61.41,35.02,4.43,10.37,63.47,11.39,10.1,9.31,71.95,3.88,44.76,86.3,41.16,22.38,3.72,7.04,0.27,17.89,5.03
1994,0.17,5.4,69.1,20.65,37.25,89.07,63.52,35.86,5.69,9.0,68.08,11.95,7.05,30.99,16.14,12.51,54.83,19.16,50.66,8.19,21.95,2.5,3.69,1.47,19.82,24.95,19.32,15.97,-999,25.32,4.82,14.15,79.57,64.6,3.51,8.55,80.39,25.93,4.7,3.48,31.23,12.62,11.27,82.21,72.89,7.01,5.15,18.32,3.12,8.65,20.55
1995,0.0,5.82,85.46,64.29,58.25,80.2,56.39,32.73,10.52,21.0,87.72,47.98,19.75,13.01,27.11,23.02,52.95,31.51,84.94,10.86,35.41,4.99,9.69,9.33,33.15,63.39,12.24,27.02,-999,35.02,8.77,18.52,65.72,42.73,5.9,10.75,70.39,17.13,11.41,6.63,47.46,21.13,35.59,83.13,49.38,14.21,7.42,9.8,10.13,8.89,18.48
1996,0.0,11.78,39.01,37.37,40.79,90.48,71.56,32.1,1.18,0.0,75.4,40.01,5.78,24.5,14.73,10.66,37.85,11.96,61.44,1.03,9.83,0.24,3.09,3.48,17.24,42.46,19.15,18.24,-999,13.26,1.02,5.09,71.95,61.98,0.64,3.3,62.93,29.1,2.0,2.21,45.6,14.12,22.7,89.72,66.01,6.68,0.08,19.38,1.52,1.92,16.32
1997,0.0,6.04,74.08,40.1,51.53,90.97,62.01,28.84,5.52,15.0,83.36,37.48,12.03,13.34,15.62,11.36,45.83,15.89,75.59,6.74,23.42,0.0,3.83,2.31,24.37,38.73,8.13,25.89,-999,28.85,6.1,15.43,72.47,43.34,1.66,3.85,73.93,14.59,3.77,7.05,43.06,13.0,24.45,85.29,44.53,14.99,0.45,12.11,1.5,3.1,10.9
1998,0.0,0.82,70.78,78.25,83.48,79.72,52.68,32.4,2.48,9.0,99.09,64.54,10.54,29.85,15.97,13.68,67.88,28.78,101.87,1.42,27.67,0.5,7.68,4.04,33.17,81.69,21.46,38.2,-999,35.22,2.57,12.71,86.62,47.28,0.5,6.51,109.01,27.81,2.06,2.87,77.99,17.17,42.53,118.2,47.28,17.64,0.94,26.95,1.63,3.33,18.21
1999,0.39,0.64,48.57,50.73,63.74,74.77,56.5,26.45,11.73,28.0,69.88,51.58,13.75,18.29,24.37,27.51,48.79,44.3,73.92,15.75,35.13,3.25,8.63,6.5,33.94,56.94,13.79,32.66,-999,26.03,8.98,26.52,65.4,43.5,6.79,17.14,71.09,19.04,12.85,14.44,57.11,18.71,50.23,92.04,44.41,24.5,5.95,14.69,5.95,23.07,15.84
2000,0.0,0.82,45.51,64.57,64.7,96.04,61.96,48.55,2.65,5.0,78.85,54.98,9.92,23.38,8.83,4.88,75.42,18.01,88.1,2.0,12.17,0.0,0.57,3.93,35.99,71.62,21.47,21.41,-999,47.11,2.14,8.61,96.16,57.91,0.7,0.51,93.93,17.08,0.81,2.87,57.01,28.86,37.55,104.4,69.32,6.49,0.07,13.5,0.94,1.54,29.09
2001,0.0,0.85,61.71,27.59,52.07,91.56,73.97,43.22,7.48,7.0,71.89,26.18,14.8,26.04,20.25,13.22,61.94,15.6,54.19,9.05,14.36,4.51,9.04,11.9,27.85,31.59,20.0,12.42,-999,39.37,8.51,13.2,83.38,64.1,5.83,6.3,81.0,20.33,6.59,7.85,43.02,29.36,18.0,82.35,64.71,7.99,5.06,17.95,7.69,2.94,29.34
2002,0.0,0.64,59.6,52.33,56.1,93.75,66.17,49.33,14.14,35.0,69.1,56.69,20.03,21.01,30.97,29.07,66.25,42.24,67.09,21.08,39.88,9.27,12.13,8.45,34.82,50.76,17.43,44.53,-999,52.34,16.12,29.31,86.27,63.29,9.98,22.25,80.54,21.29,18.32,19.04,68.43,37.72,44.57,82.92,68.02,30.87,7.48,17.53,5.98,17.77,25.7
2003,0.0,4.05,49.62,24.04,41.36,94.59,70.66,44.4,3.42,3.0,52.24,21.55,14.23,42.24,15.76,10.69,54.8,9.76,57.46,5.23,9.82,2.01,2.51,7.45,28.14,32.77,30.97,12.73,-999,32.66,4.96,11.13,81.81,63.06,1.43,1.88,72.93,30.17,0.0,2.21,28.61,28.48,14.53,74.52,69.38,10.21,3.0,26.44,4.27,1.44,29.54
2004,0.0,6.78,40.81,24.8,29.03,84.97,63.98,28.33,1.57,2.0,74.85,34.8,1.51,24.15,4.13,2.24,35.99,5.54,60.19,1.85,5.67,0.25,0.54,2.07,7.29,29.3,9.36,16.24,-999,19.78,0.77,5.22,64.15,50.99,0.56,0.85,61.93,24.85,0.27,0.57,45.41,16.26,8.47,59.04,47.74,10.12,0.07,26.04,0.21,1.0,11.11
2005,0.0,1.59,73.35,39.97,79.63,81.59,56.9,41.3,9.69,14.0,70.01,44.31,18.55,25.34,34.26,20.6,55.77,35.0,93.42,9.78,22.91,2.0,8.76,7.96,38.73,64.62,18.61,29.02,-999,38.24,4.87,22.62,76.56,51.86,6.89,12.62,85.47,22.3,12.15,14.91,46.81,30.62,35.59,102.9,45.0,14.06,3.27,16.16,10.22,13.13,22.02
2006,0.0,3.68,54.59,73.33,63.04,77.56,64.81,36.76,9.08,17.0,78.69,58.68,14.0,32.81,19.56,15.34,65.07,26.08,81.49,6.93,23.75,1.24,7.46,9.45,35.94,82.2,23.69,27.72,-999,37.57,6.08,17.45,66.61,59.81,3.63,4.96,95.24,29.28,7.12,6.35,57.52,36.32,41.69,106.38,50.86,13.17,4.07,23.99,7.8,6.76,25.98
2007,0.0,1.03,69.41,70.81,45.1,90.84,63.59,38.42,5.6,16.0,76.97,57.68,9.48,34.09,25.11,27.2,48.14,54.45,60.41,9.11,30.66,3.99,7.14,8.04,29.25,70.81,28.8,45.67,-999,30.75,6.59,12.21,69.39,73.22,4.2,12.63,67.01,18.07,9.3,7.24,71.09,29.13,55.78,53.32,63.84,19.72,2.94,17.01,3.95,15.48,30.87
2008,0.0,0.64,45.58,47.44,38.39,81.87,70.9,32.67,5.61,19.0,67.01,51.6,2.4,24.55,5.39,5.8,35.85,29.56,62.43,6.21,19.21,0.99,0.98,1.3,11.69,50.83,13.96,28.2,-999,14.63,4.47,15.58,60.38,69.06,2.23,5.71,77.78,22.09,3.97,6.4,61.6,11.21,32.39,94.47,56.77,14.71,2.51,16.44,0.32,4.72,17.13
2009,0.08,2.08,69.95,32.2,30.5,85.0,70.63,22.45,3.47,-999.0,84.4,40.78,3.48,26.39,7.41,4.5,34.28,10.84,67.4,2.95,12.46,0.49,1.42,2.32,12.61,46.35,10.4,17.78,-999,12.68,2.84,6.68,59.64,58.35,0.79,2.56,69.62,28.52,1.08,0.57,42.12,10.86,14.52,95.52,53.14,4.78,0.07,22.8,1.34,1.3,10.63
2010,0.16,0.47,60.17,85.49,81.06,89.96,57.88,35.97,13.79,49.0,93.08,78.51,7.62,18.47,23.19,24.88,59.88,47.34,99.68,13.97,45.96,3.23,3.69,4.38,34.97,86.55,9.32,52.1,-999,26.71,11.7,29.23,76.21,59.03,5.19,15.86,91.7,16.08,9.78,14.02,83.2,19.46,59.77,93.81,53.58,31.9,4.74,14.23,1.65,9.6,16.26
2011,0.0,0.29,41.75,74.48,78.53,87.14,58.73,40.69,7.81,37.0,97.89,89.73,18.54,22.34,27.96,25.65,72.38,39.34,94.44,4.44,32.34,1.74,8.55,6.72,47.48,79.98,12.66,42.95,-999,30.88,6.59,16.34,86.61,57.6,4.64,17.75,107.4,16.72,8.87,4.09,88.95,23.25,49.02,127.81,48.54,20.72,3.14,10.99,6.62,8.78,22.52
2012,0.0,0.5,84.02,42.72,70.94,100.05,72.96,48.87,11.04,25.0,69.77,54.36,35.64,28.85,44.04,39.72,75.6,41.3,67.32,10.85,30.04,2.99,14.34,12.28,58.01,56.25,24.23,27.09,-999,61.01,8.34,20.44,92.04,70.72,5.37,24.58,98.55,19.78,8.11,9.45,47.24,43.82,44.84,104.18,61.2,13.79,3.64,16.47,16.16,10.87,33.48
2013,0.67,4.56,56.81,19.7,51.03,90.19,68.6,36.55,7.53,13.0,59.72,30.07,14.16,31.54,15.59,9.95,52.99,12.01,71.3,12.42,16.87,3.75,5.12,6.02,23.13,42.35,14.09,8.12,-999,32.03,9.5,11.79,70.63,63.21,3.36,5.89,73.48,22.76,4.15,14.63,22.32,17.93,14.23,96.78,50.8,5.23,2.81,20.45,5.37,2.15,22.57
2014,0.0,6.55,76.65,38.66,31.93,82.04,74.48,26.21,2.36,13.0,79.76,50.69,1.7,24.66,5.35,4.15,47.04,17.31,54.14,2.38,12.76,0.49,0.2,0.64,18.61,38.13,10.49,17.26,-999,17.49,1.75,8.6,66.35,54.06,0.41,1.61,74.17,29.65,0.12,0.99,51.04,9.54,15.98,86.02,45.36,5.9,0.87,19.44,0.45,0.47,14.08
2015,0.0,15.21,101.24,47.68,60.34,89.56,70.74,32.33,5.79,13.0,75.96,58.6,5.16,32.59,10.53,7.7,53.97,17.52,80.08,7.0,16.14,0.25,1.13,2.26,18.99,58.46,16.87,29.93,-999,25.67,6.77,14.67,71.75,59.25,1.11,3.3,80.78,30.74,1.16,4.09,57.27,18.05,28.8,92.12,55.64,10.22,1.21,24.24,1.43,2.49,18.16
2016,0.0,4.65,57.87,75.7,63.09,92.96,64.81,34.48,11.78,25.0,87.7,68.27,9.58,22.51,16.99,10.85,53.96,31.26,79.55,17.76,31.28,2.25,6.03,3.37,29.6,71.24,13.2,34.3,-999,29.25,10.21,23.98,74.79,61.0,5.19,12.3,84.24,23.48,5.97,15.24,73.7,23.86,49.47,89.04,57.98,17.89,2.24,16.41,1.26,7.11,24.1
2017,0.0,8.22,55.09,26.7,37.48,98.87,71.37,33.35,5.53,13.0,86.93,32.27,12.79,34.35,18.57,7.44,45.71,10.05,54.63,6.34,16.91,3.0,4.16,2.57,24.04,31.45,25.5,20.16,-999,30.72,4.73,10.98,91.02,67.76,1.62,4.66,65.63,33.43,2.11,5.74,41.16,25.59,20.67,83.23,64.85,12.84,2.6,25.21,1.44,1.81,21.47
2018,0.0,7.97,29.02,63.64,71.74,96.69,65.96,43.29,11.0,27.0,80.67,45.65,17.29,20.87,24.02,19.58,61.77,26.43,95.37,13.65,27.06,3.24,9.16,5.48,46.2,56.18,13.21,30.05,-999,29.5,10.86,18.84,81.83,67.3,5.86,12.75,86.71,26.74,4.93,12.6,56.46,20.29,44.64,105.68,71.63,11.6,7.24,20.08,5.01,7.28,16.95
2019,0.35,30.04,67.21,87.0,57.87,78.4,62.02,39.29,8.01,28.0,89.49,68.49,6.38,17.08,13.84,12.32,48.0,40.18,87.5,7.5,34.6,1.5,2.63,1.38,22.76,65.87,8.74,42.74,-999,18.23,4.97,14.41,80.73,56.42,1.53,11.18,81.17,16.14,3.21,7.39,79.95,7.63,43.91,101.03,56.82,17.43,1.61,11.06,1.13,8.57,15.02
2020,0.0,23.08,67.24,42.43,36.39,108.35,84.8,48.2,11.15,-999.0,94.58,42.63,14.99,22.05,13.82,10.76,58.64,15.27,70.33,12.27,28.38,3.75,7.97,4.96,20.89,46.12,19.02,23.06,-999,37.22,11.1,19.48,83.51,76.08,4.42,12.9,82.17,26.65,10.43,15.1,44.83,23.73,27.08,94.15,77.67,12.12,7.3,15.66,3.53,11.67,29.52
2021,0.0,1.42,64.8,27.14,46.47,88.65,75.08,42.48,9.62,-999.0,83.58,30.62,15.02,41.44,11.36,10.33,56.19,13.21,60.02,11.48,30.24,4.49,2.53,11.68,27.49,39.58,30.49,23.96,-999,37.44,8.72,20.09,71.56,74.99,2.15,5.3,77.55,37.52,4.98,11.76,34.92,39.35,22.9,79.47,67.66,16.03,4.88,29.12,5.1,6.56,32.19
2022,0.0,12.29,41.68,54.51,64.87,93.95,77.19,43.88,10.0,32.0,87.92,44.75,16.94,31.87,16.54,16.79,77.16,27.05,70.51,14.8,26.5,1.5,5.09,5.5,44.12,72.49,24.27,33.4,-999,49.61,11.86,24.48,88.13,69.14,3.08,8.58,113.55,35.15,4.11,10.77,57.12,32.42,41.95,118.53,68.91,10.57,5.11,30.08,5.43,3.2,29.36
2023,0.08,2.19,111.91,53.88,59.04,100.11,66.92,35.31,5.4,17.0,95.73,45.2,15.22,23.93,14.98,11.84,56.28,14.83,111.44,4.93,20.75,1.0,2.57,8.51,35.19,75.48,13.26,26.08,-999,29.75,4.33,12.33,75.66,49.54,0.76,3.44,105.0,28.6,0.51,2.4,49.43,22.08,24.56,113.14,48.89,9.08,2.55,22.24,6.41,2.36,14.56
2024,0.08,2.62,127.57,61.31,59.48,110.78,82.5,43.71,7.34,25.0,96.21,65.08,9.03,31.75,15.19,16.84,58.38,33.55,84.47,9.0,28.61,4.27,4.02,0.6,27.56,63.3,23.14,25.84,-999,32.5,8.34,21.22,98.32,70.83,2.6,15.58,114.0,31.9,6.86,4.52,56.09,18.53,42.4,110.77,74.45,26.02,2.96,29.95,1.8,28.92,28.48
