Year,AK,HI,PR,AL,AR,AZ,CA,CO,CT,DE,FL,GA,IA,ID,IL,IN,KS,KY,LA,MA,MD,ME,MI,MN,MO,MS,MT,NC,ND,NE,NH,NJ,NM,NV,NY,OH,OK,OR,PA,RI,SC,SD,TN,TX,UT,VA,VT,WA,WI,WV,WY
1930,0.0,-999,-999,91.66,78.63,31.3,15.86,2.86,16.17,50.0,167.31,98.24,29.42,4.91,39.56,35.4,46.24,50.14,120.57,16.11,24.27,0.3,11.83,11.22,52.57,99.47,4.41,50.72,4.84,22.91,4.17,36.72,11.08,4.22,9.88,22.64,84.73,1.38,13.03,7.0,90.77,15.55,48.33,106.47,9.41,33.79,5.76,2.84,12.9,16.88,3.09
1931,0.0,-999,-999,94.83,93.88,37.07,22.74,7.81,23.89,60.92,163.33,97.81,41.62,4.98,54.32,51.97,57.8,62.67,115.28,23.06,26.47,3.44,21.7,20.11,65.45,103.69,4.21,58.42,8.69,34.28,5.7,44.22,8.57,7.28,19.52,38.56,94.54,0.53,24.07,20.0,85.99,24.26,65.24,108.92,15.18,45.84,10.12,0.94,24.94,29.33,4.44
1932,0.0,-999,-999,102.16,86.55,40.2,15.98,4.99,14.49,45.01,174.91,100.0,23.53,1.81,33.62,33.47,48.04,56.42,125.04,14.81,30.56,0.16,9.88,9.31,53.23,105.71,1.76,53.24,3.63,22.38,3.06,30.07,8.21,3.51,9.54,22.71,80.44,0.43,15.95,12.0,89.5,14.14,57.27,103.84,8.89,37.53,1.47,0.61,10.51,17.52,2.2
1933,0.0,-999,-999,117.87,103.55,44.03,18.11,5.99,16.57,53.5,171.95,113.92,37.18,1.66,45.26,43.97,59.8,61.97,144.59,19.38,31.89,1.29,13.72,14.23,63.4,126.73,4.37,64.17,5.73,27.84,4.81,38.64,6.79,4.69,14.58,32.34,101.58,1.11,19.48,15.0,100.32,19.53,65.14,120.77,12.19,42.9,8.09,1.18,17.62,19.84,2.11
1934,0.0,-999,-999,105.79,94.13,47.74,22.35,9.81,23.92,55.96,175.34,104.22,42.15,2.54,55.84,52.62,65.08,61.52,130.48,19.48,37.32,0.18,11.44,11.59,70.69,112.86,3.32,71.54,5.8,40.4,3.09,38.66,14.23,2.72,11.85,36.24,89.28,0.73,19.96,15.0,96.43,19.28,67.89,113.16,11.28,50.93,4.86,1.43,15.31,26.94,4.92
1935,0.0,-999,-999,97.62,80.29,39.17,26.8,5.7,21.42,52.02,181.32,96.88,39.5,1.72,45.58,44.31,53.22,47.76,135.73,20.76,37.62,2.85,17.21,16.68,55.43,106.12,2.28,54.62,7.36,33.07,4.61,31.81,14.54,3.19,16.41,35.74,75.04,1.81,22.91,13.0,86.73,21.6,54.07,105.43,10.55,41.78,9.16,1.12,20.99,23.1,2.38
1936,0.0,-999,-999,112.99,97.34,43.32,32.62,10.6,16.83,45.52,187.32,104.89,46.36,2.64,55.91,51.02,67.33,63.07,136.96,10.2,34.23,1.17,13.56,17.03,76.39,118.25,10.5,60.73,17.19,44.13,2.82,32.91,10.42,6.0,12.86,35.8,95.02,1.05,20.09,11.0,99.32,33.17,77.98,108.1,12.93,42.02,8.52,0.64,17.06,20.57,7.01
1937,0.0,-999,-999,105.4,96.4,46.21,29.11,7.02,24.97,49.5,171.72,107.88,39.95,1.77,44.95,37.72,67.26,49.56,131.34,25.34,34.94,10.71,16.65,19.05,65.27,109.12,3.73,57.73,8.66,35.89,7.05,39.26,11.55,3.35,17.03,29.87,95.53,1.4,22.06,24.0,93.51,23.78,66.77,108.7,10.57,38.8,14.66,1.49,23.98,19.73,3.52
1938,0.0,-999,-999,100.17,95.36,48.12,28.47,3.92,27.47,48.99,169.1,99.02,34.55,1.37,45.03,39.08,61.38,57.43,135.47,28.16,34.37,7.88,11.49,10.52,63.73,111.42,0.93,58.3,3.58,31.34,7.93,41.54,7.07,0.47,16.37,26.3,93.46,1.91,19.86,28.0,89.42,16.07,60.78,109.55,10.17,37.61,12.89,2.02,12.64,22.87,1.5
1939,0.0,-999,-999,105.91,99.16,44.71,28.43,5.14,23.88,51.46,184.36,111.07,29.28,1.98,46.09,47.28,58.07,60.61,137.86,24.17,32.04,5.83,11.27,10.85,65.5,115.38,3.06,68.47,3.06,26.89,5.02,41.28,8.62,2.91,16.84,30.97,94.31,2.5,21.09,19.0,106.6,16.71,63.82,114.21,9.06,41.16,12.36,2.72,14.33,21.17,3.12
1940,0.0,-999,-999,90.27,71.69,46.13,23.45,6.06,17.24,37.0,150.11,89.93,32.95,3.1,42.17,41.16,47.16,48.65,110.19,16.65,37.01,2.36,13.72,10.44,46.55,90.11,2.03,52.35,4.69,29.56,7.65,28.79,12.17,3.5,14.06,30.11,70.52,1.2,18.02,14.0,80.44,17.38,46.07,86.23,13.2,35.29,8.64,1.35,16.2,20.74,2.88
1941,0.0,-999,-999,120.37,98.27,45.07,19.35,1.99,17.87,48.01,176.77,116.81,35.11,1.59,51.91,48.3,51.13,70.87,146.88,14.56,41.76,2.5,13.97,19.32,66.17,120.47,2.57,67.21,7.4,26.92,4.08,36.06,4.22,0.82,14.51,31.88,90.69,2.28,20.64,9.0,107.74,20.23,79.56,115.67,7.45,43.64,6.92,3.46,18.93,24.57,1.87
1942,0.0,-999,-999,96.45,92.41,46.09,21.62,3.71,18.06,54.97,166.63,99.18,33.53,1.32,52.36,45.07,49.27,67.65,126.66,18.81,49.05,5.29,11.17,6.23,60.37,102.71,0.52,64.67,1.42,21.28,5.48,40.86,8.35,3.58,13.87,27.04,89.54,1.73,20.72,16.0,96.36,8.53,61.22,100.26,8.06,47.23,6.0,1.84,11.24,22.47,0.73
1943,0.0,-999,-999,102.25,94.66,59.9,20.44,4.73,21.82,45.04,170.11,103.02,37.7,0.81,54.6,51.76,56.13,63.16,125.25,20.54,52.27,2.88,10.73,9.75,65.5,110.04,0.9,65.61,2.28,31.75,4.7,42.06,13.13,1.35,17.33,34.63,89.21,0.84,21.64,16.0,94.85,13.8,70.55,100.85,10.89,44.7,8.71,0.72,18.07,21.27,2.13
1944,0.0,-999,-999,100.11,91.36,48.5,18.45,2.56,22.66,46.95,177.31,104.35,25.07,0.43,43.85,42.97,49.13,58.86,132.81,25.41,46.36,5.07,10.34,6.55,55.11,116.01,0.17,53.32,2.69,20.99,7.56,36.39,9.98,0.28,14.94,29.43,80.3,0.68,17.19,17.0,89.62,7.36,57.63,99.07,6.81,38.21,9.98,1.83,12.25,14.5,0.32
1945,0.0,-999,-999,103.09,79.34,45.33,26.5,3.39,17.66,51.96,170.79,107.71,18.88,1.35,30.08,30.47,37.76,40.9,131.11,18.51,48.39,2.13,6.55,6.84,36.44,110.89,1.27,58.82,2.41,17.3,4.15,44.49,13.56,4.44,13.33,18.26,73.51,1.01,18.3,13.0,100.67,9.66,51.27,102.04,9.58,39.68,4.55,1.02,8.01,14.08,0.7
1946,0.0,-999,-999,80.85,74.82,46.82,26.41,3.29,7.84,35.48,182.52,93.57,23.66,2.28,32.08,28.61,49.57,32.54,121.68,10.27,33.31,0.74,7.11,7.82,47.66,93.88,1.13,50.25,3.07,20.71,2.38,28.83,12.44,5.12,7.44,14.81,78.94,1.51,11.13,6.0,79.64,9.48,42.04,111.78,11.97,28.96,4.44,0.9,8.9,9.18,1.51
1947,0.0,-999,-999,92.38,78.8,54.17,24.08,4.41,21.2,57.99,197.06,101.47,41.24,1.79,47.76,43.8,54.59,51.0,119.41,28.16,51.97,7.27,18.68,16.62,62.66,100.59,2.14,62.36,5.87,25.7,8.65,42.13,7.19,3.95,19.8,34.16,75.17,0.37,23.86,27.0,101.35,16.09,52.4,106.47,12.14,43.27,17.75,0.47,21.39,21.72,2.37
1948,0.0,-999,-999,93.5,75.49,53.85,22.88,1.56,16.18,43.99,195.45,100.34,25.92,0.83,38.0,33.42,40.75,39.23,129.05,15.98,39.27,0.7,12.3,10.25,44.25,100.66,0.83,49.71,4.14,16.8,5.35,33.29,11.89,3.33,11.85,22.84,76.36,0.57,16.77,13.0,74.31,10.85,52.79,110.61,7.07,30.09,7.86,0.33,13.09,17.34,1.1
1949,0.0,-999,-999,100.82,86.83,58.11,25.92,2.46,29.94,58.49,176.06,107.4,35.08,1.73,51.36,49.92,42.97,57.55,139.57,35.0,60.91,7.21,18.72,14.9,54.91,112.38,1.77,66.91,4.69,21.02,12.22,52.68,9.69,4.02,22.98,39.9,75.27,0.84,29.89,28.0,91.29,15.4,66.76,105.07,9.29,49.24,11.84,0.83,20.22,29.45,2.08
1950,0.0,-999,-999,88.74,75.61,38.41,27.63,1.88,7.23,30.54,164.32,92.81,9.72,1.05,22.52,20.99,27.82,33.67,130.79,12.51,33.27,0.41,3.58,3.3,29.73,96.35,0.37,47.51,0.9,9.08,1.36,28.12,9.49,4.44,7.38,12.89,66.92,0.93,13.64,11.0,84.6,2.47,46.1,99.22,7.56,29.19,4.64,0.67,3.16,13.11,0.13
1951,0.0,-999,-999,98.4,86.04,47.96,25.24,4.01,12.84,46.5,160.55,100.89,12.45,1.9,26.3,26.73,36.92,48.34,126.84,17.47,38.09,0.27,3.2,3.68,36.11,107.65,1.8,50.72,1.68,12.79,0.36,36.43,18.11,6.41,6.45,13.48,81.61,0.73,14.13,16.0,84.01,6.38,57.41,112.38,9.1,33.46,2.88,0.69,5.41,13.99,1.38
1952,0.0,-999,-999,92.67,75.97,56.34,28.07,4.38,19.72,56.5,174.79,99.76,30.16,0.99,43.32,39.67,55.69,56.13,107.0,26.43,46.36,3.28,13.35,8.3,58.2,94.81,1.01,59.07,2.44,23.18,4.25,42.04,15.05,4.15,15.72,29.99,83.64,1.82,23.48,22.0,89.85,11.54,59.97,96.43,9.91,42.96,6.81,1.04,12.66,22.18,1.26
1953,0.0,-999,-999,95.19,84.33,48.25,24.16,5.66,11.99,46.5,179.62,105.62,32.55,1.26,43.56,36.19,52.82,52.55,124.72,21.9,41.48,2.63,11.42,12.81,60.81,105.73,1.49,51.49,3.13,26.59,4.2,32.52,12.87,5.53,12.56,25.03,83.66,0.8,15.48,16.0,87.65,14.51,53.98,107.08,12.16,34.97,9.93,0.62,14.64,17.56,1.1
1954,0.0,-999,-999,99.78,101.11,55.79,24.2,7.47,5.56,47.48,173.88,104.03,36.56,1.97,52.05,40.92,69.54,62.98,130.26,10.36,40.19,0.13,7.34,8.22,75.45,119.55,2.14,51.1,4.05,31.55,0.96,24.93,15.57,3.87,6.79,24.06,99.25,0.56,12.57,6.0,86.09,12.93,63.92,116.95,15.4,30.49,3.12,0.32,12.05,14.81,4.06
1955,0.0,-999,-999,95.68,83.56,46.85,24.08,5.11,30.8,66.48,158.73,99.83,40.84,1.74,46.62,40.93,56.88,57.64,124.86,34.99,57.15,6.53,16.59,19.32,53.51,108.96,2.19,61.7,5.98,33.12,10.95,50.96,7.76,4.2,20.01,34.51,79.05,1.19,26.25,31.0,90.28,21.33,54.99,112.85,8.85,40.61,13.38,1.07,25.44,21.78,2.69
1956,0.0,-999,-999,79.75,84.63,51.89,24.29,2.19,9.96,45.99,167.6,92.34,27.45,1.29,40.44,33.73,54.87,53.25,115.08,12.13,36.11,0.71,6.73,6.11,57.45,100.79,1.02,51.3,1.45,21.38,1.42,28.94,8.47,4.06,6.49,22.82,81.15,1.58,10.56,7.0,87.65,7.66,50.84,110.36,9.22,31.6,3.56,1.48,8.3,11.29,0.93
1957,0.18,-999,-999,91.13,82.08,49.29,25.15,2.07,17.24,50.04,181.68,101.22,32.85,0.72,44.48,31.49,48.0,48.22,130.75,19.73,43.37,1.14,8.86,11.76,51.04,105.51,2.26,55.39,4.92,24.19,3.47,37.9,13.69,2.92,11.69,24.09,66.2,0.19,14.96,15.0,93.16,14.39,50.95,100.82,13.02,31.22,4.14,0.38,12.02,12.15,1.81
1958,0.17,-999,-999,95.9,88.85,73.39,32.85,3.46,11.81,44.99,171.7,96.33,20.23,1.17,33.72,27.2,41.45,49.59,134.23,13.22,40.07,0.46,5.94,5.31,49.47,110.69,0.73,52.24,2.73,14.64,2.81,33.94,15.22,3.77,9.47,19.6,79.37,2.13,13.15,18.0,85.83,6.96,51.04,112.87,15.17,33.85,4.2,3.6,5.38,16.1,1.05
1959,0.0,-999,-999,108.79,94.0,53.48,30.2,3.55,29.77,76.5,195.04,111.05,34.94,1.79,53.9,48.84,47.95,66.54,139.06,32.49,65.53,4.35,20.8,15.44,56.17,107.54,1.87,66.52,4.61,23.43,10.37,54.56,11.27,4.28,21.64,34.5,81.38,1.16,23.63,31.0,96.68,16.04,57.0,111.16,15.53,46.48,19.22,0.97,20.04,23.1,1.18
1960,0.0,-999,-999,91.03,83.68,55.72,31.41,4.14,8.89,43.04,170.41,96.85,22.16,1.98,36.04,24.73,42.71,48.84,118.67,15.6,39.38,0.17,4.54,10.69,45.8,100.09,2.87,54.8,4.77,17.93,0.77,28.75,10.57,5.74,6.7,12.21,74.48,1.31,7.8,8.0,83.9,12.82,47.1,107.41,12.86,32.91,3.14,1.93,10.85,14.9,2.54
1961,0.0,-999,-999,75.26,72.72,48.16,31.42,3.21,15.58,63.51,169.54,81.46,21.34,3.42,38.2,31.96,35.31,48.77,118.3,19.0,49.6,4.08,11.35,9.15,42.81,87.4,2.76,51.5,2.73,17.32,5.36,45.87,6.47,5.22,14.33,21.83,63.71,2.63,14.34,22.0,70.56,9.81,41.33,101.54,17.03,37.89,11.4,3.37,11.05,16.88,1.88
1962,0.0,-999,-999,97.92,99.3,46.89,24.0,1.55,4.11,33.0,154.39,98.59,19.15,0.69,37.17,24.82,45.24,46.55,133.37,8.29,22.11,0.57,4.54,3.87,50.06,110.25,0.42,46.42,1.07,13.58,1.28,21.37,9.33,2.25,5.49,15.02,79.03,0.75,6.57,8.0,85.48,5.85,51.0,112.54,9.5,21.73,2.31,0.77,5.75,8.2,0.21
1963,0.0,-999,-999,84.94,89.16,52.16,24.49,6.07,11.02,29.01,155.22,87.19,26.99,0.82,31.08,20.17,64.54,35.1,131.99,10.59,25.18,2.18,6.97,9.58,56.39,104.65,1.8,35.83,4.22,27.55,2.94,25.76,15.07,3.22,6.83,12.35,92.59,0.51,7.67,12.0,66.88,15.06,42.11,119.67,11.81,20.51,5.31,1.06,7.89,6.02,2.14
1964,0.0,-999,-999,84.81,89.14,47.57,25.68,6.39,10.58,44.01,171.8,89.11,27.66,0.94,42.62,30.47,53.05,49.03,133.73,13.46,40.03,0.3,13.02,11.38,55.19,107.06,2.03,51.21,4.21,24.58,3.74,31.29,13.92,3.52,10.85,21.78,88.94,0.56,13.11,11.0,80.07,14.53,49.52,114.4,13.9,31.96,7.71,1.18,16.35,11.25,2.57
1965,0.0,-999,-999,92.68,91.02,40.32,21.23,3.1,14.54,38.46,164.7,91.39,15.78,1.24,32.27,23.51,40.31,45.4,139.97,16.26,43.23,3.28,6.64,5.07,48.66,111.28,0.89,56.36,3.11,11.59,4.96,31.58,12.23,2.83,10.56,18.53,76.45,1.21,9.11,14.0,84.95,7.99,53.79,114.27,5.42,32.13,9.0,1.87,6.52,10.24,0.81
1966,0.0,-999,-999,79.81,68.6,54.09,25.56,6.57,14.13,46.0,170.14,76.95,21.91,1.09,32.46,26.38,47.71,36.89,121.66,8.72,35.55,0.75,10.89,11.62,41.58,84.86,2.72,43.16,6.12,23.3,1.35,31.29,13.82,3.42,8.97,17.73,67.45,0.29,9.8,6.0,70.43,15.79,42.25,102.22,14.68,24.8,2.8,0.81,11.24,9.31,4.12
1967,0.0,-999,-999,71.11,67.29,49.91,34.05,2.23,15.98,39.52,164.99,63.79,12.57,1.94,26.02,17.26,28.61,29.34,113.39,19.62,28.92,0.3,6.88,2.78,31.99,82.6,0.36,34.75,0.72,8.89,4.37,29.86,7.65,4.36,8.7,12.3,58.26,2.12,8.91,21.0,53.07,3.46,29.88,98.43,13.93,21.45,4.84,1.2,4.36,7.44,0.1
1968,0.0,-999,-999,79.18,79.47,44.71,25.1,2.59,12.22,43.51,166.25,86.21,30.89,1.29,42.08,38.11,44.7,52.42,118.68,13.63,43.44,1.15,14.24,8.16,49.45,91.09,0.58,49.12,1.59,18.93,4.22,36.07,4.95,5.31,11.33,27.35,73.55,1.48,20.19,13.0,82.27,8.87,48.59,97.52,10.44,32.54,8.12,2.31,15.14,20.77,0.12
1969,0.0,-999,-999,80.34,74.33,56.35,29.36,4.69,21.63,56.48,180.32,84.18,24.5,1.87,39.01,28.42,45.91,52.18,116.47,22.19,47.64,2.6,11.09,8.87,48.6,87.86,1.17,55.1,3.69,19.8,6.62,42.67,12.41,4.98,12.95,20.95,74.48,0.59,17.99,16.0,84.0,10.36,47.5,100.93,14.25,34.0,10.22,1.05,9.27,17.69,0.61
1970,0.0,-999,-999,98.63,94.46,51.17,28.22,6.76,15.78,40.01,172.13,94.88,30.49,2.0,43.29,32.35,51.11,61.22,132.33,15.8,40.11,3.95,15.76,11.8,58.8,110.66,1.98,52.38,4.74,24.52,5.53,35.19,7.38,4.27,11.32,28.27,85.67,1.04,14.35,21.0,87.69,14.05,56.65,104.3,13.28,32.22,6.72,1.84,14.53,13.43,1.38
1971,0.0,-999,-999,90.05,89.32,51.7,28.89,4.23,17.86,46.5,173.93,103.33,25.36,2.22,37.47,30.46,38.83,51.65,131.39,18.68,44.82,1.18,11.61,4.86,48.46,103.49,2.0,52.32,2.36,15.19,4.85,37.83,6.23,6.61,11.7,20.37,80.19,1.87,11.81,14.0,89.04,8.06,45.46,108.91,12.91,31.05,6.25,1.87,10.16,7.46,0.73
1972,0.0,-999,-999,77.93,87.63,55.67,29.06,2.71,13.57,39.47,168.69,75.14,26.74,1.03,37.72,31.09,37.62,47.52,127.38,15.84,44.19,2.55,9.88,6.97,49.32,103.45,0.81,37.1,3.35,14.88,5.73,34.66,5.46,4.78,11.65,21.67,76.41,1.54,14.76,15.0,71.14,8.72,41.71,103.1,7.46,24.08,8.49,1.01,9.46,11.48,0.12
1973,0.0,-999,-999,88.98,89.44,50.3,27.01,3.69,25.75,64.48,171.02,96.66,31.93,1.17,47.65,39.41,42.97,59.99,140.72,32.33,47.0,7.4,16.27,12.52,52.33,112.77,1.49,53.45,3.05,19.89,13.58,49.01,4.77,4.29,17.95,26.28,72.8,0.98,18.23,24.0,90.94,11.99,53.21,98.39,10.13,34.59,15.45,1.72,16.97,14.82,0.89
1974,0.15,-999,-999,68.06,73.75,54.38,29.43,4.01,15.17,35.01,164.7,83.49,23.43,1.41,30.97,24.0,37.95,41.34,126.6,13.99,35.97,0.83,7.44,9.47,40.34,93.87,1.64,42.36,5.11,17.1,3.21,31.82,6.45,4.97,7.82,13.91,65.61,1.37,7.75,13.0,77.0,13.54,39.67,96.91,11.2,22.93,3.87,0.7,8.57,6.95,0.78
1975,0.31,-999,-999,79.81,85.61,45.1,24.4,3.16,21.6,46.98,186.48,99.54,34.86,2.14,43.64,37.63,45.69,62.79,135.4,29.49,48.49,5.79,10.34,13.27,55.14,105.44,1.58,50.23,7.34,20.97,10.36,39.4,3.78,4.73,11.33,25.39,71.17,1.67,12.28,24.0,90.22,17.83,48.29,95.24,10.16,28.14,12.6,2.44,14.35,11.86,0.82
1976,0.0,-999,-999,57.66,51.52,46.2,24.6,2.3,21.4,35.92,154.28,76.49,18.3,0.99,22.16,19.12,32.89,30.41,97.96,22.18,38.04,3.04,6.73,9.3,31.91,74.22,1.42,33.06,4.15,16.57,5.24,31.99,4.85,3.16,7.82,12.73,54.17,1.17,10.7,14.0,62.6,16.6,26.56,81.15,11.89,20.38,6.51,0.53,8.27,5.73,0.75
1977,0.0,-999,-999,96.44,104.06,55.64,28.92,5.28,13.68,54.49,165.45,103.15,26.75,1.93,41.68,41.08,50.3,66.02,136.73,21.42,49.01,3.93,11.74,7.31,59.43,112.85,1.08,54.47,2.78,19.86,5.99,42.12,12.28,4.9,14.96,31.34,95.01,2.17,19.42,20.0,90.36,10.03,63.73,115.32,13.33,36.47,8.77,2.01,11.8,18.33,1.5
1978,0.0,-999,-999,89.59,87.74,55.1,29.24,3.98,12.01,49.99,171.64,99.19,30.22,1.3,40.22,34.41,49.53,63.5,134.64,17.21,45.01,2.77,8.45,10.03,56.92,107.54,0.64,45.15,3.29,20.78,6.49,30.13,10.77,6.03,11.78,24.6,85.18,1.19,16.61,11.0,88.69,13.75,55.56,113.29,12.01,31.01,10.27,0.65,9.86,14.87,0.27
1979,0.0,-999,-999,73.9,71.51,53.68,25.04,3.83,26.41,45.03,179.07,90.15,20.05,1.62,35.95,33.16,37.96,53.15,117.64,24.48,44.9,3.66,7.87,4.9,41.1,92.98,0.86,45.69,1.35,15.3,10.03,37.07,6.07,3.48,13.33,21.2,70.35,1.06,16.85,25.0,74.5,7.53,50.09,90.16,9.11,29.01,11.47,1.18,6.78,14.31,0.36
1980,0.0,-999,-999,82.6,95.88,60.75,24.35,6.66,14.97,66.52,170.56,98.01,31.28,0.83,47.59,46.41,61.42,67.86,132.55,19.32,48.25,1.75,9.75,6.5,63.64,105.89,1.41,53.13,2.56,26.89,7.13,40.75,14.23,4.44,14.3,31.23,96.0,0.47,19.5,24.0,88.06,11.54,61.27,112.43,8.48,36.01,9.47,0.57,8.14,13.34,0.51
1981,0.0,-999,-999,79.97,82.97,64.13,32.2,5.46,14.92,55.52,155.86,89.28,22.36,1.19,35.04,36.25,47.45,50.42,131.44,13.57,38.96,0.8,6.65,5.8,50.32,99.15,1.27,54.0,3.09,19.44,4.3,37.51,12.53,5.27,10.48,21.59,85.73,0.89,13.14,14.0,77.31,9.05,53.65,107.35,13.82,30.11,5.66,1.06,7.13,13.39,1.16
1982,0.0,-999,-999,79.42,86.44,55.41,25.86,4.16,5.56,44.03,181.55,95.22,21.7,1.34,31.24,27.97,40.29,44.44,145.95,9.56,33.12,0.88,6.51,6.58,40.06,108.21,1.43,47.02,3.08,18.33,2.97,22.15,8.01,4.34,7.53,16.39,80.96,1.29,9.73,11.0,83.5,10.15,52.84,108.9,13.57,23.43,3.79,1.37,8.9,10.19,0.84
1983,0.18,-999,-999,73.86,83.95,57.63,28.32,5.58,14.33,59.48,167.34,85.38,45.49,1.6,49.24,47.87,56.28,60.93,120.27,18.92,44.05,2.33,16.68,21.26,62.11,94.43,4.23,48.81,10.98,33.93,3.74,39.45,6.8,3.6,14.85,31.55,75.95,0.89,16.37,14.0,77.26,26.27,57.35,98.42,12.98,27.18,10.34,1.15,19.11,13.9,2.0
1984,0.15,-999,-999,77.31,75.2,60.32,38.65,3.52,11.45,54.98,166.76,86.75,22.64,1.41,33.54,31.1,38.39,45.68,134.43,20.74,39.68,3.04,9.18,7.63,44.86,94.45,3.12,49.24,5.14,17.38,6.89,39.27,4.74,5.0,14.2,19.39,69.65,1.0,13.39,18.0,76.67,13.21,38.76,106.85,12.29,25.46,10.15,0.9,9.81,12.84,0.47
1985,0.0,-999,-999,92.84,80.75,55.28,27.89,3.96,13.39,49.99,186.69,105.94,18.5,2.48,26.62,25.85,37.74,42.81,144.09,12.56,36.25,0.7,6.94,4.6,40.06,104.49,1.66,46.62,1.23,14.05,3.31,36.2,4.78,4.49,9.73,18.48,78.6,1.34,11.18,15.0,81.63,7.36,51.06,110.69,11.47,22.6,3.59,1.32,7.09,8.37,0.84
1986,0.0,-999,-999,105.15,94.48,48.2,24.16,3.55,15.91,67.03,183.34,108.69,28.39,1.38,41.87,41.6,52.42,58.04,146.76,15.81,50.94,0.86,9.33,6.92,55.84,116.78,0.7,62.07,2.16,19.26,4.1,38.28,6.79,5.88,10.64,27.81,95.52,1.95,14.58,11.0,103.02,10.62,68.27,118.03,11.12,38.87,5.73,1.16,9.34,17.13,0.27
1987,0.32,-999,-999,87.15,83.75,49.51,25.75,3.84,18.29,67.52,163.46,100.89,37.34,1.37,49.77,48.71,46.03,60.05,124.35,13.76,54.3,3.94,17.97,12.67,50.89,99.55,2.24,65.06,8.28,21.07,7.66,42.56,5.95,4.45,14.94,36.25,75.83,1.46,21.61,13.0,97.21,16.27,65.07,93.92,9.94,42.69,11.26,1.23,18.97,16.96,2.31
1988,0.15,-999,-999,81.81,79.41,52.82,30.97,4.13,36.65,58.52,157.08,83.38,38.9,1.7,44.68,43.69,51.8,49.65,117.21,30.69,51.29,8.65,16.73,16.43,48.42,91.64,6.71,48.83,13.57,26.86,15.02,45.93,6.11,6.18,18.57,31.76,68.23,1.25,21.83,34.0,77.24,23.11,52.68,95.95,15.03,29.59,15.43,0.93,21.72,15.09,6.94
1989,0.0,-999,-999,94.78,77.5,47.89,25.02,3.79,36.34,66.98,173.99,105.45,23.93,1.35,34.18,38.67,42.24,56.26,126.68,19.88,57.23,2.73,9.18,9.61,44.18,96.99,2.26,56.03,6.66,20.63,5.28,33.86,7.14,5.04,12.72,28.68,72.32,0.8,16.26,22.0,96.76,15.31,55.27,102.61,10.8,37.95,4.32,0.87,9.01,13.28,2.2
1990,0.0,-999,-999,88.52,90.3,50.23,30.89,4.81,18.64,70.04,186.45,104.84,35.32,1.59,36.72,33.88,51.7,47.07,136.97,24.09,49.36,3.21,6.6,9.85,55.58,105.55,1.74,50.3,4.51,23.12,6.76,38.12,12.39,5.73,11.08,20.55,88.52,2.56,8.69,24.0,97.22,14.44,50.36,116.82,14.02,30.85,4.02,2.68,12.57,9.14,1.83
1991,0.06,-999,-999,108.15,108.15,45.49,29.02,3.47,23.48,68.52,197.8,119.88,37.37,1.63,56.15,53.08,55.75,71.57,151.34,18.88,59.83,4.32,14.21,15.73,67.66,126.09,2.66,69.35,4.99,25.47,4.99,45.23,8.62,4.29,14.38,35.51,90.98,1.66,16.71,11.0,106.04,16.46,77.19,116.55,10.24,41.71,8.24,1.49,19.3,19.61,1.52
1992,0.0,-999,-999,75.91,68.43,43.61,30.39,1.56,10.13,49.0,169.73,95.12,8.77,1.65,22.35,23.01,26.12,39.44,110.79,7.74,37.94,0.88,2.84,2.3,29.67,84.92,0.26,48.55,0.55,5.38,2.53,25.39,4.23,5.22,5.71,15.69,56.81,3.0,6.29,9.0,81.23,1.71,43.87,94.21,9.12,24.96,1.48,2.8,2.65,7.28,0.46
1993,0.0,-999,-999,91.18,88.57,45.33,21.68,2.08,21.6,66.5,167.93,101.91,27.26,0.42,46.81,45.2,42.99,56.9,121.58,15.35,51.74,0.28,10.99,5.71,62.89,105.82,0.29,59.18,1.32,16.36,4.12,41.37,12.49,3.34,13.3,31.24,78.93,0.29,13.53,17.0,90.62,5.1,61.11,102.99,10.3,32.56,3.29,0.57,10.34,11.12,0.59
1994,0.0,-999,-999,87.22,74.72,49.87,28.13,3.99,34.57,64.55,201.22,97.33,19.57,3.23,27.26,28.31,39.59,45.06,130.14,26.06,54.59,5.93,9.45,4.97,43.09,94.14,0.99,52.41,1.24,13.86,8.92,43.99,13.94,8.28,14.7,22.86,79.25,2.29,15.05,30.0,84.38,6.39,47.94,109.09,17.95,31.85,11.72,2.25,9.58,9.72,0.5
1995,0.0,-999,-999,96.16,81.79,37.71,25.23,4.7,-999.0,59.5,184.86,110.39,36.07,0.86,49.36,52.13,43.42,58.63,127.38,21.97,57.07,2.88,18.5,17.38,54.56,100.53,1.71,59.81,8.6,25.02,8.3,40.49,10.24,3.95,19.08,38.9,77.47,0.98,23.6,25.0,99.52,19.0,58.17,103.95,9.24,36.76,9.7,1.11,25.84,18.88,1.45
1996,0.0,-999,-999,86.81,88.68,54.13,35.05,4.66,11.09,59.04,173.48,102.42,17.09,1.03,28.84,29.03,41.3,43.27,139.37,11.52,37.28,0.17,6.65,7.71,50.77,108.74,1.68,51.23,3.47,14.89,2.25,33.86,15.48,6.89,8.56,18.74,88.09,1.93,11.61,7.0,84.87,7.79,46.92,123.32,15.89,30.38,1.82,1.8,7.87,8.63,0.62
1997,0.0,-999,-999,77.8,73.67,52.9,35.13,3.02,18.3,44.03,183.4,88.93,26.58,0.9,31.54,29.78,42.52,46.45,124.21,12.72,30.96,0.44,6.28,9.44,51.3,92.68,1.33,44.16,3.95,21.36,3.58,26.83,10.8,6.13,8.87,16.92,77.44,0.79,9.76,12.0,67.95,12.95,45.77,106.65,12.17,23.05,5.23,1.62,9.62,9.26,0.41
1998,0.0,-999,-999,109.99,112.89,46.46,30.96,3.97,21.87,64.54,195.7,117.97,30.15,2.31,47.46,45.69,59.25,71.07,152.14,18.83,48.46,2.58,12.05,7.26,75.28,127.39,2.59,68.47,3.8,27.29,6.69,39.42,13.08,5.28,13.05,28.8,102.04,2.81,16.87,24.0,100.9,13.1,73.29,131.81,16.96,35.03,4.22,5.07,11.83,11.57,1.42
1999,0.11,-999,-999,94.6,76.64,46.58,21.98,5.13,30.16,66.02,179.24,94.31,27.4,1.42,37.81,38.87,47.74,50.89,130.37,28.6,52.42,6.29,14.07,12.6,51.71,103.35,0.94,57.85,3.45,23.61,12.17,46.7,11.07,4.7,17.13,30.4,73.96,0.99,17.52,27.0,79.35,15.66,56.08,113.54,16.71,33.01,10.05,1.88,16.35,16.49,1.41
2000,0.0,-999,-999,92.93,92.93,59.13,27.04,6.85,15.23,51.0,162.79,93.92,24.24,2.01,38.42,33.55,53.32,58.32,131.38,11.41,42.0,0.14,6.82,7.81,64.53,105.71,3.69,53.67,3.83,26.13,2.75,37.66,14.76,6.13,10.82,24.66,87.64,1.17,13.8,19.0,88.4,13.8,59.42,128.56,21.78,32.58,2.67,1.32,8.29,14.34,2.11
2001,0.0,-999,-999,84.67,87.6,56.45,34.94,7.85,24.36,59.01,177.38,94.69,30.9,2.47,41.45,39.7,51.23,60.28,132.09,23.66,38.2,4.54,12.14,17.24,57.36,102.05,3.23,49.78,7.35,30.2,5.9,39.9,14.57,6.95,12.61,25.7,90.56,1.81,12.09,27.0,84.31,23.82,58.6,118.6,16.56,25.03,5.83,1.48,18.56,13.93,3.91
2002,0.0,-999,-999,111.9,93.04,57.59,30.25,6.83,27.67,62.51,197.24,117.23,36.84,2.62,54.48,56.71,61.38,75.58,151.01,26.29,51.45,4.18,18.6,18.43,68.24,120.84,4.23,64.2,8.58,35.44,9.08,47.51,15.35,7.28,18.58,39.27,92.85,2.24,22.99,27.0,102.98,26.47,73.97,119.07,19.38,44.77,9.98,3.3,19.18,21.69,3.37
2003,0.0,-999,-999,93.66,76.69,59.64,33.42,7.2,23.53,66.01,199.29,99.55,18.31,3.44,26.13,24.54,42.68,41.79,132.28,25.76,52.48,7.71,4.68,9.92,47.42,107.33,5.96,59.81,6.82,19.09,11.71,44.65,14.61,8.65,13.08,17.63,71.97,2.75,18.58,25.0,89.19,13.82,53.75,109.34,24.91,37.09,12.24,3.1,9.23,13.87,5.17
2004,0.38,-999,-999,94.74,78.45,50.71,21.97,2.77,28.1,67.44,177.03,110.38,15.13,2.1,31.78,33.33,31.34,51.94,145.12,17.15,53.26,2.57,6.37,4.73,42.72,114.12,1.72,64.18,2.18,12.92,7.21,42.33,7.07,6.21,9.78,21.45,64.17,3.07,15.9,18.0,102.98,6.26,57.91,112.52,15.63,35.51,5.32,4.76,5.25,14.84,1.11
2005,0.0,-999,-999,99.4,89.05,56.43,24.92,4.68,39.34,78.53,174.63,110.76,32.77,1.62,49.31,48.27,49.52,71.71,127.4,30.77,65.44,5.13,17.98,16.32,65.37,106.5,3.42,67.52,7.09,27.72,13.41,60.54,9.83,8.15,25.39,38.19,83.88,1.15,28.0,26.0,100.93,20.71,69.12,116.09,11.61,47.67,16.05,1.4,19.11,26.89,2.64
2006,0.0,-999,-999,88.82,79.69,61.34,34.39,8.07,33.11,67.01,175.72,93.8,29.4,3.23,43.34,38.72,51.96,56.28,129.32,23.95,54.88,4.74,14.23,13.29,58.79,99.74,3.16,56.72,6.23,23.59,9.76,45.42,15.15,9.98,19.02,29.46,81.8,3.23,24.46,27.0,84.28,18.59,61.25,112.14,17.25,35.47,8.61,3.49,15.95,19.31,3.62
2007,0.0,-999,-999,93.53,97.82,59.55,30.54,6.71,28.7,63.49,184.7,101.03,34.99,4.11,46.98,36.96,57.62,64.52,136.17,18.78,54.43,2.24,10.5,13.49,70.16,113.15,7.09,61.33,9.24,33.7,6.21,44.74,9.32,9.94,12.38,25.27,89.11,1.95,19.0,17.0,90.72,21.36,68.43,115.42,20.05,34.69,6.58,2.9,14.88,18.04,6.25
2008,0.0,-999,-999,89.29,83.12,54.65,30.86,4.82,26.0,58.99,177.86,92.71,15.96,2.07,31.4,30.66,37.62,52.68,132.66,22.12,47.78,1.86,7.83,5.36,46.01,100.27,2.0,52.84,2.22,15.53,3.95,44.09,11.85,4.91,11.98,22.74,77.01,1.81,15.48,20.0,85.68,9.01,52.07,110.02,18.89,27.49,5.03,2.25,5.73,9.49,1.6
2009,0.64,-999,-999,95.53,79.64,52.66,32.49,1.64,20.78,50.97,185.5,100.32,11.34,1.74,22.95,22.79,29.95,51.52,136.41,17.85,42.13,2.95,4.84,3.51,36.72,108.7,0.67,55.88,0.76,10.31,4.26,33.52,12.56,6.19,7.78,15.08,69.7,1.74,10.88,19.0,94.87,3.76,54.46,113.08,18.05,27.43,4.38,3.44,4.6,7.75,0.52
2010,0.0,-999,-999,106.16,105.95,68.75,25.17,4.74,43.53,80.51,173.37,110.85,34.15,1.53,58.61,52.79,61.04,78.19,137.68,30.78,69.26,10.81,18.65,14.21,76.02,117.24,1.15,78.41,5.03,24.37,12.32,55.9,17.39,9.19,19.63,38.89,99.47,1.15,26.07,20.0,107.7,15.07,76.93,119.44,18.28,53.37,11.84,1.45,20.77,25.17,1.66
2011,0.0,-999,-999,87.51,99.46,63.49,27.49,7.43,37.62,84.51,178.45,100.28,36.6,1.37,50.74,41.32,62.2,63.0,135.12,22.99,67.13,3.57,16.62,14.75,71.57,111.29,2.32,66.64,7.19,29.01,6.43,54.89,27.74,4.48,16.46,36.07,93.75,0.8,20.65,19.0,99.56,16.98,64.25,124.98,17.9,45.66,7.36,0.7,17.16,22.47,3.25
2012,0.0,-999,-999,78.53,93.76,70.63,39.77,8.99,32.03,77.51,189.42,96.96,31.16,2.72,48.2,41.01,50.86,57.63,136.36,28.7,59.72,3.69,15.1,16.22,65.59,97.84,4.35,60.12,7.11,27.44,7.1,53.79,19.51,7.3,16.8,35.58,86.63,1.42,19.35,22.0,89.71,21.53,57.58,122.65,21.96,43.74,5.18,2.53,18.64,20.67,7.34
2013,0.55,-999,-999,91.38,86.34,66.06,36.76,5.95,40.62,64.99,195.91,99.23,26.59,3.49,35.41,34.83,49.19,63.83,131.86,35.23,57.73,5.06,13.73,16.71,53.01,97.56,2.1,60.15,5.47,21.63,12.68,55.75,16.79,9.22,20.7,30.8,80.59,2.83,25.74,40.0,87.87,15.94,53.96,115.06,16.4,46.61,14.07,2.64,15.3,20.37,2.67
2014,0.0,-999,-999,94.26,81.59,62.77,38.89,3.98,17.24,50.52,180.39,110.1,15.74,3.67,36.26,33.46,37.41,63.25,129.31,18.83,39.43,3.83,5.64,7.4,55.11,102.85,1.42,58.12,2.02,13.07,6.43,36.24,16.83,9.12,9.58,24.29,78.4,3.14,15.38,20.0,88.16,6.2,54.44,111.6,14.4,32.91,4.52,4.3,7.64,15.52,1.61
2015,0.0,-999,-999,99.56,92.17,66.96,42.0,3.48,27.42,80.51,229.1,125.06,23.36,4.72,40.69,31.91,50.51,68.82,142.72,23.49,57.89,5.83,8.22,12.56,67.75,112.19,1.74,72.63,5.91,16.06,6.17,46.72,16.47,7.89,13.58,25.9,82.51,3.9,18.49,20.0,103.18,10.19,67.87,119.77,17.06,41.09,4.24,4.12,10.61,19.59,2.37
2016,0.38,-999,-999,106.52,99.98,65.38,34.62,5.09,48.09,79.47,194.62,106.73,29.28,1.25,56.8,53.78,56.32,83.64,149.16,28.49,58.31,4.8,15.72,11.08,77.89,119.51,1.35,75.76,3.89,24.3,9.16,55.23,17.22,5.72,21.1,43.51,93.75,1.03,29.45,26.0,110.15,14.69,78.04,122.0,18.2,54.04,6.85,1.92,16.05,30.54,2.61
2017,0.0,-999,-999,98.02,89.72,58.35,39.93,5.01,33.31,69.46,191.38,108.88,19.9,2.87,35.58,31.95,35.24,62.49,141.26,19.32,42.11,2.8,7.49,5.88,50.2,109.53,4.13,65.04,2.44,16.89,4.83,46.22,18.03,6.95,11.49,25.63,77.29,2.49,17.51,22.0,97.35,9.76,56.18,113.07,19.15,40.78,4.05,2.63,6.92,14.38,3.3
2018,0.48,-999,-999,131.25,118.28,64.98,39.5,6.18,48.55,85.43,211.53,133.21,31.32,3.13,58.79,59.43,58.06,105.31,163.65,40.16,81.29,11.29,16.55,15.67,83.37,128.27,1.62,91.74,3.91,23.03,19.56,60.6,17.19,13.56,26.71,50.04,101.81,1.67,36.22,41.0,134.39,13.15,91.36,129.62,24.62,61.32,15.05,2.55,17.01,33.03,2.28
2019,0.19,-999,-999,111.24,106.51,52.17,33.56,4.67,27.65,70.46,214.67,116.71,28.43,2.15,46.48,45.33,52.25,80.05,156.07,22.65,65.33,3.76,9.62,10.5,70.48,109.86,1.09,73.2,3.7,23.47,5.29,54.13,18.05,7.6,13.45,35.83,93.53,1.46,20.51,19.0,111.66,13.29,68.08,118.44,17.06,43.92,4.7,1.59,11.29,22.57,0.99
2020,0.0,-999,-999,100.27,87.39,66.55,44.73,6.65,45.56,76.18,221.58,113.27,30.85,2.3,42.98,40.63,46.28,67.16,142.48,33.58,69.42,9.23,10.93,15.44,60.84,107.85,1.88,70.82,6.84,25.74,10.97,57.13,21.49,12.22,18.33,32.23,74.34,2.53,23.28,31.0,105.59,17.18,66.27,106.22,18.3,46.79,10.5,3.13,16.37,24.18,2.04
2021,0.0,-999,-999,102.28,98.21,59.16,43.1,6.18,46.22,75.17,199.1,101.94,31.0,7.38,51.71,56.03,48.84,70.67,148.19,37.1,70.58,13.82,16.37,15.87,70.37,115.13,5.76,64.26,9.35,21.94,18.34,63.18,16.09,15.6,21.15,43.18,82.13,6.37,24.51,39.0,99.95,15.71,71.16,117.61,24.0,45.63,16.46,8.81,16.64,25.27,4.41
2022,0.0,-999,-999,102.04,96.71,65.56,43.47,9.6,35.15,76.97,203.91,106.75,26.75,4.12,41.05,39.15,54.06,66.47,145.85,28.78,61.84,3.65,10.92,11.53,67.4,115.15,3.37,64.66,5.6,24.82,9.32,53.07,21.75,13.54,16.22,32.69,97.88,4.61,13.31,29.0,105.77,16.53,72.7,128.65,26.97,43.56,7.33,5.27,11.3,22.69,4.05
2023,0.0,-999,-999,96.61,93.73,57.93,34.64,6.52,36.59,63.98,201.34,99.07,18.12,3.67,28.95,28.35,38.66,55.72,152.02,31.59,57.68,7.03,5.34,10.54,50.26,110.89,1.96,50.59,4.66,17.12,11.9,45.3,20.77,9.23,13.03,19.36,71.36,3.28,11.27,34.0,85.21,12.7,59.43,128.95,14.45,27.23,8.45,3.88,7.25,12.56,2.24
2024,0.0,-999,-999,105.24,101.04,71.37,41.27,7.14,36.84,72.49,201.07,119.9,23.84,4.38,42.45,41.14,43.42,69.85,160.06,30.11,60.29,10.72,12.33,9.99,58.4,111.67,3.36,66.32,4.31,17.81,16.01,56.08,27.0,13.63,19.18,34.33,85.31,3.33,24.95,33.0,106.13,14.95,69.05,133.09,19.48,45.22,15.7,4.0,10.82,22.46,4.08
