Year,AK,HI,PR,AL,AR,AZ,CA,CO,CT,DE,FL,GA,IA,ID,IL,IN,KS,KY,LA,MA,MD,ME,MI,MN,MO,MS,MT,NC,ND,NE,NH,NJ,NM,NV,NY,OH,OK,OR,PA,RI,SC,SD,TN,TX,UT,VA,VT,WA,WI,WV,WY
1900,-999.0,-999.0,-999.0,149.1,163.74,-999.0,-999.0,114.58,-999.0,-999.0,227.96,163.63,105.96,73.94,118.0,116.51,139.54,140.03,192.36,-999.0,-999.0,61.35,75.74,66.37,132.59,167.18,64.47,137.38,-999,118.59,-999.0,90.57,-999.0,-999.0,66.0,110.21,-999.0,67.27,93.09,-999.0,159.97,100.06,135.44,185.56,118.16,110.49,-999.0,49.11,78.28,138.88,-999.0
1901,-999.0,-999.0,-999.0,139.72,162.43,-999.0,-999.0,106.67,-999.0,-999.0,211.11,134.41,110.32,70.03,119.84,111.57,138.69,118.87,181.49,-999.0,-999.0,53.93,71.88,64.44,133.33,158.68,65.71,115.91,-999,110.11,-999.0,71.23,184.0,-999.0,53.95,93.67,-999.0,67.46,64.43,-999.0,138.27,91.75,118.45,181.97,122.09,82.71,-999.0,40.59,80.01,94.39,-999.0
1902,-999.0,-999.0,-999.0,150.09,155.13,-999.0,-999.0,98.25,-999.0,-999.0,231.26,157.7,62.43,68.01,87.92,94.11,123.16,123.99,192.6,-999.0,-999.0,29.63,42.38,43.98,108.81,167.62,46.75,130.7,-999,87.9,-999.0,59.45,224.53,-999.0,31.13,86.76,-999.0,71.96,51.93,-999.0,153.16,65.9,136.8,194.44,112.21,98.8,-999.0,42.48,47.35,83.31,-999.0
1903,-999.0,-999.0,-999.0,140.27,132.62,-999.0,-999.0,84.21,-999.0,-999.0,224.96,146.89,64.67,55.29,95.5,98.76,113.08,122.48,178.2,-999.0,-999.0,34.17,44.53,34.27,103.14,158.73,43.11,116.08,-999,83.19,-999.0,61.14,193.18,-999.0,34.05,91.31,124.0,63.88,52.45,-999.0,138.86,64.37,130.72,160.41,108.55,71.34,-999.0,39.01,46.16,82.14,-999.0
1904,-999.0,-999.0,-999.0,170.76,154.3,-999.0,-999.0,84.69,-999.0,-999.0,230.76,164.05,68.7,76.5,93.61,94.44,121.61,125.16,192.07,-999.0,-999.0,37.21,45.46,34.38,111.57,172.43,54.13,124.77,-999,87.84,-999.0,69.19,192.41,-999.0,40.2,88.02,150.0,83.38,57.36,-999.0,149.03,68.67,134.32,194.86,120.1,90.5,-999.0,59.17,43.82,82.0,-999.0
1905,-999.0,-999.0,-999.0,153.13,156.57,-999.0,-999.0,95.54,-999.0,-999.0,240.56,165.26,81.18,74.84,107.93,104.57,133.87,128.37,187.85,-999.0,-999.0,40.94,52.2,45.13,119.26,165.9,53.54,137.02,-999,94.91,-999.0,70.62,136.32,-999.0,43.36,90.3,148.0,68.36,62.69,-999.0,160.34,69.46,146.45,182.93,114.25,97.68,-999.0,51.57,49.93,88.75,-999.0
1906,-999.0,-999.0,-999.0,145.81,158.1,-999.0,-999.0,89.53,-999.0,-999.0,227.26,158.62,92.36,77.32,116.63,116.65,131.33,132.1,182.4,-999.0,-999.0,43.53,66.18,48.42,126.79,165.33,62.15,135.68,-999,105.02,-999.0,90.25,142.79,-999.0,63.1,106.35,-999.0,79.93,74.64,-999.0,150.07,72.15,141.08,178.46,106.58,100.52,-999.0,64.54,64.67,115.12,-999.0
1907,-999.0,-999.0,-999.0,149.89,153.26,-999.0,-999.0,94.28,-999.0,-999.0,258.82,163.91,76.05,64.72,88.37,88.17,126.64,112.63,198.67,-999.0,-999.0,31.94,48.59,41.24,112.42,163.15,41.66,124.81,-999,98.38,-999.0,68.47,123.05,-999.0,44.66,75.55,-999.0,62.65,51.96,-999.0,154.75,66.91,130.66,188.32,93.4,86.44,-999.0,46.36,49.39,86.95,-999.0
1908,-999.0,-999.0,-999.0,172.14,166.0,-999.0,-999.0,96.25,-999.0,-999.0,240.91,169.85,90.57,74.97,117.04,124.62,130.72,134.12,211.76,-999.0,-999.0,66.25,71.03,59.99,127.2,184.8,61.28,131.42,-999,106.45,-999.0,91.71,149.81,-999.0,67.53,113.82,152.0,71.12,82.48,-999.0,158.91,83.89,146.81,202.86,100.03,97.7,-999.0,63.5,72.54,123.61,-999.0
1909,-999.0,-999.0,-999.0,164.76,162.91,-999.0,-999.0,91.73,-999.0,-999.0,244.95,166.58,80.51,78.41,98.18,94.79,131.57,115.17,204.94,-999.0,-999.0,43.0,59.0,56.69,123.41,176.68,60.67,129.47,-999,102.81,-999.0,71.88,154.58,-999.0,44.67,82.29,158.0,58.21,58.59,-999.0,146.74,77.44,137.52,211.64,97.7,91.2,-999.0,53.79,65.15,102.49,-999.0
1910,-999.0,-999.0,-999.0,174.67,163.02,-999.0,-999.0,104.19,-999.0,115.0,216.83,174.11,94.73,86.32,108.34,102.64,142.13,122.27,213.01,-999.0,-999.0,37.73,56.52,70.36,119.56,182.25,70.87,134.93,-999,114.65,-999.0,82.88,165.72,-999.0,46.55,98.01,181.47,70.57,64.59,-999.0,161.96,100.66,139.88,203.95,125.47,97.19,-999.0,59.85,71.9,117.51,-999.0
1911,-999.0,-999.0,-999.0,163.59,165.68,-999.0,-999.0,92.8,-999.0,112.0,265.56,174.78,103.22,65.83,117.3,114.97,141.7,136.39,215.78,-999.0,-999.0,60.59,63.1,59.19,134.85,182.64,51.86,140.14,-999,112.43,-999.0,84.04,143.19,-999.0,60.65,102.99,177.78,62.59,81.26,-999.0,159.28,91.78,151.29,198.06,108.74,115.0,-999.0,55.61,68.96,119.99,-999.0
1912,-999.0,-999.0,-999.0,151.14,148.12,-999.0,-999.0,77.83,-999.0,106.0,235.17,160.34,79.08,56.35,99.92,98.03,123.1,118.24,190.06,-999.0,-999.0,30.0,43.17,43.53,118.75,160.83,38.89,130.64,-999,96.68,-999.0,79.67,132.41,-999.0,41.16,86.41,147.16,52.32,60.21,-999.0,151.41,71.11,135.16,176.33,90.96,101.06,-999.0,52.87,50.92,105.86,-999.0
1913,-999.0,-999.0,-999.0,154.72,153.17,-999.0,-999.0,87.67,-999.0,107.0,235.41,165.82,100.12,71.7,115.04,116.03,133.31,133.29,178.88,-999.0,-999.0,49.31,65.76,57.82,126.76,164.4,61.54,127.02,-999,111.59,-999.0,84.97,146.69,-999.0,56.74,99.64,148.7,52.07,83.97,-999.0,138.95,99.19,137.84,171.81,107.69,100.21,-999.0,54.72,67.11,111.61,-999.0
1914,-999.0,-999.0,-999.0,148.49,160.0,-999.0,-999.0,92.0,-999.0,114.0,232.7,164.19,100.23,80.14,120.16,117.66,142.54,127.57,187.87,-999.0,-999.0,47.36,61.11,59.96,133.83,166.49,64.3,126.51,-999,119.28,-999.0,81.75,153.95,-999.0,49.61,101.96,163.39,73.18,73.54,-999.0,150.66,94.78,147.76,171.88,105.15,100.89,-999.0,60.94,64.43,120.15,-999.0
1915,-999.0,-999.0,-999.0,172.56,154.66,-999.0,-999.0,72.95,-999.0,94.0,216.36,176.0,63.47,72.2,85.62,86.56,107.69,117.5,200.91,-999.0,-999.0,34.76,35.92,38.17,113.64,177.77,40.34,131.22,-999,80.91,-999.0,73.22,137.92,-999.0,42.27,67.61,140.61,64.87,56.03,-999.0,167.47,52.3,146.34,180.74,93.38,94.53,-999.0,57.11,41.67,92.1,-999.0
1916,-999.0,-999.0,-999.0,158.11,170.81,-999.0,-999.0,88.57,-999.0,-999.0,240.25,167.32,86.82,69.07,103.66,101.83,130.58,115.1,208.65,-999.0,-999.0,43.26,59.37,53.01,123.81,173.32,55.98,129.77,-999,103.56,-999.0,69.74,157.67,-999.0,52.2,89.71,169.7,55.98,68.89,-999.0,158.34,74.08,139.56,205.33,88.5,92.91,-999.0,48.91,60.36,113.4,-999.0
1917,-999.0,-999.0,-999.0,145.57,153.33,-999.0,-999.0,84.35,-999.0,-999.0,225.93,160.17,73.16,86.89,91.79,88.75,116.46,109.23,188.66,-999.0,-999.0,44.5,35.02,42.17,109.4,161.79,71.0,116.57,-999,97.75,-999.0,71.19,147.74,-999.0,35.05,68.8,161.01,82.45,51.43,-999.0,143.02,74.73,124.93,191.05,104.27,91.3,-999.0,67.16,43.36,102.13,-999.0
1918,-999.0,-999.0,-999.0,158.72,165.83,-999.0,-999.0,88.38,-999.0,-999.0,253.94,171.55,94.91,82.79,104.54,102.35,136.9,121.22,194.65,-999.0,-999.0,44.74,54.28,54.15,127.63,171.34,61.9,127.83,-999,118.49,-999.0,74.56,143.79,-999.0,49.55,87.13,167.0,81.83,61.16,-999.0,157.25,85.28,143.58,187.46,107.14,88.74,-999.0,75.02,54.53,105.88,-999.0
1919,-999.0,-999.0,-999.0,172.45,154.69,-999.0,-999.0,98.15,-999.0,-999.0,246.09,183.4,97.25,86.96,115.63,116.68,122.58,131.14,194.61,-999.0,-999.0,48.79,63.06,59.71,124.57,170.4,85.59,143.58,-999,105.18,-999.0,69.31,129.07,-999.0,58.49,103.34,141.53,76.35,68.9,-999.0,166.14,94.88,147.08,167.99,114.86,99.33,-999.0,64.46,68.86,119.19,-999.0
1920,-999.0,-999.0,-999.0,154.29,159.3,-999.0,-999.0,80.34,-999.0,96.0,225.9,166.03,88.93,72.8,114.82,105.7,120.67,107.59,186.88,-999.0,-999.0,48.78,49.88,53.51,112.2,168.01,60.5,123.9,-999,97.85,-999.0,70.72,134.45,-999.0,49.18,86.67,148.31,67.32,56.71,-999.0,149.77,78.51,141.94,184.98,104.01,70.65,-999.0,57.21,64.1,99.44,-999.0
1921,-999.0,-999.0,-999.0,169.79,172.9,-999.0,-999.0,91.64,-999.0,124.0,251.53,179.36,109.46,71.78,123.28,121.48,143.5,135.57,214.2,-999.0,-999.0,55.82,76.94,79.15,135.3,185.11,71.19,140.25,-999,126.58,-999.0,89.01,151.05,-999.0,72.74,111.81,178.0,75.47,85.37,-999.0,163.48,96.26,152.71,208.74,109.04,110.21,-999.0,55.11,87.82,131.8,-999.0
1922,-999.0,-999.0,-999.0,158.22,171.51,-999.0,-999.0,99.33,-999.0,100.0,259.9,174.45,101.4,94.62,124.86,122.44,133.02,129.97,209.02,-999.0,-999.0,49.3,65.7,70.04,132.82,179.81,77.63,140.72,-999,118.16,-999.0,81.76,151.82,-999.0,53.73,104.47,151.09,87.74,73.28,-999.0,165.95,90.87,152.18,199.95,115.42,100.1,-999.0,77.69,68.74,103.02,-999.0
1923,-999.0,-999.0,-999.0,149.34,141.82,-999.0,-999.0,73.23,-999.0,90.0,235.97,163.34,84.12,73.72,97.79,97.65,110.63,115.99,174.22,-999.0,-999.0,35.26,54.5,66.91,105.82,153.98,64.75,130.07,-999,91.9,-999.0,79.65,127.73,-999.0,50.59,91.12,137.0,73.56,68.35,-999.0,154.85,80.81,129.42,173.61,86.51,84.9,-999.0,67.15,66.44,92.65,-999.0
1924,-999.0,-999.0,-999.0,144.22,161.5,-999.0,-999.0,85.01,-999.0,71.0,225.27,153.61,63.46,86.37,87.65,89.15,122.29,100.83,199.12,-999.0,-999.0,41.8,33.22,38.08,112.8,173.34,55.53,117.84,-999,93.01,-999.0,56.99,141.85,-999.0,39.97,68.8,169.0,79.86,43.87,-999.0,143.07,64.95,135.99,189.23,114.67,60.94,-999.0,70.03,33.13,67.99,-999.0
1925,-999.0,-999.0,-999.0,178.68,169.95,-999.0,-999.0,85.77,-999.0,113.0,236.2,182.41,96.72,72.94,117.22,114.57,130.05,131.48,193.26,-999.0,-999.0,44.98,68.11,61.43,126.73,181.07,64.46,148.29,-999,111.7,-999.0,89.37,151.89,-999.0,48.85,95.07,162.86,73.28,70.54,-999.0,174.63,85.64,154.88,198.61,103.48,110.86,-999.0,66.25,67.73,105.05,-999.0
1926,-999.0,-999.0,-999.0,160.09,156.52,-999.0,-999.0,94.4,-999.0,106.0,227.44,162.23,93.29,76.8,104.85,107.28,131.98,121.92,178.46,-999.0,-999.0,35.44,47.41,52.16,118.12,162.94,59.54,139.43,-999,115.02,-999.0,67.85,140.3,-999.0,40.16,88.18,144.32,83.7,60.27,-999.0,160.95,90.16,140.97,175.82,117.62,97.82,-999.0,68.21,53.11,92.02,-999.0
1927,-999.0,-999.0,-999.0,184.19,170.16,-999.0,-999.0,83.78,-999.0,92.0,263.89,185.58,84.84,79.54,93.54,90.14,122.05,118.68,209.24,-999.0,-999.0,38.27,51.22,45.78,107.02,186.97,53.96,134.78,-999,102.2,-999.0,63.57,157.68,-999.0,35.15,82.07,161.18,64.08,58.22,-999.0,158.87,77.59,145.57,215.37,108.89,87.3,-999.0,50.5,53.17,89.81,-999.0
1928,-999.0,-999.0,-999.0,158.24,151.33,-999.0,-999.0,82.24,-999.0,98.0,224.52,154.41,80.21,83.74,97.42,87.8,124.71,106.23,183.36,-999.0,-999.0,41.08,48.19,42.81,110.79,166.65,55.57,125.45,-999,106.53,-999.0,76.05,153.0,-999.0,45.9,85.02,167.17,70.88,61.8,-999.0,146.28,83.42,125.81,189.73,125.39,84.93,-999.0,61.9,49.89,86.86,-999.0
1929,-999.0,-999.0,-999.0,159.06,156.53,-999.0,-999.0,81.52,-999.0,106.0,264.34,159.18,84.39,81.48,98.94,93.21,114.26,116.92,191.94,-999.0,-999.0,51.75,56.67,60.23,108.64,169.67,71.42,120.63,-999,100.62,-999.0,87.56,134.86,-999.0,54.59,83.84,142.71,84.43,76.39,-999.0,144.17,84.38,130.27,192.11,106.27,96.31,-999.0,65.36,61.51,93.8,-999.0
1930,1.01,-999.0,-999.0,163.61,164.08,137.26,120.8,97.28,-999.0,120.0,223.75,161.63,104.91,79.64,123.05,116.49,132.87,141.78,190.01,-999.0,-999.0,64.26,75.92,71.29,130.17,169.13,72.79,136.88,-999,112.09,-999.0,101.28,148.26,-999.0,59.22,109.17,156.39,69.27,89.41,-999.0,156.52,90.33,147.67,186.19,108.7,120.74,-999.0,59.72,82.26,115.5,-999.0
1931,1.15,-999.0,-999.0,164.46,158.65,146.89,134.17,112.11,-999.0,115.0,232.36,175.98,111.52,88.85,120.68,116.49,140.21,132.92,192.0,-999.0,-999.0,62.64,76.61,72.39,131.01,173.25,77.02,144.88,-999,126.91,-999.0,98.16,157.02,-999.0,59.63,102.07,147.23,79.57,82.89,-999.0,172.24,110.35,151.27,181.34,124.36,107.54,-999.0,69.39,79.68,119.73,-999.0
1932,1.07,-999.0,-999.0,159.66,168.06,143.15,126.33,99.12,-999.0,109.0,271.05,163.9,92.66,76.4,114.5,108.92,139.46,117.85,193.54,-999.0,-999.0,62.24,62.57,68.66,131.79,155.87,67.45,130.33,-999,117.92,-999.0,96.75,142.81,-999.0,49.08,102.48,158.08,71.97,77.66,-999.0,154.52,91.52,137.01,187.11,112.02,108.29,-999.0,59.3,78.11,108.6,-999.0
1933,4.06,-999.0,-999.0,162.36,166.12,150.95,122.23,105.96,-999.0,104.0,249.78,159.99,108.44,80.42,122.67,118.79,139.22,130.91,204.11,-999.0,-999.0,60.9,76.88,81.32,130.18,176.28,75.95,144.96,-999,117.05,-999.0,91.1,156.57,-999.0,62.61,105.48,167.94,66.14,81.7,-999.0,163.81,105.19,151.04,212.76,123.07,97.64,-999.0,55.01,91.44,103.28,-999.0
1934,4.81,-999.0,-999.0,172.72,170.7,179.34,137.0,116.14,-999.0,102.0,244.62,170.27,115.25,98.54,121.12,120.69,150.43,132.1,201.46,-999.0,-999.0,57.2,71.63,74.46,130.56,178.57,79.83,140.81,-999,132.76,-999.0,92.12,174.79,-999.0,66.62,118.37,161.09,86.74,90.56,-999.0,162.75,115.6,151.53,207.53,142.67,100.06,-999.0,74.6,83.56,125.97,-999.0
1935,3.61,-999.0,-999.0,183.81,150.95,140.87,124.26,93.57,-999.0,89.0,255.9,182.33,83.06,84.36,95.51,94.96,113.71,111.21,207.25,-999.0,-999.0,54.67,57.33,54.88,102.21,178.78,61.23,134.22,-999,94.46,-999.0,83.72,152.1,-999.0,50.95,83.68,137.7,72.0,74.16,-999.0,169.57,85.28,138.9,188.04,116.62,95.8,-999.0,59.08,61.85,102.25,-999.0
1936,8.98,-999.0,-999.0,173.84,171.97,158.31,138.74,101.42,-999.0,107.0,233.03,170.69,111.71,97.06,127.59,125.51,137.51,146.57,188.2,-999.0,-999.0,53.13,73.32,74.12,140.04,177.78,87.7,142.77,-999,125.96,-999.0,86.91,152.94,-999.0,67.36,114.45,158.53,85.47,93.18,-999.0,168.91,119.73,153.15,186.85,124.62,114.63,-999.0,69.69,81.91,128.64,-999.0
1937,4.47,-999.0,-999.0,160.98,157.88,157.77,132.62,96.36,-999.0,94.0,223.18,158.49,98.37,81.93,107.78,104.36,134.98,126.2,184.17,-999.0,-999.0,74.77,67.23,66.83,128.64,164.76,76.35,128.18,-999,115.71,-999.0,84.59,147.31,-999.0,63.47,91.37,158.24,69.69,73.01,-999.0,153.8,95.59,136.35,190.04,115.98,85.42,-999.0,58.91,78.29,95.06,-999.0
1938,1.92,-999.0,-999.0,185.54,185.14,154.28,126.06,98.15,-999.0,109.0,256.32,180.52,108.29,81.12,122.89,125.14,150.12,139.39,207.43,-999.0,-999.0,57.05,67.45,60.56,139.8,189.41,74.4,142.57,-999,124.0,-999.0,86.29,151.34,-999.0,62.16,99.59,170.16,84.31,82.04,-999.0,170.1,103.1,157.59,210.31,119.01,96.83,-999.0,77.89,62.72,100.77,-999.0
1939,3.04,-999.0,-999.0,172.95,170.28,156.4,147.48,107.55,-999.0,121.0,253.5,171.79,120.2,85.18,132.56,133.24,160.06,148.06,202.57,-999.0,-999.0,64.03,76.13,74.98,147.29,176.07,74.32,155.24,-999,139.5,-999.0,96.97,163.24,-999.0,72.77,120.18,176.7,81.02,97.63,-999.0,170.86,115.1,158.66,206.74,111.32,110.53,-999.0,68.42,83.02,117.2,-999.0
1940,2.54,-999.0,-999.0,150.95,157.29,157.21,138.15,97.18,-999.0,96.0,233.59,159.16,92.4,91.65,111.8,106.15,140.45,122.35,182.9,-999.0,-999.0,50.85,57.55,55.03,126.25,157.51,80.58,135.2,-999,120.52,-999.0,66.77,152.08,-999.0,46.13,89.65,159.39,84.91,63.88,-999.0,153.05,97.69,131.79,190.64,121.69,78.91,-999.0,76.46,59.66,88.74,-999.0
1941,2.42,-999.0,-999.0,179.6,171.6,137.39,116.82,82.36,-999.0,131.0,229.62,183.0,101.88,66.11,124.36,126.16,125.06,148.08,198.48,-999.0,-999.0,72.57,73.58,60.25,133.68,180.75,57.34,159.76,-999,103.34,-999.0,100.99,121.07,-999.0,70.97,114.44,140.16,58.62,96.51,-999.0,179.89,91.87,168.78,177.78,92.99,121.91,-999.0,54.0,75.33,123.65,-999.0
1942,4.51,-999.0,-999.0,175.87,160.23,154.7,127.05,92.92,-999.0,117.0,247.62,176.53,90.06,75.45,111.12,111.47,124.44,134.01,192.55,-999.0,-999.0,56.34,62.94,40.74,120.96,178.32,55.06,152.21,-999,101.29,-999.0,89.14,143.21,-999.0,55.5,103.68,144.55,72.61,81.76,-999.0,176.77,72.4,151.92,180.17,117.61,98.33,-999.0,64.78,55.85,105.07,-999.0
1943,3.55,-999.0,-999.0,169.54,163.15,168.21,132.28,100.1,-999.0,86.0,248.55,167.23,87.28,79.7,106.06,104.48,133.53,127.06,189.8,-999.0,-999.0,42.56,61.87,63.56,113.21,179.62,65.84,146.2,-999,109.33,-999.0,87.73,152.6,-999.0,60.46,95.51,159.39,74.95,85.69,-999.0,154.7,90.4,143.79,192.15,126.12,114.05,-999.0,64.67,69.24,109.93,-999.0
1944,1.47,-999.0,-999.0,169.61,163.93,151.45,122.95,96.4,-999.0,115.0,254.01,164.69,93.9,74.71,117.59,117.53,131.47,129.83,192.19,-999.0,-999.0,62.52,72.96,55.62,127.15,175.89,52.42,145.86,-999,107.39,-999.0,96.85,146.11,-999.0,72.44,108.75,155.0,71.96,90.18,-999.0,167.18,84.73,145.42,184.27,110.6,109.06,-999.0,65.5,74.59,110.28,-999.0
1945,0.51,-999.0,-999.0,182.93,152.86,154.72,129.77,87.21,-999.0,107.0,267.54,180.04,71.05,70.8,88.87,89.05,123.12,115.76,207.82,-999.0,-999.0,54.31,49.57,39.87,106.41,182.21,60.96,148.58,-999,91.88,-999.0,86.25,148.82,-999.0,64.79,88.18,138.08,83.17,80.08,-999.0,181.48,73.59,143.7,190.16,105.55,111.01,-999.0,66.13,47.71,109.98,-999.0
1946,4.47,-999.0,-999.0,171.31,152.79,154.03,127.06,94.43,-999.0,95.0,260.37,170.28,79.33,77.54,104.94,103.51,126.95,112.28,195.21,-999.0,-999.0,48.37,65.46,52.3,115.75,174.33,60.98,132.03,-999,98.64,-999.0,80.19,153.57,-999.0,54.65,86.78,152.32,60.49,70.3,-999.0,164.68,86.2,133.42,188.29,122.68,79.39,-999.0,50.51,63.82,96.02,-999.0
1947,3.49,-999.0,-999.0,165.84,154.32,156.82,133.98,95.55,-999.0,106.0,259.18,162.1,97.23,72.89,109.68,107.01,133.45,119.29,193.53,-999.0,-999.0,68.92,72.97,67.78,128.79,171.0,61.82,135.56,-999,108.79,-999.0,88.76,144.18,-999.0,69.01,94.29,-999.0,65.55,91.94,-999.0,160.22,88.02,143.55,190.73,116.88,91.91,-999.0,63.11,76.96,106.58,-999.0
1948,2.21,-999.0,-999.0,165.83,166.18,162.75,113.06,104.67,-999.0,104.0,275.79,170.56,94.9,75.39,109.92,110.31,139.47,123.94,207.93,-999.0,-999.0,60.97,64.0,58.76,124.73,180.02,59.32,134.62,-999,112.86,-999.0,79.79,151.56,-999.0,57.72,91.34,161.85,50.18,77.93,-999.0,161.94,86.05,146.05,200.11,123.48,78.26,-999.0,50.28,77.01,88.86,-999.0
1949,0.91,-999.0,-999.0,162.83,153.04,163.93,138.87,91.2,-999.0,112.0,263.59,167.74,96.33,87.11,109.95,105.58,124.55,110.82,191.69,-999.0,-999.0,66.1,79.11,67.21,122.49,175.7,73.14,131.65,-999,100.93,-999.0,91.98,138.33,-999.0,82.09,102.82,146.08,71.41,93.78,-999.0,164.59,95.31,135.8,186.2,112.4,86.96,-999.0,68.96,77.2,98.42,-999.0
1950,5.82,239.4,326.25,161.01,148.58,181.84,137.0,91.2,49.8,89.0,259.66,168.37,73.27,75.97,98.31,91.69,124.13,100.21,204.59,59.44,84.5,49.56,50.91,45.8,110.35,171.36,45.65,132.94,-999,95.3,51.84,69.94,158.25,111.42,44.77,75.42,158.01,76.47,58.49,45.33,169.5,72.78,131.75,203.23,118.57,62.52,47.93,64.4,46.3,63.59,58.0
1951,4.31,244.66,-999.0,171.07,158.9,159.44,130.9,84.65,54.15,117.0,248.1,168.03,64.89,61.84,96.0,107.91,104.6,127.06,201.87,56.64,105.21,43.33,49.27,31.68,96.28,180.4,42.31,138.59,-999,73.62,42.81,85.72,145.04,112.37,51.67,96.53,147.01,84.74,79.55,45.72,164.15,53.03,146.24,198.16,112.18,95.56,47.05,65.81,39.14,100.27,50.97
1952,2.15,174.92,360.44,166.71,161.79,162.14,134.22,103.49,65.94,109.0,238.52,164.55,95.19,87.75,118.71,117.62,140.97,133.11,192.88,70.2,102.68,69.06,69.44,61.9,137.25,172.44,68.69,138.43,-999,117.96,60.0,84.6,145.53,119.8,60.38,102.32,155.85,80.51,80.59,66.84,161.28,103.59,145.9,187.82,123.88,100.31,56.56,71.23,70.81,105.18,82.11
1953,6.7,214.77,358.04,171.52,164.14,157.39,119.91,103.88,63.71,117.0,251.22,169.36,109.36,75.43,128.99,123.35,145.19,142.72,194.43,65.65,107.91,63.37,71.39,66.76,143.33,178.47,71.12,149.51,-999,130.86,57.54,84.65,144.53,108.55,61.52,107.31,158.31,56.66,79.96,54.19,174.25,96.55,157.19,189.33,119.88,109.67,62.9,53.87,75.95,113.42,80.7
1954,1.25,250.29,358.93,175.67,170.06,175.12,130.74,108.86,45.87,123.0,236.82,182.07,96.03,67.28,118.25,116.5,140.79,138.68,200.48,48.96,115.86,35.81,57.62,51.85,138.54,177.61,56.28,151.94,-999,118.23,38.21,85.55,158.22,113.85,49.34,100.61,168.85,47.64,80.22,42.05,173.5,83.9,153.69,203.22,125.86,116.3,35.58,41.64,60.17,105.12,80.96
1955,3.43,176.37,362.71,175.4,173.45,158.44,125.25,100.31,66.78,106.0,248.35,180.58,108.35,72.02,114.54,107.64,141.47,139.94,216.95,67.15,99.16,65.35,79.59,75.88,129.72,191.2,65.0,135.94,-999,123.16,61.28,84.84,149.9,102.61,74.19,99.07,164.85,56.31,87.24,56.51,174.23,109.95,153.2,212.11,111.17,95.14,66.54,46.4,80.56,99.7,77.69
1956,1.96,245.29,348.01,163.48,170.95,172.25,129.92,114.57,52.95,102.0,254.17,167.11,108.13,79.66,122.11,108.5,158.21,125.65,207.96,59.45,91.26,30.43,55.13,50.72,150.88,175.01,69.32,125.71,-999,135.53,45.0,74.36,166.0,116.65,42.24,82.37,176.84,69.39,62.47,49.54,157.88,105.26,143.0,206.71,130.01,99.12,39.0,60.25,56.53,80.89,82.51
1957,7.62,221.25,357.82,153.71,148.06,146.41,117.71,81.04,61.95,119.0,249.47,153.35,82.17,83.69,100.61,100.8,113.99,130.72,179.96,66.36,113.82,51.52,54.98,50.88,117.98,156.17,65.53,131.26,-999,98.18,52.97,93.34,130.08,105.66,53.63,92.45,127.23,68.59,80.61,60.93,150.43,75.47,142.99,164.81,103.39,105.58,51.95,58.12,59.17,108.88,65.99
1958,4.28,231.72,349.67,160.98,146.75,163.85,136.08,106.25,44.18,105.0,224.01,170.52,82.63,93.79,94.97,84.63,129.52,118.89,181.93,45.7,88.81,37.27,51.23,50.59,118.4,161.05,67.42,130.4,-999,109.04,43.12,69.08,138.02,128.23,39.43,69.52,148.69,89.78,62.57,38.07,160.66,89.43,141.37,170.51,132.6,98.62,37.63,81.44,53.95,81.5,75.69
1959,2.87,251.48,354.38,162.52,158.71,164.81,139.46,99.94,76.35,131.0,251.41,168.36,96.49,72.1,122.16,120.39,130.75,139.99,184.95,76.64,122.7,60.77,81.51,69.32,130.0,163.15,64.78,141.11,-999,110.42,67.49,101.68,150.24,113.28,82.17,114.94,152.77,62.61,99.73,70.85,166.47,99.64,150.23,183.26,117.84,118.36,80.55,45.83,74.59,118.31,75.89
1960,3.42,262.84,362.05,156.91,159.81,166.9,138.88,100.29,53.5,126.0,249.98,167.17,83.46,87.66,106.67,106.26,130.93,132.75,191.73,57.72,104.0,55.78,55.24,59.07,125.29,164.09,71.9,130.53,-999,103.8,51.96,82.22,148.1,130.49,48.22,90.21,151.23,81.24,74.43,48.2,165.56,87.14,143.16,188.7,129.01,107.0,49.53,58.19,58.95,96.85,74.77
1961,1.17,279.59,351.75,146.72,147.19,160.03,126.95,90.07,59.49,114.0,263.35,162.57,84.54,87.38,103.08,99.33,114.13,115.28,178.73,64.87,104.29,58.77,59.9,70.53,106.56,154.34,83.9,123.45,-999,100.68,55.83,89.52,140.49,116.23,60.97,83.92,138.16,79.59,83.74,58.99,157.3,96.37,130.49,183.78,115.33,96.76,59.57,69.72,65.45,85.57,76.17
1962,5.01,275.8,354.79,168.03,164.92,167.42,129.44,97.62,52.87,110.0,240.9,176.42,93.44,77.46,121.3,114.08,143.4,135.24,190.89,53.42,103.69,34.01,65.37,48.96,136.65,171.61,57.95,134.36,-999,112.33,45.38,80.3,151.86,118.77,53.69,102.04,161.3,66.5,82.41,38.86,165.3,76.3,151.99,194.12,123.48,104.1,42.44,51.78,61.04,101.09,66.53
1963,2.02,300.28,357.5,169.43,183.87,166.91,116.45,111.87,54.74,116.0,246.29,173.31,102.38,86.45,122.11,111.23,162.6,137.54,212.16,60.06,101.98,49.53,60.62,67.09,147.09,188.25,76.11,126.35,-999,125.63,56.81,86.12,162.38,111.92,46.96,95.24,180.77,63.4,75.19,47.88,155.49,102.32,162.66,215.84,124.49,111.11,44.04,60.93,74.48,83.93,77.51
1964,1.54,252.59,360.67,150.53,150.86,152.84,125.28,96.87,57.4,117.0,246.77,157.07,89.21,64.67,112.5,107.31,132.43,119.62,187.51,51.81,101.59,31.77,62.92,57.07,119.83,161.98,59.49,125.6,-999,104.6,49.17,85.38,153.45,112.84,57.31,90.67,145.54,52.89,77.4,45.88,149.67,89.66,132.88,182.63,110.96,107.45,48.97,42.06,66.91,100.59,65.66
1965,0.88,236.54,339.62,164.74,169.0,152.08,121.53,78.9,64.97,118.0,252.09,167.84,83.04,63.02,116.61,110.58,130.86,134.54,191.4,63.24,105.24,51.47,45.61,39.86,129.21,171.54,50.36,128.77,-999,93.73,52.66,85.32,136.0,102.52,51.96,89.35,151.54,68.62,73.59,65.23,158.87,74.82,147.7,185.05,90.78,108.56,47.87,54.35,48.24,103.89,48.77
1966,2.14,266.01,344.86,143.95,145.54,169.74,137.93,98.94,68.47,103.0,227.69,152.09,87.43,92.37,97.23,89.49,136.47,105.98,175.53,67.06,99.23,52.79,65.21,65.18,108.05,157.96,77.04,116.76,-999,109.15,58.0,82.7,155.94,122.02,59.5,81.7,148.3,77.76,77.31,62.15,147.53,88.66,123.62,179.46,124.93,99.78,56.8,57.65,65.19,94.38,79.51
1967,3.39,299.74,358.61,156.96,155.84,158.59,131.09,85.06,54.82,105.0,261.7,162.94,80.84,95.82,93.64,92.05,127.44,105.07,192.22,61.77,92.58,49.59,51.63,47.9,112.81,163.29,77.85,112.67,-999,99.33,53.95,77.14,148.99,108.21,47.89,76.96,153.7,99.02,64.68,47.58,146.89,82.23,128.72,197.29,106.45,84.05,58.63,78.67,50.18,73.43,67.73
1968,6.2,308.65,353.12,156.98,148.47,149.31,125.63,85.96,57.66,112.0,238.23,167.32,86.13,67.8,99.35,89.59,128.1,118.13,176.87,59.78,102.96,42.26,56.56,45.29,110.33,163.07,51.99,128.56,-999,106.59,41.48,81.25,142.75,100.8,50.26,77.02,141.77,63.84,68.18,56.39,154.46,75.93,132.84,174.05,104.52,95.4,48.4,51.0,54.12,85.54,56.8
1969,4.14,285.65,342.23,148.79,157.92,156.14,128.56,90.15,56.06,102.0,217.2,156.82,85.29,86.02,104.8,100.42,121.98,129.74,180.67,59.01,99.94,41.75,65.92,62.56,117.72,157.86,69.2,126.11,-999,103.91,39.75,75.91,140.18,119.27,54.16,85.97,134.23,75.38,76.46,54.23,145.5,89.44,138.75,173.57,122.77,95.98,56.26,59.76,65.63,95.2,78.34
1970,0.98,297.78,340.49,157.05,155.91,148.49,128.87,91.37,65.48,117.0,243.01,170.25,101.01,83.6,109.26,105.62,137.11,129.6,173.03,70.88,117.97,51.54,70.09,77.19,127.53,163.25,76.47,141.39,-999,121.47,59.22,85.43,136.31,107.12,57.86,100.53,148.39,85.69,86.34,61.88,160.97,103.55,138.83,176.21,110.77,118.46,61.3,61.34,81.59,109.91,77.07
1971,4.03,275.11,354.72,161.57,163.35,151.51,119.31,89.62,63.72,101.0,260.17,168.46,98.72,76.44,114.54,99.41,134.97,127.22,186.9,73.06,99.79,49.73,71.68,58.42,127.02,171.28,65.29,123.13,-999,109.58,54.9,74.62,145.39,105.95,55.0,86.0,156.84,66.57,77.24,65.82,158.95,89.97,143.08,191.67,107.81,94.8,63.34,54.26,66.81,89.15,73.37
1972,4.94,277.14,361.74,162.38,160.5,165.62,127.76,91.51,49.79,93.0,275.45,164.62,81.86,75.86,94.33,86.56,137.07,111.05,184.35,49.17,79.86,35.86,52.37,54.92,121.32,171.71,57.34,109.84,-999,103.6,36.1,65.02,157.99,109.3,39.19,65.9,165.3,77.2,61.17,43.62,147.28,83.06,133.02,199.78,112.94,78.72,43.84,60.84,57.24,72.85,61.23
1973,0.73,293.78,355.68,166.56,148.73,156.29,127.06,84.81,59.66,108.0,258.28,154.84,84.24,81.36,101.91,99.13,123.34,126.71,183.55,64.62,100.86,51.01,63.85,55.87,115.07,172.23,70.59,134.43,-999,102.21,52.07,81.04,140.94,115.45,63.87,84.63,136.53,76.57,71.0,61.59,157.55,89.28,131.57,175.39,108.3,100.39,66.84,56.54,59.42,91.56,65.12
1974,2.22,326.98,361.81,159.54,141.99,161.78,133.38,95.62,59.79,106.0,275.15,171.11,73.11,86.71,83.24,80.55,121.98,106.95,185.0,62.5,89.18,38.39,52.0,55.53,100.36,161.83,63.7,120.74,-999,100.85,46.3,77.1,137.79,126.25,45.8,73.68,141.7,84.33,63.52,56.94,161.1,88.38,122.47,186.09,126.56,81.49,49.68,65.1,53.01,81.41,74.83
1975,3.19,271.36,354.26,160.34,150.13,146.14,120.14,88.79,55.57,113.0,277.64,169.59,89.49,66.24,98.8,96.8,132.1,114.2,189.45,62.54,94.01,48.97,60.37,61.79,124.85,160.42,46.51,128.85,-999,110.49,56.36,72.37,136.19,107.76,56.6,84.64,140.69,71.88,72.6,56.79,155.82,89.85,131.29,187.49,104.84,95.13,69.54,54.39,65.42,90.49,65.78
1976,3.0,259.45,356.5,144.61,139.07,150.11,128.34,83.69,59.04,117.0,244.8,152.33,99.25,66.56,99.35,93.2,132.93,104.46,170.63,66.32,97.02,39.94,67.25,83.83,119.33,151.53,67.28,118.56,-999,110.88,50.69,76.49,140.79,95.98,45.02,77.01,141.69,62.67,65.53,57.26,143.87,108.26,120.41,166.24,110.53,93.24,52.2,47.54,80.82,76.15,73.48
1977,7.7,334.11,351.01,164.11,167.57,161.63,128.34,103.53,61.2,127.0,241.75,172.27,100.25,77.77,115.52,113.48,142.01,138.44,196.2,65.31,109.93,35.03,58.89,56.46,135.98,171.52,61.37,139.05,-999,110.12,50.63,84.37,152.51,113.62,51.08,98.22,161.61,69.05,76.67,67.19,166.26,97.1,150.46,193.42,116.43,103.79,52.59,53.07,65.81,91.37,80.73
1978,2.21,306.48,348.06,181.43,162.92,163.45,128.73,96.1,54.08,100.0,248.69,177.24,97.52,64.91,108.31,97.11,138.61,120.24,201.57,59.6,101.28,47.23,60.56,62.38,124.75,178.59,52.5,136.25,-999,110.13,55.32,62.21,154.7,107.61,54.65,87.14,157.92,57.67,68.52,49.73,164.78,91.75,142.26,192.65,117.39,104.84,58.47,43.17,61.3,91.83,73.06
1979,1.82,282.04,340.67,149.57,138.43,156.85,127.95,97.77,54.75,92.0,245.67,152.92,89.08,91.89,103.66,87.5,137.77,103.8,179.15,57.47,83.05,32.71,49.5,52.76,119.4,156.5,76.11,105.16,-999,108.72,47.28,67.51,143.17,128.04,52.99,71.07,148.46,75.01,60.82,50.44,139.23,85.55,117.73,176.46,127.19,80.52,59.82,62.28,57.2,79.03,75.15
1980,1.66,319.55,354.07,137.01,152.19,158.46,118.36,103.34,61.91,116.0,238.09,154.63,105.09,65.46,114.48,108.55,141.32,116.83,179.55,60.49,106.14,45.49,59.1,78.77,127.32,158.01,56.27,132.85,-999,122.71,51.77,87.05,139.75,111.63,54.94,90.54,149.93,64.01,84.74,66.4,153.88,106.08,135.73,184.97,110.12,104.16,52.85,50.85,68.85,96.39,74.39
1981,0.61,309.62,357.03,152.06,149.98,164.21,132.21,93.63,58.27,101.0,244.61,165.13,89.91,77.41,94.73,89.24,132.64,113.49,187.34,59.03,95.99,43.04,49.4,48.35,118.22,166.83,70.48,130.01,-999,106.2,43.67,85.16,126.97,119.26,41.12,74.67,153.46,63.79,67.11,66.25,154.91,90.67,132.78,180.87,116.22,102.15,43.73,56.13,50.2,94.12,76.95
1982,2.55,244.83,361.3,155.46,155.86,148.21,111.64,78.52,48.08,104.0,275.76,165.05,74.13,67.79,96.21,93.34,116.62,122.6,189.23,48.67,96.77,32.75,50.13,47.87,111.84,166.13,57.92,125.8,-999,88.59,43.77,71.84,135.92,94.32,36.32,83.55,148.61,56.17,65.29,46.38,158.98,71.41,143.99,181.04,101.53,98.14,49.81,56.29,51.14,92.17,63.0
1983,3.35,283.53,359.66,144.83,142.24,146.0,117.34,91.08,72.7,111.0,227.29,147.53,100.05,63.94,105.72,106.66,121.43,117.88,171.22,73.89,102.52,55.18,74.07,69.12,113.43,154.72,65.42,123.85,-999,100.69,62.59,91.36,141.5,98.62,64.91,91.26,135.16,50.27,87.2,80.94,141.79,87.6,128.31,177.48,105.85,98.55,68.06,47.79,74.64,97.37,72.48
1984,1.72,300.93,352.19,164.05,146.09,154.65,131.72,91.04,60.2,116.0,249.29,168.05,91.53,71.49,97.43,92.91,124.3,122.1,186.89,62.66,101.78,47.76,59.41,60.47,114.33,169.62,69.82,125.06,-999,105.26,55.19,81.15,137.53,106.02,47.8,80.67,124.48,69.6,62.9,55.01,158.84,85.19,138.92,183.47,115.2,97.12,60.05,52.81,58.95,99.4,70.88
1985,1.78,218.38,349.08,166.54,151.74,154.59,124.11,90.26,52.52,120.0,264.28,172.54,87.92,70.73,96.0,99.41,112.01,121.72,194.31,58.36,109.18,36.22,53.01,47.27,102.2,171.76,63.67,143.45,-999,97.77,53.83,89.59,139.98,104.59,43.91,84.99,137.17,69.27,75.17,59.43,175.64,80.26,138.74,183.45,113.13,101.12,46.06,56.7,56.3,97.23,71.18
1986,4.09,306.21,353.63,168.35,152.51,152.61,123.07,86.85,48.72,119.0,254.53,165.82,87.7,78.87,108.12,102.9,133.97,136.72,188.77,49.0,107.51,22.97,49.95,52.43,128.57,170.92,63.88,142.62,-999,101.41,43.54,89.68,144.12,111.48,38.67,92.32,148.7,75.94,72.67,47.13,170.13,73.98,147.85,182.36,115.53,115.29,37.68,60.57,50.95,100.35,66.2
1987,2.8,270.94,352.83,161.65,164.1,151.06,131.28,98.38,52.91,109.0,225.34,161.59,104.41,93.91,115.25,114.69,134.01,142.98,188.8,57.61,108.76,33.22,69.83,75.01,131.8,173.71,68.59,132.41,-999,112.29,48.41,81.33,137.63,130.07,48.59,97.12,153.77,86.06,76.74,59.97,157.84,96.96,149.59,181.83,126.23,107.56,49.6,69.78,68.82,102.76,71.45
1988,3.25,311.22,350.81,147.51,148.4,157.21,137.64,106.84,62.01,102.0,242.98,136.12,114.5,94.79,119.02,108.25,138.59,109.22,182.52,61.64,98.05,44.75,71.33,85.21,128.22,158.09,88.53,118.26,-999,118.64,55.33,80.2,142.48,121.19,55.07,87.53,132.86,80.28,76.16,62.98,145.79,108.49,127.73,195.15,129.33,96.04,52.79,63.33,85.2,95.66,90.99
1989,2.91,269.61,348.84,151.58,143.13,174.35,129.32,98.08,49.13,110.0,276.69,157.72,93.06,73.98,93.66,87.19,131.05,110.08,188.58,61.07,100.26,39.9,53.92,71.78,113.45,153.27,58.92,126.94,-999,110.43,55.07,83.82,164.01,116.16,43.73,68.34,149.24,68.18,63.91,59.9,160.14,96.11,125.11,195.82,128.78,89.76,53.06,52.29,54.95,78.61,71.81
1990,7.7,278.25,357.52,162.53,141.6,154.52,134.75,93.64,54.09,110.0,279.95,173.93,82.72,84.12,92.1,87.93,125.8,109.12,180.61,63.25,110.67,45.72,51.32,65.58,107.91,164.01,74.19,137.94,-999,102.84,53.97,91.49,147.02,110.2,47.97,67.54,144.08,73.14,66.18,63.64,175.84,89.99,132.77,174.53,119.51,99.49,54.88,58.96,55.38,82.61,75.13
1991,3.74,291.41,355.36,161.16,150.62,150.07,126.05,98.81,73.21,127.0,258.77,166.26,99.89,77.19,122.72,122.05,146.32,126.24,179.77,75.25,124.6,53.71,76.92,66.44,131.73,160.39,69.72,139.34,-999,115.33,58.9,103.96,145.96,115.49,67.28,105.8,149.63,80.0,102.01,82.56,166.32,89.85,141.23,182.75,111.89,112.23,56.96,56.76,71.51,119.19,70.05
1992,2.12,298.47,349.5,146.35,134.02,149.63,135.33,93.18,39.97,76.0,230.57,145.33,60.49,88.64,84.53,71.09,110.9,96.07,166.6,45.23,87.37,31.72,30.1,34.02,96.25,146.99,61.51,109.02,-999,80.73,42.2,72.38,145.86,124.81,30.13,51.03,124.09,89.33,43.94,48.67,144.02,60.98,112.76,176.37,120.27,71.09,39.82,64.58,31.95,72.87,62.56
1993,6.09,275.01,340.4,152.45,133.25,152.96,118.68,82.7,66.56,105.0,232.26,159.91,60.95,51.84,83.35,84.07,105.88,106.12,166.31,68.79,105.84,37.47,47.94,31.36,94.14,145.62,30.43,133.05,-999,77.53,55.72,94.46,139.87,104.58,49.68,76.79,130.24,60.69,75.21,75.43,158.64,47.14,124.57,171.2,111.66,98.77,55.46,47.03,38.12,91.56,40.67
1994,3.96,285.3,357.23,150.03,147.66,153.25,123.49,102.67,61.22,103.0,259.78,150.85,84.79,91.92,98.39,97.46,141.97,114.4,181.35,65.32,104.17,46.49,52.1,51.04,107.8,161.73,79.75,116.92,-999,111.77,53.13,88.47,152.24,118.38,44.6,71.79,159.7,86.82,63.76,58.99,157.12,85.03,126.73,180.07,134.45,87.44,52.76,67.44,52.41,76.98,87.07
1995,3.18,333.84,348.7,156.71,147.48,151.76,120.3,79.17,66.71,109.0,240.95,151.8,79.69,66.23,102.06,101.34,110.13,119.18,185.01,69.21,114.97,49.19,68.12,60.76,106.29,162.38,56.97,122.75,-999,88.87,60.54,90.26,142.91,102.6,65.02,78.77,136.23,72.21,75.8,67.19,158.85,76.09,135.12,183.52,106.9,89.31,60.17,54.25,70.09,89.32,61.34
1996,2.13,302.36,346.64,148.99,138.05,165.14,133.2,99.55,50.0,95.0,238.61,152.69,71.2,77.72,91.13,85.49,120.01,103.84,180.09,54.75,101.38,37.2,50.78,51.19,104.77,154.7,69.8,121.55,-999,88.49,45.76,79.91,152.52,120.25,38.94,68.76,150.47,73.98,60.41,50.32,158.04,76.64,124.37,193.34,130.95,85.87,44.07,53.24,48.23,76.73,78.76
1997,5.71,311.21,343.96,138.46,137.28,160.52,131.48,90.81,51.82,89.0,248.61,144.7,82.19,73.21,83.78,82.27,120.04,95.63,170.09,56.67,96.96,35.0,47.02,55.03,102.34,141.72,61.01,115.05,-999,103.27,43.56,80.03,146.09,118.71,37.97,60.58,135.76,72.26,52.91,61.75,146.65,81.48,114.28,167.29,117.03,81.88,37.93,59.36,42.97,68.52,61.52
1998,1.8,246.71,351.61,171.11,155.32,143.92,103.5,100.41,68.91,113.0,257.85,167.99,92.23,77.9,110.71,113.13,134.77,130.11,191.1,71.64,116.4,40.73,75.65,69.28,121.12,171.03,72.44,134.34,-999,107.8,53.09,93.96,153.2,88.2,58.07,91.62,152.47,76.28,88.78,73.77,165.97,86.69,148.65,186.43,109.27,111.42,52.37,65.66,70.57,100.24,70.57
1999,4.74,214.34,347.41,151.62,155.46,156.04,123.78,86.78,63.83,93.0,240.76,150.17,77.31,70.88,102.5,104.19,117.54,125.4,196.47,72.49,101.91,55.7,67.28,53.1,111.9,169.25,55.52,115.46,-999,91.26,59.25,86.61,149.75,115.56,59.8,85.63,135.86,73.34,78.55,72.31,151.39,72.01,146.93,198.22,120.84,83.95,68.19,57.58,55.33,99.6,62.17
2000,0.99,267.0,348.38,167.53,147.92,161.84,121.17,106.6,44.92,89.0,250.88,153.43,89.35,69.28,96.89,91.13,131.37,120.48,199.49,48.75,94.65,21.2,47.37,57.24,118.06,170.41,68.93,126.1,-999,112.0,41.19,73.53,159.36,121.69,32.8,64.62,138.31,70.63,54.69,63.01,153.19,86.37,145.41,189.14,132.32,84.25,32.49,51.59,48.18,79.23,82.52
2001,0.99,254.48,353.35,151.95,142.35,167.13,140.35,107.94,61.43,109.0,253.98,154.69,85.5,91.47,104.52,103.98,132.23,113.92,181.31,70.52,108.78,51.24,61.21,61.94,116.9,160.21,78.71,129.27,-999,103.48,57.46,92.6,167.49,140.1,57.03,71.94,152.61,82.86,71.22,71.75,162.23,88.82,131.73,174.17,137.8,101.01,57.66,58.65,58.77,86.02,86.77
2002,5.48,285.64,353.55,156.87,147.22,165.62,128.91,102.86,70.37,125.0,250.62,165.49,95.97,76.77,110.76,113.36,127.09,129.65,177.43,70.12,118.69,48.22,76.73,65.31,118.01,163.22,64.08,136.21,-999,109.56,62.17,101.99,161.46,116.75,64.52,101.47,140.39,73.81,87.69,76.05,159.91,89.47,142.5,173.54,121.78,106.16,60.02,58.13,67.38,106.25,77.38
2003,4.06,300.51,357.01,147.81,141.72,161.8,133.47,103.76,50.85,91.0,253.07,148.78,91.78,100.18,94.87,84.26,121.34,99.82,189.85,58.76,86.87,39.95,56.64,67.14,102.89,163.1,78.87,111.89,-999,110.28,48.7,79.03,159.71,126.8,45.49,59.18,147.7,88.36,50.52,65.17,145.29,92.92,121.87,181.06,130.46,80.21,50.42,74.09,64.29,69.36,79.96
2004,10.29,309.04,348.05,161.49,153.2,157.23,133.32,92.67,51.09,110.0,240.69,159.58,71.92,75.08,96.4,94.8,124.12,114.04,192.08,55.2,105.2,26.73,49.1,39.86,103.92,170.75,52.62,127.57,-999,97.89,42.04,86.5,136.13,115.72,39.26,64.15,144.47,77.34,61.32,58.4,159.54,69.53,134.78,176.87,117.61,94.29,41.9,64.2,43.08,95.56,56.56
2005,4.79,315.21,333.01,160.04,158.16,150.66,114.2,95.86,72.0,115.0,226.05,159.59,99.72,70.45,117.24,111.7,132.5,130.73,173.14,73.69,110.73,57.53,77.22,57.81,130.17,165.51,58.18,130.76,-999,112.77,64.02,102.11,147.4,103.36,72.68,95.51,152.61,64.61,90.7,83.11,153.36,94.36,141.98,186.96,107.03,100.15,71.9,54.15,72.65,112.38,72.35
2006,0.56,270.84,353.36,162.02,151.9,152.14,125.0,92.5,61.27,113.0,245.56,152.98,90.81,92.18,98.31,91.16,137.44,106.62,190.89,60.4,98.59,41.96,57.37,71.36,118.66,171.6,80.45,123.85,-999,114.6,52.47,84.52,140.23,118.83,41.95,71.28,165.84,79.07,63.17,71.2,153.07,100.23,129.99,201.15,118.56,88.87,51.12,64.1,60.62,73.69,83.83
2007,3.37,293.77,350.2,180.89,159.89,170.72,132.1,102.55,72.47,129.0,249.16,171.21,102.51,86.82,127.38,131.1,132.21,157.07,196.12,73.17,126.75,45.5,74.64,72.2,132.52,185.0,77.54,149.57,-999,107.39,59.38,98.13,163.14,127.07,62.92,96.18,145.85,70.52,90.55,86.81,170.7,93.89,168.38,184.53,126.23,113.53,51.3,56.47,71.96,107.52,86.72
2008,1.29,285.05,349.87,153.42,127.96,160.25,138.79,91.32,58.39,113.0,238.01,147.3,79.07,80.59,97.0,100.63,116.25,133.82,177.87,58.9,106.88,28.91,53.33,54.1,99.46,156.63,66.31,121.63,-999,93.58,46.95,93.18,150.71,121.5,43.89,86.15,147.55,74.51,71.64,69.74,149.77,76.41,136.66,187.99,115.11,91.67,38.53,56.77,48.19,82.98,71.12
2009,5.1,239.33,348.14,133.57,117.83,159.28,128.4,81.84,46.18,-999.0,234.19,142.48,56.87,81.2,79.29,79.64,105.65,105.11,171.49,43.51,101.91,25.76,33.9,39.32,90.96,151.68,65.28,122.69,-999,79.05,35.47,74.7,145.38,119.43,29.45,69.27,131.55,80.26,49.95,47.48,144.52,67.71,119.94,181.72,115.32,80.5,30.1,71.19,33.42,70.38,61.47
2010,2.43,298.19,343.01,171.97,161.63,156.68,110.9,99.31,80.04,133.0,224.76,171.67,98.47,70.68,119.82,123.55,132.4,146.74,191.03,79.51,122.78,47.99,71.19,61.84,125.34,176.83,50.92,144.3,-999,109.37,64.89,103.26,155.61,111.4,65.02,107.6,157.08,61.56,88.86,86.61,165.82,78.73,156.44,186.32,117.47,118.14,58.22,47.39,65.23,109.72,69.56
2011,1.48,285.74,349.6,157.55,151.7,159.27,115.8,98.77,69.54,132.0,247.47,165.0,89.19,81.11,104.85,97.14,133.0,118.3,203.97,70.22,113.63,42.41,63.84,61.23,120.1,169.1,71.11,135.82,-999,100.03,59.08,84.08,163.44,114.14,57.24,90.16,164.47,64.72,76.12,86.41,163.84,83.91,139.02,205.64,111.77,97.89,53.54,51.03,61.16,94.13,78.71
2012,1.01,282.43,359.55,169.56,159.75,180.36,135.82,113.29,69.87,115.0,259.0,184.68,106.2,89.76,117.1,115.13,144.25,132.89,206.1,75.85,112.68,55.38,79.15,74.5,126.94,170.99,82.42,127.25,-999,130.22,66.72,89.03,177.34,138.11,63.17,103.76,164.16,79.23,82.57,76.17,172.49,110.62,148.17,209.32,131.31,94.84,61.51,57.17,76.5,93.32,91.67
2013,8.98,281.87,351.34,138.16,138.58,166.26,138.27,96.7,60.01,103.0,251.48,137.27,83.32,90.0,98.51,91.82,124.42,118.91,169.65,64.78,101.98,37.15,53.53,53.65,102.21,150.07,72.0,110.32,-999,99.96,50.43,82.07,148.35,118.76,45.9,77.6,148.16,82.23,62.09,71.09,142.73,83.28,128.02,180.33,112.58,83.08,46.22,62.17,55.82,72.05,83.15
2014,0.82,295.75,350.65,154.65,138.21,163.06,147.25,91.78,57.64,106.0,240.52,148.08,67.02,79.96,92.09,90.52,130.82,119.09,177.88,62.34,97.34,42.39,41.9,45.4,109.78,159.06,61.02,122.16,-999,99.12,50.32,77.81,153.95,126.88,41.86,74.96,157.24,89.99,57.36,67.35,155.34,72.63,134.77,183.7,119.38,82.35,48.21,64.68,41.26,73.5,63.55
2015,5.26,321.58,358.03,150.29,150.04,165.43,147.89,96.32,82.05,119.0,264.18,170.25,75.54,95.55,97.37,99.87,129.48,127.52,201.03,85.03,114.61,48.09,53.95,62.52,108.93,162.73,72.55,130.13,-999,100.88,65.99,102.79,145.63,126.46,57.24,89.69,148.01,94.63,78.28,93.94,155.48,88.25,136.58,190.89,122.66,98.79,59.69,67.12,49.18,95.19,77.43
2016,3.54,317.81,355.4,176.18,154.67,177.57,130.46,98.28,88.62,118.0,258.46,177.22,88.69,76.76,114.49,114.69,135.06,142.01,200.4,86.26,117.31,54.87,74.26,51.98,124.79,176.29,69.25,135.48,-999,105.77,73.78,103.28,158.52,118.18,73.05,111.89,164.78,77.91,89.07,95.67,164.68,93.46,158.16,192.12,116.42,109.74,69.31,57.21,57.59,105.91,82.15
2017,3.88,295.5,347.02,163.63,162.92,178.87,134.06,100.93,68.56,111.0,262.58,167.38,84.37,89.34,105.69,100.51,136.05,124.74,207.47,66.79,106.48,40.87,56.98,46.65,126.49,171.06,81.93,136.75,-999,104.21,57.94,82.74,187.57,118.87,44.41,86.05,157.48,83.94,69.97,82.36,166.91,86.79,145.99,204.73,122.74,101.59,51.35,69.45,47.88,87.27,75.25
2018,2.96,301.21,362.59,166.29,154.59,171.18,134.36,109.08,75.87,123.0,261.7,166.19,96.56,76.52,122.15,117.57,136.99,138.6,197.34,78.72,119.34,55.24,76.42,62.86,130.59,158.98,60.47,141.04,-999,106.3,67.81,92.0,161.09,125.12,60.86,105.75,153.55,79.87,77.87,84.09,166.1,87.17,152.6,183.27,134.99,106.29,67.55,61.59,67.45,106.28,78.17
2019,8.21,303.43,350.41,166.06,145.79,151.26,127.97,98.96,66.87,125.0,265.57,163.18,77.2,74.23,101.17,98.12,127.42,137.13,184.85,65.18,121.71,40.39,52.71,47.39,115.5,161.74,57.15,143.35,-999,97.25,56.01,92.76,155.23,105.92,43.4,91.23,148.93,71.36,69.99,80.26,168.62,70.2,149.99,179.53,111.68,114.6,50.7,56.96,50.3,106.79,67.12
2020,1.47,334.97,362.05,156.68,131.75,173.01,148.42,113.65,76.43,-999.0,275.26,155.0,92.43,84.24,101.0,98.62,130.62,112.84,191.67,75.35,99.93,54.24,67.72,59.75,107.96,158.06,73.26,119.02,-999,113.03,65.5,85.85,156.52,135.66,63.9,91.23,153.32,78.66,81.86,84.13,142.26,95.26,130.25,185.06,136.51,93.28,66.81,62.21,61.47,85.63,90.87
2021,4.18,318.43,355.13,147.48,142.54,164.16,138.05,105.13,61.96,-999.0,258.43,157.45,103.28,93.55,108.91,102.98,132.35,112.54,187.69,63.44,115.17,39.96,67.43,78.58,115.08,163.64,84.71,128.84,-999,115.87,50.36,94.91,152.35,129.84,52.03,96.33,147.55,90.95,76.51,73.96,158.38,106.11,134.96,184.73,128.05,99.75,54.45,68.74,67.15,90.73,90.56
2022,4.45,333.38,356.01,162.48,151.69,165.66,139.56,105.43,74.98,119.0,258.55,165.24,96.32,78.98,105.2,109.63,143.64,126.88,201.57,75.86,114.18,51.45,69.91,52.94,127.26,181.89,76.42,133.55,-999,122.92,62.86,92.75,163.0,127.38,54.57,93.55,166.31,89.83,73.71,81.22,165.12,95.51,140.54,197.76,124.67,97.8,62.24,72.41,57.41,82.81,82.93
2023,2.56,310.21,358.81,163.05,157.58,167.61,127.68,94.84,64.27,110.0,271.31,157.1,100.76,87.11,109.52,108.1,145.56,120.28,211.46,65.3,111.22,30.13,58.6,71.1,131.87,183.73,65.5,122.75,-999,114.26,53.47,86.08,153.99,111.22,45.39,82.77,167.0,95.17,68.7,69.82,159.21,94.19,142.43,193.66,119.77,97.78,56.19,81.03,72.53,81.12,64.69
2024,4.82,297.31,351.23,170.46,166.31,171.99,137.56,110.41,73.52,124.0,248.43,171.67,93.19,87.72,107.66,107.77,147.03,133.02,209.34,76.86,119.72,62.02,66.22,57.03,125.45,169.0,74.73,129.21,-999,114.52,60.47,94.92,167.99,131.79,55.79,104.82,184.0,83.33,76.95,71.52,163.91,91.93,151.31,204.15,135.58,106.45,69.54,75.33,60.09,105.03,88.5
