Year,AK,HI,PR,AL,AR,AZ,CA,CO,CT,DE,FL,GA,IA,ID,IL,IN,KS,KY,LA,MA,MD,ME,MI,MN,MO,MS,MT,NC,ND,NE,NH,NJ,NM,NV,NY,OH,OK,OR,PA,RI,SC,SD,TN,TX,UT,VA,VT,WA,WI,WV,WY
1900,-999.0,-999.0,-999.0,71.3,112.98,-999.0,-999.0,64.32,-999.0,-999.0,147.08,101.01,52.95,34.65,64.96,60.62,90.4,82.46,123.95,-999.0,-999.0,19.16,28.86,22.46,76.11,106.33,32.47,87.72,-999,72.22,-999.0,44.88,-999.0,-999.0,22.71,54.99,-999.0,25.3,38.53,-999.0,96.85,54.79,73.32,127.47,74.43,62.12,-999.0,19.17,30.45,86.41,-999.0
1901,-999.0,-999.0,-999.0,83.76,116.15,-999.0,-999.0,59.13,-999.0,-999.0,125.03,82.84,69.25,38.37,80.15,69.37,98.96,70.46,125.49,-999.0,-999.0,17.67,30.05,28.15,96.47,104.6,32.58,62.84,-999,73.41,-999.0,29.98,128.0,-999.0,17.01,44.78,-999.0,36.07,21.76,-999.0,74.19,51.41,67.69,127.33,79.39,33.12,-999.0,19.13,42.37,47.92,-999.0
1902,-999.0,-999.0,-999.0,103.22,103.46,-999.0,-999.0,51.05,-999.0,-999.0,144.32,111.09,20.66,35.19,40.07,42.6,72.8,73.36,130.06,-999.0,-999.0,6.17,10.22,10.44,55.93,115.03,11.38,71.82,-999,39.73,-999.0,19.32,179.97,-999.0,4.04,34.78,-999.0,38.85,9.0,-999.0,91.08,25.77,81.13,135.65,72.11,39.27,-999.0,16.18,10.83,25.21,-999.0
1903,-999.0,-999.0,-999.0,86.64,82.72,-999.0,-999.0,43.87,-999.0,-999.0,114.11,90.68,19.4,23.03,37.41,43.52,66.65,62.01,112.78,-999.0,-999.0,5.67,10.51,4.98,45.56,103.96,11.9,58.02,-999,36.6,-999.0,22.81,137.36,-999.0,5.77,38.31,80.0,24.67,12.39,-999.0,83.43,22.86,72.9,104.2,68.88,25.34,-999.0,15.5,9.36,26.27,-999.0
1904,-999.0,-999.0,-999.0,108.45,99.59,-999.0,-999.0,32.43,-999.0,-999.0,139.94,107.27,17.72,40.41,27.39,31.54,63.58,61.7,126.96,-999.0,-999.0,5.75,7.63,5.31,40.5,120.87,19.32,62.92,-999,36.17,-999.0,19.01,132.04,-999.0,5.75,26.32,98.0,41.43,9.55,-999.0,87.35,27.59,69.16,133.17,73.72,28.57,-999.0,31.51,7.08,18.0,-999.0
1905,-999.0,-999.0,-999.0,95.53,95.81,-999.0,-999.0,46.71,-999.0,-999.0,151.64,108.79,30.65,37.77,46.78,35.65,83.27,56.95,135.8,-999.0,-999.0,9.51,11.72,11.35,51.87,109.76,22.54,64.86,-999,45.44,-999.0,23.22,85.92,-999.0,8.89,28.18,106.0,31.83,12.12,-999.0,90.4,29.4,71.99,129.95,77.4,32.05,-999.0,20.11,12.71,27.74,-999.0
1906,-999.0,-999.0,-999.0,91.53,105.23,-999.0,-999.0,39.7,-999.0,-999.0,131.32,102.09,38.32,39.49,64.43,57.01,70.7,61.4,130.92,-999.0,-999.0,7.0,21.53,16.63,59.21,113.13,29.29,71.27,-999,49.27,-999.0,30.68,87.38,-999.0,11.88,45.08,-999.0,44.93,18.82,-999.0,85.35,29.74,76.56,119.56,64.8,43.81,-999.0,34.01,19.29,49.02,-999.0
1907,-999.0,-999.0,-999.0,95.68,104.14,-999.0,-999.0,49.56,-999.0,-999.0,162.35,107.1,27.39,28.81,36.6,33.5,87.59,54.93,126.5,-999.0,-999.0,10.26,9.03,7.12,60.26,107.8,12.84,64.33,-999,59.61,-999.0,22.14,72.11,-999.0,11.06,26.43,-999.0,24.82,6.24,-999.0,88.73,24.72,74.29,131.59,49.29,32.4,-999.0,17.23,7.92,25.32,-999.0
1908,-999.0,-999.0,-999.0,104.06,102.04,-999.0,-999.0,48.86,-999.0,-999.0,141.87,106.91,37.08,41.32,62.72,71.47,77.93,71.55,130.78,-999.0,-999.0,16.72,26.34,18.91,68.58,110.71,30.5,63.93,-999,52.84,-999.0,36.72,92.46,-999.0,18.64,54.71,95.0,41.71,21.38,-999.0,84.61,41.73,80.0,129.11,58.71,39.18,-999.0,36.88,25.45,63.67,-999.0
1909,-999.0,-999.0,-999.0,93.24,110.26,-999.0,-999.0,49.43,-999.0,-999.0,143.15,95.25,39.21,43.04,51.82,39.81,88.1,54.55,128.08,-999.0,-999.0,13.5,16.88,16.61,73.05,110.5,26.2,61.57,-999,62.95,-999.0,30.49,95.69,-999.0,10.22,25.89,120.0,23.13,13.15,-999.0,80.03,42.35,70.68,140.64,56.63,30.33,-999.0,23.01,22.96,36.21,-999.0
1910,-999.0,-999.0,-999.0,88.49,101.77,-999.0,-999.0,55.64,-999.0,62.0,123.93,106.88,48.04,41.05,51.7,43.07,89.02,50.36,142.12,-999.0,-999.0,7.23,18.28,35.43,58.8,117.3,30.72,66.61,-999,66.86,-999.0,29.98,111.58,-999.0,9.77,39.47,135.78,31.49,13.07,-999.0,83.41,56.26,63.35,144.28,79.58,38.63,-999.0,29.02,40.79,46.01,-999.0
1911,-999.0,-999.0,-999.0,119.49,116.97,-999.0,-999.0,50.27,-999.0,58.0,158.55,129.7,63.0,32.73,70.13,65.04,105.51,81.76,147.8,-999.0,-999.0,22.79,26.31,24.54,94.64,124.09,17.48,91.93,-999,74.25,-999.0,35.11,82.98,-999.0,23.62,55.39,139.08,30.19,32.45,-999.0,116.32,49.61,99.11,146.4,63.9,66.97,-999.0,28.83,31.45,66.16,-999.0
1912,-999.0,-999.0,-999.0,90.15,99.69,-999.0,-999.0,35.31,-999.0,45.0,136.89,100.2,37.89,24.85,45.54,40.37,78.45,56.2,130.39,-999.0,-999.0,12.25,13.41,15.26,71.01,101.53,13.74,66.56,-999,55.05,-999.0,28.87,85.93,-999.0,13.18,30.31,107.39,22.13,15.66,-999.0,87.03,34.68,65.88,129.12,49.18,43.0,-999.0,24.34,18.33,40.1,-999.0
1913,-999.0,-999.0,-999.0,96.97,106.14,-999.0,-999.0,47.93,-999.0,52.0,127.25,109.11,62.36,35.83,78.8,74.39,98.23,93.03,112.92,-999.0,-999.0,11.49,25.46,19.76,91.46,106.45,21.83,70.98,-999,77.79,-999.0,35.47,98.01,-999.0,15.49,51.79,110.01,23.46,30.78,-999.0,88.88,57.14,91.85,118.4,55.31,38.45,-999.0,28.76,27.57,53.41,-999.0
1914,-999.0,-999.0,-999.0,97.05,111.9,-999.0,-999.0,43.18,-999.0,66.0,143.79,111.15,55.13,45.32,72.87,72.52,94.14,84.03,127.43,-999.0,-999.0,13.51,20.99,20.38,87.42,117.67,31.18,78.18,-999,67.45,-999.0,34.74,91.5,-999.0,10.7,55.62,115.85,34.7,30.42,-999.0,101.54,51.53,93.91,117.48,58.59,52.73,-999.0,29.75,23.71,61.6,-999.0
1915,-999.0,-999.0,-999.0,113.81,88.7,-999.0,-999.0,27.7,-999.0,42.0,142.48,117.88,9.62,41.32,27.06,28.08,40.17,48.36,134.08,-999.0,-999.0,3.01,4.3,6.62,41.94,114.92,14.1,72.13,-999,23.12,-999.0,27.65,76.82,-999.0,6.54,19.6,81.85,34.47,9.54,-999.0,104.42,8.75,76.05,115.49,50.08,40.99,-999.0,32.49,4.41,32.35,-999.0
1916,-999.0,-999.0,-999.0,101.41,113.33,-999.0,-999.0,43.84,-999.0,-999.0,130.68,102.7,51.62,35.49,65.43,62.77,88.55,62.67,136.2,-999.0,-999.0,13.25,31.43,26.53,76.9,111.15,23.52,58.35,-999,67.62,-999.0,27.15,101.47,-999.0,20.17,47.2,122.93,21.72,28.82,-999.0,86.24,45.47,81.17,144.48,39.85,33.43,-999.0,21.1,32.26,56.42,-999.0
1917,-999.0,-999.0,-999.0,86.53,92.62,-999.0,-999.0,43.18,-999.0,-999.0,119.79,104.92,28.88,49.22,37.66,34.44,74.54,45.67,112.31,-999.0,-999.0,11.74,10.07,16.44,57.52,96.64,34.94,64.57,-999,55.84,-999.0,26.24,92.34,-999.0,9.23,23.0,114.17,45.49,12.36,-999.0,87.08,38.85,61.91,134.54,64.33,33.4,-999.0,37.97,13.15,46.22,-999.0
1918,-999.0,-999.0,-999.0,97.24,118.87,-999.0,-999.0,44.87,-999.0,-999.0,137.38,107.88,44.81,43.91,52.39,50.94,90.92,66.17,134.39,-999.0,-999.0,17.02,20.4,13.83,78.35,118.2,24.41,62.7,-999,73.69,-999.0,27.93,94.47,-999.0,18.36,42.67,130.08,40.31,22.6,-999.0,89.13,37.54,81.65,139.81,57.74,32.83,-999.0,34.07,17.66,53.41,-999.0
1919,-999.0,-999.0,-999.0,102.97,106.96,-999.0,-999.0,54.98,-999.0,-999.0,152.66,112.15,49.39,55.42,71.42,70.65,88.0,82.77,122.75,-999.0,-999.0,18.01,25.27,18.94,78.31,109.56,52.04,74.22,-999,68.32,-999.0,24.88,68.12,-999.0,19.39,57.19,102.07,40.59,25.1,-999.0,83.53,48.69,92.68,101.64,76.07,39.57,-999.0,31.83,26.27,61.77,-999.0
1920,-999.0,-999.0,-999.0,85.87,94.57,-999.0,-999.0,36.53,-999.0,38.0,136.04,104.24,33.97,42.29,54.0,40.83,71.84,40.03,132.8,-999.0,-999.0,11.28,11.16,15.03,53.06,109.74,31.37,55.82,-999,55.7,-999.0,17.22,82.01,-999.0,7.73,28.34,91.93,36.61,7.12,-999.0,78.02,38.8,71.2,128.44,59.45,15.97,-999.0,33.43,17.5,35.77,-999.0
1921,-999.0,-999.0,-999.0,114.88,124.31,-999.0,-999.0,41.02,-999.0,69.0,150.04,117.44,59.85,34.47,79.28,76.28,98.34,88.05,140.7,-999.0,-999.0,20.79,31.39,36.78,85.83,131.08,33.93,81.27,-999,79.06,-999.0,32.68,84.48,-999.0,26.71,57.96,119.0,32.02,30.8,-999.0,102.53,57.96,101.68,141.18,61.97,46.31,-999.0,27.57,45.04,61.96,-999.0
1922,-999.0,-999.0,-999.0,103.97,114.19,-999.0,-999.0,52.66,-999.0,30.0,138.51,109.24,41.53,51.21,69.02,62.46,91.42,66.78,129.65,-999.0,-999.0,9.53,19.09,26.69,79.91,119.49,33.58,70.69,-999,76.06,-999.0,24.01,99.11,-999.0,11.67,41.8,107.78,52.01,16.49,-999.0,97.92,48.72,92.15,136.91,71.16,32.47,-999.0,48.84,19.15,31.31,-999.0
1923,-999.0,-999.0,-999.0,81.37,95.02,-999.0,-999.0,29.16,-999.0,28.0,124.59,95.4,38.77,36.33,53.14,44.88,71.31,60.52,111.18,-999.0,-999.0,10.28,16.01,24.53,63.16,101.36,26.29,68.91,-999,47.51,-999.0,31.27,73.24,-999.0,14.1,39.33,104.0,37.49,25.49,-999.0,86.72,34.27,69.08,124.97,45.19,28.73,-999.0,34.43,25.14,23.71,-999.0
1924,-999.0,-999.0,-999.0,90.2,106.13,-999.0,-999.0,45.94,-999.0,29.0,134.73,96.77,17.69,45.46,34.12,35.99,72.59,44.77,129.47,-999.0,-999.0,11.27,6.6,9.57,47.03,112.97,22.74,61.17,-999,43.57,-999.0,24.28,93.94,-999.0,9.61,26.07,117.0,43.07,11.2,-999.0,83.03,26.35,79.96,129.62,71.49,19.19,-999.0,35.66,6.31,21.63,-999.0
1925,-999.0,-999.0,-999.0,134.5,130.94,-999.0,-999.0,42.41,-999.0,55.0,149.42,141.74,51.87,39.7,73.33,70.51,92.33,83.36,144.01,-999.0,-999.0,9.74,24.99,27.19,85.84,138.28,29.5,100.56,-999,70.94,-999.0,35.76,93.58,-999.0,14.2,49.08,117.32,39.33,23.37,-999.0,132.82,50.35,118.18,149.75,55.51,56.6,-999.0,36.05,23.77,52.59,-999.0
1926,-999.0,-999.0,-999.0,109.89,113.98,-999.0,-999.0,47.92,-999.0,44.0,142.93,111.51,40.47,42.41,53.88,46.99,90.47,63.39,132.04,-999.0,-999.0,3.74,11.33,19.08,65.98,119.78,28.87,88.24,-999,67.52,-999.0,25.14,91.97,-999.0,8.13,30.31,101.78,47.2,17.02,-999.0,111.04,49.77,90.76,125.77,69.53,44.33,-999.0,35.48,13.59,36.49,-999.0
1927,-999.0,-999.0,-999.0,113.01,107.05,-999.0,-999.0,35.81,-999.0,30.0,165.54,123.39,40.75,41.75,42.0,34.06,72.19,55.9,136.19,-999.0,-999.0,6.51,15.29,13.69,46.7,119.29,17.44,63.63,-999,56.47,-999.0,19.15,100.21,-999.0,6.61,28.63,106.64,33.12,13.76,-999.0,92.31,32.34,75.36,153.74,62.52,33.04,-999.0,28.18,16.29,29.22,-999.0
1928,-999.0,-999.0,-999.0,98.89,98.57,-999.0,-999.0,38.5,-999.0,39.0,132.51,91.14,30.6,42.63,46.47,40.81,67.31,53.33,122.85,-999.0,-999.0,14.03,12.66,11.84,51.61,112.76,23.5,62.64,-999,54.35,-999.0,30.7,102.88,-999.0,11.28,37.24,114.33,34.89,17.84,-999.0,76.14,37.04,70.7,136.81,79.02,28.39,-999.0,30.03,14.26,33.22,-999.0
1929,-999.0,-999.0,-999.0,101.45,102.15,-999.0,-999.0,42.9,-999.0,47.0,157.66,102.46,35.37,47.03,45.71,41.08,74.86,68.56,126.3,-999.0,-999.0,20.29,22.04,24.73,64.39,110.87,39.93,62.08,-999,63.59,-999.0,43.2,84.38,-999.0,15.57,31.36,100.16,43.07,29.59,-999.0,79.78,51.0,76.71,137.43,66.44,38.47,-999.0,31.58,22.66,38.37,-999.0
1930,0.0,-999.0,-999.0,97.78,108.13,87.65,73.07,51.48,-999.0,71.0,125.16,101.63,56.47,41.28,68.84,60.53,83.27,83.51,113.23,-999.0,-999.0,20.31,30.05,30.45,74.49,104.58,36.35,86.51,-999,59.26,-999.0,48.53,99.08,-999.0,16.24,59.02,107.09,33.33,37.93,-999.0,100.98,51.15,85.51,130.09,65.67,72.43,-999.0,29.63,35.61,61.62,-999.0
1931,0.0,-999.0,-999.0,109.58,109.66,91.12,83.83,69.81,-999.0,62.0,136.96,120.91,67.04,52.22,73.42,65.37,101.39,88.89,128.65,-999.0,-999.0,18.3,37.56,38.5,85.05,115.49,42.88,92.68,-999,87.74,-999.0,50.39,109.44,-999.0,20.6,54.4,121.24,42.1,33.27,-999.0,115.72,74.8,104.15,139.75,82.08,53.52,-999.0,35.75,43.54,63.64,-999.0
1932,0.0,-999.0,-999.0,90.92,108.09,93.19,81.1,51.83,-999.0,63.0,147.59,95.38,40.06,39.75,58.73,51.23,86.37,68.5,122.46,-999.0,-999.0,13.54,19.51,25.14,71.72,97.02,31.42,80.05,-999,65.45,-999.0,49.45,88.28,-999.0,11.0,43.81,100.93,31.53,25.79,-999.0,87.99,52.15,89.06,118.51,69.74,53.46,-999.0,29.13,27.13,50.56,-999.0
1933,0.64,-999.0,-999.0,110.14,114.53,105.43,79.41,64.43,-999.0,53.0,145.23,106.26,64.43,46.98,80.81,75.85,101.18,73.18,136.5,-999.0,-999.0,11.04,34.56,38.92,85.85,116.33,42.67,90.71,-999,81.3,-999.0,43.61,98.95,-999.0,23.88,55.73,124.71,32.26,35.45,-999.0,112.04,71.8,98.01,149.35,83.52,46.17,-999.0,29.64,43.02,45.89,-999.0
1934,0.91,-999.0,-999.0,103.64,121.25,123.61,89.55,71.35,-999.0,49.0,144.04,107.27,75.16,52.24,81.83,74.94,107.9,72.79,132.19,-999.0,-999.0,11.53,33.96,34.91,89.63,113.26,39.97,78.03,-999,96.15,-999.0,43.52,125.25,-999.0,23.46,68.43,114.16,36.71,39.19,-999.0,102.08,78.11,93.07,151.84,91.68,51.2,-999.0,39.64,42.65,66.7,-999.0
1935,0.0,-999.0,-999.0,110.28,96.64,95.51,84.19,55.26,-999.0,34.0,157.21,104.79,50.23,42.79,58.26,54.28,76.66,62.52,129.09,-999.0,-999.0,21.82,19.23,26.17,62.1,108.68,32.3,67.61,-999,64.75,-999.0,30.15,96.94,-999.0,13.94,39.11,88.85,37.06,23.72,-999.0,94.42,59.23,82.44,118.62,76.83,37.92,-999.0,30.47,26.07,49.83,-999.0
1936,2.17,-999.0,-999.0,123.13,123.81,111.48,95.1,63.25,-999.0,57.0,144.2,113.03,76.99,52.17,90.65,89.43,105.63,106.58,120.68,-999.0,-999.0,8.8,31.83,39.43,102.57,122.97,51.58,86.94,-999,92.85,-999.0,39.23,110.1,-999.0,22.65,68.31,120.3,36.09,38.85,-999.0,116.5,83.88,110.16,130.95,79.82,59.33,-999.0,30.51,44.64,77.64,-999.0
1937,0.94,-999.0,-999.0,111.23,115.03,112.31,91.36,55.86,-999.0,45.0,134.84,109.54,61.78,43.41,65.8,61.21,97.12,81.94,133.83,-999.0,-999.0,37.03,29.65,31.81,85.87,112.73,36.97,75.28,-999,80.79,-999.0,38.5,95.57,-999.0,23.02,37.41,117.78,34.51,26.83,-999.0,102.72,64.24,88.47,149.12,73.32,34.61,-999.0,28.38,41.39,38.78,-999.0
1938,0.12,-999.0,-999.0,110.81,125.14,110.88,85.58,47.69,-999.0,50.0,149.08,105.12,54.32,43.58,62.39,60.97,103.52,73.67,129.1,-999.0,-999.0,20.53,19.81,20.14,85.71,118.45,28.64,73.24,-999,79.19,-999.0,36.16,89.35,-999.0,21.74,38.21,126.08,45.96,26.51,-999.0,101.94,59.3,84.64,146.75,68.45,33.72,-999.0,42.03,18.24,35.45,-999.0
1939,0.48,-999.0,-999.0,103.46,122.78,106.05,101.19,59.41,-999.0,65.0,147.21,108.31,59.88,50.4,68.82,69.11,112.67,93.21,142.31,-999.0,-999.0,16.04,28.02,28.9,87.06,117.32,38.87,94.33,-999,94.29,-999.0,46.73,121.43,-999.0,26.68,52.72,136.62,42.54,37.43,-999.0,113.76,74.64,98.63,155.77,72.28,40.63,-999.0,37.04,34.83,47.06,-999.0
1940,0.37,-999.0,-999.0,95.17,86.41,107.97,93.25,55.23,-999.0,43.0,128.0,102.44,44.24,55.26,62.74,56.33,88.74,70.7,103.95,-999.0,-999.0,16.56,21.51,19.6,63.95,87.91,40.75,68.74,-999,75.01,-999.0,29.2,102.02,-999.0,10.13,42.18,100.24,39.73,26.77,-999.0,95.55,60.95,73.41,122.62,82.71,28.24,-999.0,37.78,22.67,39.26,-999.0
1941,0.0,-999.0,-999.0,131.05,117.84,96.17,72.33,44.03,-999.0,70.0,151.94,124.45,53.24,36.57,73.39,72.34,81.66,93.14,141.7,-999.0,-999.0,29.08,32.46,25.68,82.0,127.27,26.49,101.02,-999,68.0,-999.0,47.55,69.96,-999.0,23.17,54.47,90.24,28.83,34.35,-999.0,125.97,57.26,113.61,119.82,51.37,58.72,-999.0,30.37,32.16,56.79,-999.0
1942,0.27,-999.0,-999.0,105.68,100.97,109.3,87.72,48.24,-999.0,52.0,161.74,104.94,37.57,40.59,54.66,52.54,79.63,74.89,114.24,-999.0,-999.0,15.79,16.09,7.93,67.58,103.28,23.27,84.04,-999,56.99,-999.0,32.49,89.23,-999.0,11.5,41.46,95.24,38.71,19.92,-999.0,108.8,28.91,87.03,112.97,75.61,41.6,-999.0,34.13,14.92,41.43,-999.0
1943,0.0,-999.0,-999.0,119.6,113.41,120.87,89.18,55.48,-999.0,54.0,152.14,109.75,43.81,37.56,65.14,59.6,90.95,77.87,125.67,-999.0,-999.0,13.28,18.45,21.71,72.75,121.82,25.94,92.43,-999,73.48,-999.0,48.27,114.31,-999.0,20.69,43.48,113.16,32.73,35.49,-999.0,96.81,52.75,93.33,135.33,78.31,56.5,-999.0,27.68,29.56,47.87,-999.0
1944,0.0,-999.0,-999.0,121.1,120.51,108.57,82.54,50.05,-999.0,62.0,169.24,109.02,41.1,33.6,74.56,73.36,81.44,95.09,127.94,-999.0,-999.0,28.75,31.82,13.91,81.38,123.01,16.45,85.83,-999,58.35,-999.0,50.56,94.9,-999.0,29.63,61.24,104.54,34.44,33.32,-999.0,108.96,34.83,98.0,121.51,69.38,51.31,-999.0,31.76,27.79,59.06,-999.0
1945,0.0,-999.0,-999.0,116.59,92.92,109.05,91.8,43.97,-999.0,45.0,176.65,106.59,29.0,36.92,40.13,37.42,72.72,57.59,120.08,-999.0,-999.0,17.01,16.06,14.48,52.59,111.35,27.79,76.1,-999,48.2,-999.0,38.58,98.09,-999.0,16.82,39.48,95.16,41.83,26.67,-999.0,102.1,37.81,74.74,130.71,65.34,40.94,-999.0,33.82,16.01,47.96,-999.0
1946,0.22,-999.0,-999.0,84.42,95.41,103.35,85.83,53.03,-999.0,24.0,153.34,83.45,31.02,37.34,50.57,45.56,84.98,42.7,113.08,-999.0,-999.0,15.54,21.07,12.86,65.39,85.94,27.36,58.15,-999,62.32,-999.0,25.74,104.64,-999.0,11.53,31.19,101.16,26.55,25.4,-999.0,77.65,40.42,59.81,118.12,81.01,22.57,-999.0,22.18,16.55,34.85,-999.0
1947,0.27,-999.0,-999.0,97.26,102.04,107.03,88.96,51.58,-999.0,38.0,147.17,97.57,55.22,37.67,60.44,52.56,91.71,59.83,143.41,-999.0,-999.0,25.82,28.43,28.93,72.14,107.72,30.11,70.21,-999,66.42,-999.0,36.22,102.63,-999.0,21.52,37.0,-999.0,21.97,29.82,-999.0,99.06,53.11,83.75,144.43,72.96,28.01,-999.0,25.23,35.2,35.16,-999.0
1948,0.46,-999.0,-999.0,96.61,108.0,120.74,76.28,56.83,-999.0,40.0,164.07,101.52,48.08,33.76,54.12,51.1,87.17,60.29,139.99,-999.0,-999.0,20.78,23.53,25.45,67.36,116.09,24.8,71.21,-999,71.03,-999.0,29.53,103.96,-999.0,14.09,38.4,115.24,19.28,24.38,-999.0,94.7,48.6,80.87,148.19,76.43,23.04,-999.0,18.55,34.28,29.31,-999.0
1949,0.0,-999.0,-999.0,99.91,101.62,112.71,90.92,45.7,-999.0,57.0,162.52,91.5,45.11,40.74,59.07,53.47,68.94,59.88,136.22,-999.0,-999.0,30.51,31.76,27.3,56.91,113.24,30.25,65.9,-999,56.56,-999.0,43.82,78.74,-999.0,30.9,49.97,96.08,27.79,44.7,-999.0,85.96,56.25,70.07,127.44,67.6,29.95,-999.0,30.17,29.0,36.18,-999.0
1950,0.38,4.73,205.84,90.41,74.2,122.22,92.78,39.84,10.48,32.0,153.18,91.08,19.23,35.34,28.43,23.35,53.96,22.23,124.73,13.56,32.34,5.75,10.83,11.42,31.73,95.18,15.68,59.75,-999,36.58,12.73,25.16,92.21,71.13,6.46,16.73,84.09,37.56,11.29,3.49,97.8,32.25,43.11,134.46,69.48,17.62,6.25,30.13,9.27,8.59,21.23
1951,0.34,8.57,-999.0,116.37,103.83,112.04,90.8,45.91,11.07,52.0,156.05,112.07,17.29,31.84,36.03,43.15,55.96,67.01,134.51,14.54,45.84,9.27,9.48,7.23,44.37,123.85,20.72,79.16,-999,35.05,12.54,30.04,104.87,71.17,8.39,33.68,96.86,39.87,24.26,5.53,106.67,21.97,91.57,139.35,68.11,36.03,5.3,31.92,5.89,34.49,22.08
1952,0.11,5.84,268.2,108.89,123.11,119.28,91.88,60.99,23.17,57.0,147.79,105.37,45.73,36.43,68.01,69.39,105.09,84.71,133.18,26.95,57.99,29.55,29.85,21.35,94.03,125.52,27.04,84.63,-999,74.6,24.16,36.6,98.19,72.83,23.22,54.91,120.24,40.1,35.76,18.45,107.12,58.97,95.91,136.24,70.63,45.33,17.64,34.1,27.23,44.93,35.81
1953,2.05,2.03,277.33,120.12,129.94,111.26,78.29,57.9,27.26,56.0,145.64,105.06,51.31,36.96,78.08,75.14,108.6,90.92,138.62,28.46,57.54,20.03,26.31,18.52,105.29,132.07,31.18,87.59,-999,76.55,22.88,41.49,102.8,73.0,23.37,54.35,126.47,24.36,39.6,17.07,109.05,46.09,108.86,142.4,77.33,51.41,21.34,25.95,23.36,54.02,39.65
1954,0.0,5.27,254.63,130.33,128.32,120.11,83.92,65.59,10.31,59.0,153.31,131.8,48.58,30.11,72.37,68.1,110.44,90.06,138.41,7.54,51.91,4.76,19.87,12.17,98.34,131.1,29.3,99.41,-999,77.99,7.47,31.45,109.92,68.89,9.59,41.9,132.77,14.4,24.11,4.49,126.88,46.22,111.58,146.86,76.47,50.92,4.03,16.1,16.77,36.58,43.63
1955,0.64,2.8,241.35,113.07,115.38,108.66,85.85,57.82,27.43,55.0,156.82,111.42,61.13,42.06,69.1,63.28,97.32,81.23,146.91,32.37,50.67,28.74,42.5,26.93,81.16,125.91,32.56,65.0,-999,82.54,29.42,39.77,96.8,70.04,35.1,51.42,119.09,29.03,41.17,21.03,99.6,66.11,93.48,158.08,72.33,40.88,27.63,23.89,38.69,43.36,40.47
1956,0.11,8.67,185.85,106.37,119.7,123.45,84.47,64.74,13.44,52.0,145.38,107.61,53.9,35.54,54.61,39.76,122.74,71.76,134.29,15.39,44.98,6.25,12.8,12.13,90.61,111.84,28.98,75.29,-999,87.42,10.75,28.49,116.92,68.55,7.21,23.77,144.92,31.8,14.91,12.51,105.78,49.74,87.1,159.08,84.4,46.44,7.0,27.43,13.49,18.08,34.6
1957,0.63,14.18,213.25,106.33,89.48,101.23,79.22,41.11,20.57,82.0,139.05,96.89,36.85,36.38,44.7,38.14,72.76,67.73,113.48,22.38,63.45,10.26,14.56,14.45,59.98,100.84,28.56,78.02,-999,54.46,15.32,43.1,87.94,72.14,12.48,33.86,92.77,24.93,23.31,15.56,98.24,39.73,79.24,110.93,66.88,49.65,10.95,20.37,17.44,41.03,30.66
1958,0.67,8.55,232.02,99.28,94.71,119.94,92.98,55.75,8.09,50.0,148.51,109.74,25.51,52.03,29.59,23.91,76.89,50.43,119.68,7.43,37.47,3.25,9.2,15.98,54.75,97.54,29.44,67.13,-999,51.6,9.4,28.13,90.26,80.76,4.85,14.75,110.39,53.94,11.41,4.98,97.79,47.7,81.43,123.73,88.07,38.24,5.62,50.47,13.24,11.88,30.17
1959,0.11,25.66,241.53,106.74,102.67,115.71,93.01,59.38,26.94,76.0,161.15,112.21,43.39,42.03,69.72,63.0,90.39,76.5,136.44,28.6,61.47,19.76,32.57,28.88,75.58,111.07,32.17,67.49,-999,69.21,27.44,50.05,97.98,83.19,23.34,50.34,113.84,33.8,40.38,20.03,98.77,69.59,85.15,131.98,80.38,52.14,23.53,23.7,23.74,51.48,41.07
1960,0.58,21.5,270.11,108.56,102.08,123.02,95.73,59.71,8.25,47.0,148.15,116.35,32.01,45.67,43.38,39.93,80.7,59.73,130.62,7.58,38.22,8.52,11.55,20.41,64.26,110.0,35.84,64.15,-999,57.22,10.3,26.56,98.39,87.75,6.94,24.58,101.93,38.5,12.89,6.53,105.97,49.15,81.91,136.17,85.36,35.22,7.53,30.04,15.37,21.47,39.52
1961,0.0,17.76,230.66,79.25,83.8,115.78,89.23,46.75,17.34,56.0,162.12,91.86,31.96,53.65,50.21,40.65,69.38,50.34,107.08,20.75,52.07,14.28,14.37,25.32,53.84,89.02,48.83,60.65,-999,58.9,20.35,37.54,89.01,75.69,10.13,27.18,87.85,45.92,19.53,14.56,87.55,55.99,63.56,122.63,78.55,36.58,9.74,41.6,20.06,22.91,38.97
1962,0.06,19.91,234.66,116.53,107.22,118.4,86.75,47.43,8.61,52.0,162.82,125.94,31.82,34.37,52.69,43.27,86.35,62.79,142.52,8.78,43.69,6.25,17.27,7.49,74.36,121.97,21.62,65.99,-999,50.09,9.33,25.31,104.08,74.91,11.18,34.45,114.61,28.85,21.47,2.96,105.3,27.02,94.93,143.9,77.85,36.18,8.08,22.92,12.86,20.25,24.16
1963,0.1,22.15,236.0,89.57,118.72,117.56,74.85,58.31,18.91,42.0,156.83,102.66,43.83,43.23,57.12,39.76,107.81,50.01,146.65,20.13,44.44,14.27,20.87,18.51,82.69,117.97,36.56,56.63,-999,74.54,18.21,32.3,107.63,71.07,13.74,25.39,130.62,24.84,16.84,14.45,88.19,50.09,72.56,159.12,75.12,46.09,14.29,26.82,25.84,15.23,36.02
1964,0.0,10.99,215.15,90.84,99.21,109.07,84.82,55.06,19.44,61.0,150.3,91.62,43.12,30.73,63.25,55.97,90.86,74.87,115.96,14.42,52.22,7.0,27.96,27.58,72.07,102.05,29.68,53.73,-999,65.96,16.44,36.61,97.47,68.84,18.87,44.27,105.62,23.22,29.91,9.49,83.29,53.61,81.72,125.22,68.03,49.9,13.24,17.64,30.19,36.95,34.06
1965,0.0,25.49,139.57,92.37,103.64,107.45,77.33,34.11,17.33,69.0,158.26,97.81,26.16,27.33,40.71,32.49,76.78,55.32,121.22,19.26,52.04,13.51,10.72,9.32,55.95,107.65,18.42,60.52,-999,41.49,18.49,37.65,89.12,49.34,13.34,27.57,98.0,32.43,19.62,13.13,95.66,31.21,74.38,125.76,42.67,46.14,12.59,27.15,11.15,33.19,16.64
1966,0.11,38.02,184.47,74.75,82.69,114.68,89.77,50.34,21.9,69.0,139.06,74.66,37.79,47.33,51.01,46.51,82.33,54.83,103.09,25.12,58.86,8.76,25.35,23.19,53.61,90.9,36.74,56.04,-999,60.34,24.25,41.97,91.34,80.46,17.46,35.61,95.16,35.22,34.02,13.49,76.26,52.14,62.94,115.79,79.6,51.45,14.08,24.9,23.03,38.97,42.06
1967,0.75,34.85,201.23,61.13,80.8,104.44,93.7,37.01,9.61,35.0,147.43,75.58,22.44,57.89,28.88,25.83,68.36,29.58,94.62,11.02,28.71,4.77,6.81,11.39,42.15,72.23,38.06,40.58,-999,47.02,6.53,17.15,81.33,75.46,6.17,19.37,91.39,61.52,9.99,5.47,69.89,41.67,40.69,126.57,69.51,24.78,6.89,47.51,8.02,14.67,27.93
1968,0.81,66.81,220.47,87.03,89.8,104.72,81.12,42.34,18.34,57.0,147.09,97.48,38.21,34.76,48.05,40.86,82.32,60.69,106.6,20.88,48.35,8.75,20.38,15.33,56.94,98.54,21.48,61.25,-999,60.75,11.09,34.22,87.88,65.74,12.85,28.77,90.92,34.52,26.16,14.0,88.74,38.93,73.5,110.16,62.06,42.16,11.34,25.6,18.85,28.01,24.56
1969,1.45,37.82,226.11,88.29,100.36,111.41,87.32,48.17,17.17,48.0,138.27,88.95,29.01,44.1,43.9,36.95,75.56,70.79,123.61,18.82,46.66,11.51,18.4,20.42,65.67,105.88,33.89,58.82,-999,52.69,11.07,28.53,93.28,79.7,10.62,23.08,98.23,36.35,17.0,14.07,76.26,44.66,79.34,123.4,78.52,36.1,12.86,30.03,17.07,26.47,38.64
1970,0.06,35.58,205.99,104.64,102.56,105.57,92.42,51.86,20.35,61.0,157.52,111.15,46.23,50.76,47.29,45.55,97.51,70.27,110.79,21.79,51.16,19.76,22.49,35.51,64.39,108.59,41.53,77.71,-999,77.86,22.31,34.11,90.47,75.56,9.18,33.75,107.84,49.42,17.28,10.07,105.73,65.61,79.56,117.56,73.12,52.45,18.94,34.48,27.61,34.43,41.59
1971,0.58,41.06,220.24,90.79,99.13,105.96,83.63,48.45,14.9,45.0,155.95,91.77,44.7,44.64,56.46,39.56,86.26,55.19,109.22,19.62,35.59,7.01,23.33,16.31,69.54,102.45,37.41,51.64,-999,62.09,14.81,26.61,94.18,72.13,9.3,22.06,108.38,35.65,16.74,13.64,83.75,48.84,69.08,122.93,74.41,30.19,13.87,32.17,18.64,17.68,37.49
1972,0.3,39.15,217.39,95.79,109.47,115.87,85.99,45.06,11.15,36.0,157.25,95.47,37.28,38.23,48.97,36.55,86.01,53.5,125.97,11.77,28.22,8.33,11.54,17.18,69.64,113.29,21.38,47.21,-999,56.82,9.62,23.64,90.02,70.09,6.75,16.55,116.54,39.95,13.59,9.47,80.41,41.34,66.84,136.04,65.27,25.3,9.33,32.1,16.71,14.11,23.57
1973,0.0,27.0,231.17,101.59,93.32,113.9,88.85,43.33,23.16,55.0,160.67,89.64,36.31,44.79,44.37,42.59,80.13,65.52,117.51,26.35,41.31,14.3,19.14,19.51,63.34,106.55,31.71,59.21,-999,60.01,20.05,36.36,87.56,76.46,17.15,26.23,96.38,42.34,25.23,25.6,87.41,51.57,69.32,119.94,67.36,38.0,18.97,31.77,17.73,30.19,29.78
1974,0.0,58.46,200.53,80.69,75.86,117.08,94.72,50.25,16.58,46.0,155.74,84.05,33.21,43.56,33.81,30.98,72.9,38.81,102.89,18.26,31.95,4.8,13.74,20.81,53.87,86.29,31.03,46.27,-999,58.12,14.51,27.42,83.35,87.36,8.65,21.31,86.77,46.52,15.58,15.03,75.87,51.99,52.44,113.87,84.08,23.1,8.97,33.04,12.81,11.58,35.63
1975,0.35,6.47,208.11,89.14,92.73,99.13,83.96,46.69,18.9,43.0,177.16,84.14,50.26,28.92,51.14,49.12,88.89,71.57,108.3,21.82,36.34,13.53,18.88,27.08,74.08,91.49,17.28,64.38,-999,63.87,21.35,26.97,77.76,60.72,15.14,29.42,96.84,32.45,24.83,13.98,85.68,49.87,74.85,117.84,62.29,31.11,24.28,23.36,27.63,27.23,27.73
1976,0.51,31.93,194.91,70.48,75.31,102.58,78.64,45.72,15.45,59.0,136.48,73.68,45.48,27.6,41.81,30.55,84.12,38.39,99.28,22.42,38.91,10.49,18.85,37.75,60.08,84.4,27.51,50.8,-999,67.64,15.46,28.38,84.92,54.28,4.57,18.98,90.38,24.09,15.01,13.62,67.95,69.26,50.21,99.8,68.74,35.85,12.46,17.01,33.17,16.16,34.53
1977,0.75,59.54,218.75,113.38,114.15,109.36,85.11,51.31,18.97,71.0,150.2,113.6,43.08,39.59,53.67,52.79,83.01,73.83,126.86,22.0,52.45,14.18,19.84,19.33,67.27,116.48,24.41,78.39,-999,53.78,17.03,35.11,97.84,76.56,10.87,33.25,110.77,37.94,20.9,19.03,106.75,45.14,90.72,131.97,74.65,50.74,14.9,32.38,20.88,25.73,34.39
1978,0.0,44.42,234.2,120.31,105.81,115.7,84.88,52.77,14.72,42.0,155.4,110.55,44.23,31.81,52.96,42.6,96.92,65.43,126.24,18.92,41.67,14.49,16.72,23.37,76.65,108.63,21.34,71.68,-999,66.99,20.54,19.71,96.07,64.15,12.61,28.78,114.07,28.4,14.58,11.02,96.01,50.11,86.04,132.44,76.76,43.13,16.72,22.61,17.17,24.94,36.47
1979,0.0,49.01,195.87,72.6,78.57,115.32,87.78,50.57,16.81,38.0,152.62,78.85,31.93,44.04,40.86,26.82,87.59,37.41,109.22,20.2,28.43,11.95,6.59,12.32,57.14,84.21,31.75,40.73,-999,55.59,16.69,23.47,90.48,79.07,11.52,12.53,107.84,33.32,14.75,11.9,63.45,38.71,51.11,117.47,78.8,25.59,18.04,28.13,7.41,20.38,31.99
1980,0.0,67.05,261.97,104.21,117.44,111.52,77.29,61.3,21.82,67.0,155.51,111.51,54.43,22.23,64.52,57.45,107.36,76.03,128.45,25.37,59.97,11.22,13.5,32.39,91.83,116.78,21.27,82.4,-999,80.9,20.16,42.43,93.83,70.12,12.14,30.65,120.77,24.79,27.12,24.56,109.45,61.68,98.33,132.03,66.3,54.43,10.36,19.4,19.28,40.38,34.86
1981,0.0,47.86,269.1,93.77,90.87,111.82,92.78,47.45,14.62,38.0,170.74,108.47,28.47,40.95,28.58,27.67,77.61,44.67,125.06,16.09,32.34,3.23,9.5,11.3,52.8,103.78,34.15,69.02,-999,52.12,11.22,30.09,70.58,92.13,5.76,16.17,103.54,34.35,12.58,20.18,98.74,43.61,65.25,124.75,78.48,39.24,6.22,31.18,9.66,25.15,35.41
1982,0.28,36.12,244.24,93.0,96.46,101.79,71.34,39.94,11.93,46.0,153.27,93.13,22.94,33.46,28.52,28.33,70.99,41.94,120.98,11.14,31.87,8.48,7.12,14.37,46.49,104.29,22.62,53.39,-999,41.96,9.2,22.83,83.25,60.46,6.87,19.85,105.08,26.57,12.81,10.43,90.19,37.71,65.96,125.95,60.04,28.31,11.62,30.64,8.2,24.42,33.12
1983,0.35,25.02,295.83,84.81,97.35,103.78,73.83,53.88,31.87,71.0,141.23,92.12,65.02,28.46,72.44,70.69,90.19,80.58,101.6,34.42,61.77,13.28,32.9,33.07,76.13,91.11,34.09,74.3,-999,74.37,27.72,49.15,95.89,56.82,23.27,49.9,95.24,20.37,40.63,37.61,90.49,61.11,80.08,119.37,64.23,56.09,20.81,23.45,35.08,50.59,40.38
1984,0.0,52.07,236.4,96.44,91.79,104.77,92.78,50.63,18.61,52.0,143.52,98.24,39.52,34.9,47.56,40.36,90.92,62.95,105.49,18.36,39.34,12.01,14.38,18.62,62.88,97.88,36.09,57.01,-999,60.64,14.68,32.0,83.26,69.68,7.72,26.34,94.87,33.31,14.43,13.37,89.96,43.11,68.15,133.04,73.32,34.55,11.23,26.99,13.9,35.64,34.72
1985,0.0,16.48,200.92,89.19,94.09,110.12,82.45,48.95,8.85,57.0,164.85,89.88,34.5,41.88,32.38,27.55,75.91,53.39,118.83,9.26,41.21,3.5,7.73,10.85,52.6,96.3,32.69,66.64,-999,54.14,14.6,28.75,90.48,71.95,5.52,16.97,100.32,36.97,15.41,7.98,94.75,41.94,66.46,125.9,76.74,35.51,6.2,31.54,13.76,26.71,34.17
1986,0.85,60.24,194.33,114.78,99.33,102.29,79.24,44.2,10.17,68.0,163.22,108.85,30.78,43.17,42.95,36.63,81.62,66.83,130.15,9.66,56.2,3.5,9.39,14.76,67.78,113.89,27.53,83.48,-999,48.77,9.96,36.12,83.65,78.03,4.39,23.07,98.77,45.78,12.16,6.98,114.97,32.35,84.37,121.95,76.0,56.12,3.58,35.01,12.26,33.39,27.74
1987,0.59,42.65,236.22,105.81,111.48,101.94,86.96,51.76,19.0,69.0,138.88,103.48,49.34,45.89,64.72,56.16,84.52,76.14,122.42,20.95,60.11,7.98,31.82,31.22,78.46,113.36,26.15,76.64,-999,61.41,18.84,41.43,80.72,78.04,15.24,38.43,106.93,46.72,30.25,18.01,104.38,53.01,89.46,115.07,73.36,57.99,16.07,34.12,25.97,44.03,27.4
1988,0.0,35.7,210.37,96.17,102.85,107.73,96.06,64.26,31.3,67.0,141.43,80.48,65.2,51.32,72.82,62.91,93.53,66.14,110.88,34.37,61.89,21.75,41.55,47.45,79.93,99.8,50.16,67.54,-999,73.66,29.15,46.94,81.0,85.37,26.44,50.0,96.86,43.93,43.43,27.09,93.77,71.04,80.72,129.65,89.84,55.64,26.74,32.3,46.87,46.73,50.19
1989,0.06,24.1,194.37,74.02,74.66,121.72,85.63,46.35,12.01,45.0,174.68,76.24,28.89,32.61,36.65,28.69,73.51,45.24,107.16,16.83,37.52,8.76,15.92,25.35,53.61,76.81,27.16,58.22,-999,51.64,15.64,29.19,108.2,67.25,8.6,17.62,93.01,25.84,15.85,15.51,89.68,53.42,51.68,128.32,81.0,27.36,13.7,18.96,15.57,17.91,34.55
1990,0.79,28.12,206.89,109.08,91.7,104.52,85.16,50.27,14.29,56.0,169.33,111.59,31.18,49.75,35.28,31.6,86.4,52.17,128.13,22.52,45.84,6.74,9.49,16.18,57.96,109.44,35.47,70.09,-999,59.01,15.72,29.26,94.18,75.27,8.49,15.08,105.54,42.67,14.16,14.02,112.34,49.31,72.61,121.27,80.18,36.4,10.94,33.76,8.0,19.47,35.71
1991,1.0,31.95,205.8,91.6,97.67,101.35,88.17,46.48,26.69,69.0,156.19,82.67,42.22,37.41,65.47,61.84,93.69,67.48,111.51,32.28,71.75,15.72,28.09,20.08,75.51,95.94,35.86,68.43,-999,64.83,21.84,49.79,87.07,73.94,19.18,43.29,100.16,44.48,38.46,34.65,90.98,44.32,73.99,120.79,69.73,44.1,15.16,25.38,21.94,46.78,30.56
1992,0.17,53.09,201.5,61.54,60.96,99.56,92.49,38.45,7.8,24.0,133.53,67.74,11.56,43.94,22.69,14.12,51.6,25.6,99.09,5.82,29.96,3.74,5.3,7.18,30.85,69.38,23.09,44.81,-999,23.61,8.28,21.63,93.33,74.21,2.89,5.24,60.55,46.4,4.96,7.55,75.58,19.55,34.59,108.54,67.65,16.44,3.19,31.6,5.93,10.32,20.44
1993,0.42,37.68,220.45,100.77,89.3,106.8,76.45,40.1,21.55,49.0,141.2,108.0,15.11,15.65,36.57,39.51,66.27,64.13,116.08,28.12,59.84,11.01,11.8,6.42,50.32,98.18,7.17,76.13,-999,30.59,21.51,44.45,95.06,58.49,13.45,29.76,92.39,25.66,27.87,23.6,106.62,11.96,78.34,120.31,65.86,46.89,15.07,17.11,5.15,44.03,11.59
1994,0.77,41.33,251.27,65.54,78.13,110.77,84.73,57.88,19.07,43.0,156.56,60.71,26.27,52.11,42.2,38.66,88.06,49.79,109.84,19.72,52.88,6.25,11.12,7.19,50.46,78.94,36.24,51.36,-999,53.91,17.87,36.23,104.93,87.73,9.27,20.87,106.78,47.48,15.31,14.45,81.4,32.01,48.18,118.37,97.51,28.49,12.59,31.45,9.4,25.57,41.08
1995,0.18,70.4,242.51,101.72,95.94,106.28,77.04,45.78,24.14,47.0,155.23,87.98,39.99,29.35,55.29,51.5,74.87,62.45,127.33,27.28,62.79,16.25,22.26,18.69,58.48,104.31,23.37,57.94,-999,56.44,24.98,41.23,95.27,66.69,21.05,30.17,89.93,36.19,28.3,24.58,88.19,40.88,71.93,121.85,71.06,39.68,23.21,21.88,21.15,31.35,31.23
1996,0.0,79.97,193.02,84.88,82.03,117.81,91.57,52.88,8.92,17.0,143.7,87.84,19.68,42.8,37.49,32.9,68.65,42.55,115.7,11.08,38.29,4.75,12.37,11.22,47.73,89.54,34.26,52.96,-999,34.78,9.87,23.39,100.87,86.24,4.44,18.09,100.92,41.9,9.0,8.0,91.65,32.31,58.15,130.56,93.9,23.52,3.84,28.85,7.42,16.91,35.36
1997,0.12,54.91,230.46,77.79,83.62,116.93,85.37,46.3,14.99,35.0,149.96,76.14,33.22,31.63,37.41,31.7,73.67,43.07,116.66,21.56,45.54,8.22,13.36,12.85,53.93,80.38,22.44,54.34,-999,52.99,18.12,33.55,98.16,74.54,8.2,14.71,95.07,31.12,14.8,20.96,82.84,32.04,57.49,116.37,73.58,34.78,8.75,25.97,9.13,18.35,25.09
1998,0.11,13.54,227.01,117.69,112.64,103.57,69.57,56.31,13.0,37.0,156.33,105.13,34.15,50.16,48.5,44.03,96.09,72.51,133.17,15.52,65.08,7.76,25.88,16.41,69.43,120.56,40.66,83.72,-999,63.21,14.0,42.08,114.37,64.78,7.66,27.09,126.47,43.82,22.19,12.98,116.13,37.42,92.96,141.59,70.82,49.83,7.01,38.46,12.88,24.24,36.02
1999,0.75,19.11,200.21,84.57,93.07,104.57,79.81,43.34,29.6,51.0,143.14,87.19,32.31,37.72,49.03,55.34,70.56,70.48,130.62,32.49,57.51,15.76,25.78,17.76,58.42,101.08,26.17,58.22,-999,45.74,24.64,47.64,95.42,73.55,21.16,41.95,93.55,39.02,32.72,26.41,91.93,35.78,80.06,134.92,73.36,42.09,23.55,28.14,19.22,49.53,30.44
2000,0.0,20.55,193.44,104.51,96.06,119.94,82.44,67.23,10.4,21.0,138.29,92.27,30.64,38.94,32.13,24.03,94.78,48.5,126.4,9.59,37.92,2.0,4.53,13.23,66.61,111.17,37.81,56.09,-999,69.25,9.68,26.58,118.45,84.39,3.39,8.51,109.24,32.77,7.02,9.49,90.91,48.85,75.1,134.81,95.14,24.88,2.9,24.1,4.78,12.93,47.57
2001,0.0,20.5,226.36,76.88,85.03,122.12,96.25,65.16,18.93,31.0,139.39,71.88,36.11,50.4,46.35,39.96,88.62,46.02,106.68,30.23,41.67,18.0,24.08,25.76,57.4,84.89,38.9,49.4,-999,62.34,24.02,32.27,111.14,94.49,16.62,23.9,102.93,40.49,23.0,20.5,92.92,50.63,58.43,113.61,95.5,31.73,20.85,30.82,23.48,22.31,49.32
2002,0.34,24.43,231.29,101.79,95.32,119.75,87.87,64.67,29.84,58.0,165.44,105.37,46.57,37.29,62.59,61.97,94.4,80.57,120.24,33.55,63.95,18.77,31.68,23.73,70.2,109.63,31.77,80.83,-999,74.65,28.09,51.78,122.07,83.53,25.44,48.25,102.85,38.15,41.15,31.01,108.12,54.86,88.84,125.26,89.47,54.38,22.48,30.45,21.03,48.15,43.02
2003,0.63,47.85,235.97,71.14,71.9,118.5,92.67,61.4,11.7,36.0,148.73,62.29,31.03,59.8,33.24,25.69,78.19,34.62,114.02,16.59,30.58,5.25,11.83,19.49,46.34,87.1,47.0,46.77,-999,59.44,14.72,30.84,112.32,89.74,7.13,13.04,102.01,48.65,9.4,15.94,71.62,48.34,48.36,115.76,92.19,28.87,9.8,42.38,16.22,14.03,48.05
2004,0.9,66.22,186.08,72.54,70.59,110.46,88.29,48.65,8.84,27.0,139.1,78.58,13.11,41.98,23.19,22.61,67.57,31.79,119.97,11.04,32.99,2.75,6.5,8.05,27.55,85.83,21.64,50.78,-999,44.53,8.46,25.44,86.62,76.93,3.24,9.97,95.08,41.27,4.91,6.47,88.12,29.9,42.77,108.65,73.12,31.35,3.43,38.11,2.75,14.63,23.5
2005,0.0,31.73,219.18,95.72,115.27,104.12,75.98,58.14,26.43,46.0,132.08,96.57,46.11,39.36,67.65,52.29,87.63,75.28,128.62,29.61,56.63,13.75,28.79,23.63,73.37,113.15,32.31,59.85,-999,67.85,25.32,49.53,101.49,71.33,25.11,36.68,116.7,35.57,37.81,30.46,92.64,52.51,80.21,135.49,69.34,37.88,20.6,28.11,27.51,44.9,38.92
2006,0.0,30.04,214.61,112.63,96.72,103.02,85.92,50.45,16.95,46.0,154.02,98.72,35.94,53.73,43.5,34.5,89.02,52.12,127.82,16.57,50.82,6.74,14.67,19.8,65.53,120.81,41.96,60.95,-999,63.48,12.05,36.08,89.79,85.93,11.55,21.83,123.08,46.06,22.45,17.03,95.9,57.63,76.76,145.88,82.12,35.52,11.4,37.57,19.7,26.31,45.04
2007,0.11,55.29,237.47,119.8,93.44,120.49,87.57,57.67,20.38,57.0,145.45,102.61,41.08,53.01,63.17,67.39,77.46,97.96,117.4,24.48,64.85,12.49,27.47,27.74,61.53,120.55,46.64,84.02,-999,58.4,20.39,36.04,100.45,94.31,16.59,40.78,93.01,35.56,27.93,22.52,108.21,52.71,101.32,108.91,90.12,47.71,13.19,28.99,20.5,43.93,49.75
2008,0.0,36.62,188.8,94.96,71.31,110.0,94.3,48.25,13.94,57.0,141.68,89.14,15.12,41.79,27.55,30.67,61.12,64.15,107.51,13.19,48.11,4.25,8.93,8.85,34.21,94.98,27.84,63.31,-999,34.1,10.01,35.86,87.95,94.61,8.78,26.48,103.7,39.51,18.38,18.98,95.31,28.84,71.64,127.43,80.54,35.16,6.09,28.7,4.68,21.95,33.73
2009,0.64,30.17,205.67,70.59,62.87,111.86,89.8,38.59,11.01,-999.0,154.92,82.28,11.16,43.34,18.31,18.39,56.49,35.87,114.5,11.12,40.05,5.48,4.63,7.34,30.88,88.8,25.36,53.26,-999,30.87,9.73,21.47,93.41,85.29,5.55,11.32,91.24,45.91,11.12,14.92,87.77,24.28,45.76,125.42,77.17,20.28,5.39,37.43,4.41,8.42,25.94
2010,0.11,28.62,227.39,122.81,116.56,113.41,76.54,57.45,32.14,88.0,149.55,118.12,31.88,34.3,57.58,63.24,86.89,89.16,139.6,34.8,78.04,14.99,18.32,18.43,69.99,125.24,18.92,90.76,-999,54.57,30.16,56.92,102.34,80.69,19.85,43.69,120.16,30.36,35.24,42.42,121.05,39.8,99.83,129.65,78.94,63.07,16.58,24.11,12.61,37.83,32.59
2011,0.21,22.66,181.49,102.88,104.92,113.16,78.38,58.63,19.22,65.0,158.22,117.96,37.16,43.42,54.46,49.97,94.57,71.35,132.7,18.03,58.57,6.99,23.54,18.07,71.96,111.28,32.88,80.88,-999,52.28,16.03,34.91,113.33,81.5,12.85,42.1,127.7,34.17,25.05,26.84,118.83,42.01,86.5,156.05,71.49,45.86,9.63,24.49,18.51,33.06,44.49
2012,0.0,16.27,222.75,85.76,102.39,127.97,95.54,65.54,23.04,48.0,149.36,95.43,60.51,49.19,70.06,65.22,100.84,68.5,121.66,25.02,58.45,10.23,33.82,31.3,82.11,97.74,43.39,57.28,-999,83.55,21.4,41.15,120.29,101.95,19.17,51.43,125.62,38.72,29.73,22.88,89.85,67.94,81.54,141.23,89.5,35.21,13.68,28.18,35.0,37.49,52.69
2013,1.71,49.59,216.68,73.9,84.11,116.34,91.79,57.0,20.78,42.0,146.01,72.6,34.52,55.51,38.25,30.36,77.94,47.25,121.17,23.16,45.05,15.73,14.69,18.03,48.37,87.87,34.35,41.83,-999,53.54,18.69,31.78,96.86,88.35,12.62,19.98,104.48,42.0,19.94,25.46,73.6,36.59,48.29,129.3,77.14,24.27,12.38,35.78,15.23,12.02,45.73
2014,0.16,65.03,249.82,86.71,70.4,109.53,99.59,46.45,11.93,30.0,143.26,95.43,11.94,43.04,25.67,21.93,76.35,51.01,110.31,16.31,32.97,6.48,4.7,5.59,43.67,90.89,28.81,52.04,-999,40.35,11.72,24.89,95.58,81.76,4.33,15.72,110.93,49.32,7.31,10.04,97.28,23.71,55.48,125.2,73.41,23.62,5.41,32.81,3.07,11.63,29.17
2015,0.55,96.83,258.21,84.85,90.32,115.31,96.11,53.11,23.95,47.0,158.21,100.59,19.06,51.53,31.21,27.18,79.8,55.4,127.49,26.01,50.68,7.74,12.42,11.0,46.17,97.99,35.47,68.15,-999,49.62,21.63,43.3,96.35,85.93,10.64,23.77,106.16,51.0,19.42,24.03,100.19,38.65,66.08,131.82,80.25,34.65,12.01,36.56,8.63,21.0,36.02
2016,0.52,53.68,229.95,120.59,94.85,121.61,86.52,54.95,33.35,59.0,153.34,114.83,31.56,39.97,49.04,44.44,83.26,73.0,129.51,38.54,62.1,11.98,22.87,12.01,65.79,118.33,31.36,73.34,-999,52.88,31.04,50.05,102.78,85.76,21.87,48.11,113.47,40.3,31.72,33.93,106.81,43.8,95.21,128.5,80.53,46.89,16.39,26.84,11.48,37.77,42.74
2017,0.21,47.48,229.47,78.88,81.65,128.46,92.28,53.71,18.77,41.0,156.35,86.48,34.83,57.02,44.57,32.79,75.05,43.88,109.75,19.25,48.15,7.5,14.16,10.71,55.24,84.2,45.87,58.63,-999,55.57,18.27,31.66,129.2,90.38,8.19,22.37,97.7,51.7,16.59,18.41,93.42,43.7,59.99,127.01,86.52,34.65,10.26,40.56,8.27,17.65,39.68
2018,0.25,55.43,201.38,115.49,116.01,122.82,86.07,64.02,30.78,52.0,166.53,105.88,38.61,38.98,58.57,54.67,94.84,70.7,142.53,32.72,59.46,11.99,24.05,17.08,82.22,117.35,26.31,73.25,-999,55.95,25.31,42.94,113.82,90.81,19.2,42.34,119.09,44.65,20.54,35.44,108.31,40.64,98.38,135.06,96.57,41.0,19.89,31.14,17.97,30.31,36.15
2019,1.82,127.26,234.37,126.22,101.51,104.4,83.79,57.78,24.26,71.0,170.65,108.99,25.8,36.25,42.7,41.05,80.67,83.03,133.99,22.89,69.05,7.49,11.56,8.96,58.59,121.77,22.93,85.18,-999,45.35,14.04,38.59,108.34,75.08,9.96,35.86,107.47,31.69,20.22,26.95,114.35,23.86,98.19,131.89,79.28,54.51,9.66,22.84,8.7,37.78,32.28
2020,0.0,102.85,239.91,90.48,76.44,133.4,108.46,69.85,29.44,-999.0,175.77,81.0,40.44,41.53,40.56,40.67,84.99,45.42,112.71,34.63,56.16,10.48,26.3,16.35,57.37,93.64,35.93,59.65,-999,68.28,29.92,42.56,105.08,100.62,19.51,38.85,107.25,43.46,31.9,33.97,80.18,48.99,66.99,131.24,100.16,39.61,22.49,30.12,18.27,30.95,51.57
2021,0.43,45.37,224.98,72.57,83.91,113.92,97.23,62.98,22.26,-999.0,159.48,76.1,43.01,60.22,46.9,41.82,86.13,41.53,107.72,27.35,59.18,13.49,18.31,30.31,59.99,84.57,50.93,61.42,-999,64.82,20.42,41.15,105.1,97.97,11.97,30.22,104.32,54.49,27.58,26.44,82.56,62.38,59.11,121.33,89.98,43.8,18.84,40.91,18.87,27.02,53.31
2022,0.05,54.4,214.87,95.01,96.39,121.16,97.76,64.58,29.52,61.0,165.5,87.75,39.58,48.93,37.76,40.93,104.77,59.22,126.36,31.41,58.29,13.0,18.71,14.05,73.27,111.72,45.67,69.71,-999,76.62,24.69,47.28,117.44,90.35,16.49,29.5,130.62,54.29,22.13,30.01,99.67,53.94,77.89,150.8,90.92,38.05,22.18,42.2,13.63,22.56,49.86
2023,0.36,57.38,242.49,90.83,99.8,125.61,87.97,49.86,18.62,47.0,167.66,80.58,39.68,42.01,39.93,35.75,89.93,45.04,144.28,17.96,49.78,6.99,14.33,24.94,68.45,120.82,25.68,56.97,-999,57.39,14.45,34.66,107.38,70.15,7.39,21.09,134.0,51.23,10.73,16.39,82.55,46.92,64.44,139.11,74.34,32.64,13.46,39.45,21.36,17.01,29.62
2024,0.46,32.28,253.75,104.62,97.94,131.36,101.93,64.92,24.29,54.0,153.73,104.28,29.84,49.78,43.73,43.43,91.51,68.37,130.93,27.01,52.63,17.02,15.02,7.52,59.29,101.48,39.59,55.75,-999,59.05,20.02,41.91,126.72,97.75,11.55,43.14,143.0,48.22,21.24,19.41,94.23,39.69,75.45,150.31,100.38,46.68,17.87,44.09,10.9,53.59,46.96
