Year,AK,HI,PR,AL,AR,AZ,CA,CO,CT,DE,FL,GA,IA,ID,IL,IN,KS,KY,LA,MA,MD,ME,MI,MN,MO,MS,MT,NC,ND,NE,NH,NJ,NM,NV,NY,OH,OK,OR,PA,RI,SC,SD,TN,TX,UT,VA,VT,WA,WI,WV,WY
1950,7.25,-999,-999,15.02,18.96,0.71,6.11,0.9,8.8,9.08,13.98,11.42,6.83,0.92,11.18,15.56,7.29,18.17,18.47,9.55,8.34,8.55,5.62,4.53,10.37,19.28,1.16,10.03,2.89,4.52,7.51,8.91,1.73,0.81,7.4,11.42,10.15,9.0,9.54,7.36,8.76,2.61,20.01,-999,0.67,8.06,5.32,7.35,5.87,9.16,0.56
1951,7.25,-999,-999,16.11,16.98,2.29,5.51,1.64,15.33,13.28,15.25,12.54,9.99,0.8,9.18,9.85,11.19,13.99,14.89,13.37,12.03,12.17,6.27,5.14,12.97,16.44,1.16,9.67,2.38,7.04,10.63,14.4,1.09,0.42,7.42,6.33,9.92,7.53,8.37,11.46,9.9,3.78,16.65,-999,1.23,8.71,5.42,6.93,7.61,7.58,1.19
1952,9.16,-999,-999,14.14,13.45,2.42,7.11,1.08,14.72,14.88,13.45,12.69,6.54,0.63,7.58,8.9,2.99,9.56,15.64,9.92,11.95,7.65,4.76,5.27,7.68,12.68,0.77,14.14,2.11,3.23,10.6,14.66,1.09,0.57,8.0,6.29,5.79,3.79,10.36,10.48,13.02,1.98,11.23,-999,0.95,11.2,6.71,3.31,4.84,6.48,1.03
1953,8.1,-999,-999,18.1,13.78,0.8,3.06,1.32,16.01,11.27,21.6,16.85,5.39,1.34,4.85,5.53,4.45,7.28,19.74,15.63,8.07,10.83,4.06,7.59,4.74,18.95,1.99,12.3,3.34,3.95,11.58,12.48,0.93,0.06,7.59,4.05,9.61,8.18,8.27,19.77,13.42,4.25,14.05,-999,0.98,9.28,5.51,7.31,5.18,5.04,0.6
1954,7.71,-999,-999,9.53,11.81,2.38,5.85,0.94,10.91,7.6,12.24,7.7,8.3,0.82,8.55,8.34,5.31,10.16,13.35,11.76,6.16,11.28,6.17,4.32,9.98,12.26,1.08,11.41,3.28,4.0,12.85,8.95,1.59,0.15,7.51,6.39,6.77,5.43,8.22,13.02,8.18,2.95,13.73,-999,0.81,8.67,6.86,6.4,8.64,8.74,0.37
1955,8.42,-999,-999,13.51,12.72,2.22,5.53,1.39,13.15,9.3,12.08,10.85,4.59,0.98,8.43,10.69,5.61,10.74,17.04,12.57,10.43,6.64,4.01,3.92,8.95,14.24,1.29,11.77,2.81,3.23,7.45,9.02,1.5,0.63,7.31,6.57,8.85,6.81,7.93,12.52,10.33,2.64,15.19,-999,0.61,9.18,5.22,7.51,4.44,7.02,0.6
1956,9.05,-999,-999,14.73,12.18,0.67,3.59,0.84,7.0,9.0,12.93,13.45,4.87,0.65,7.29,8.95,3.11,14.35,16.06,8.41,8.1,4.59,4.48,4.13,7.39,14.11,0.89,12.11,2.6,2.83,6.25,9.02,0.72,0.37,4.69,7.64,5.05,7.04,8.59,9.24,11.32,2.83,13.91,-999,0.5,8.51,4.71,6.25,5.15,8.83,0.62
1957,6.91,-999,-999,17.02,22.13,1.97,5.13,2.55,5.72,8.33,19.01,15.39,6.63,0.81,10.88,13.51,8.63,15.35,22.5,5.92,7.34,4.75,5.47,6.33,12.07,18.34,1.42,13.88,2.99,5.9,6.76,5.82,1.65,0.42,5.18,8.58,14.42,6.03,6.16,6.96,13.84,4.21,20.52,-999,1.19,10.76,5.12,4.84,4.98,7.05,0.92
1958,8.59,-999,-999,13.69,17.06,1.93,6.73,1.01,14.22,17.1,17.45,11.81,5.95,0.91,8.74,11.01,8.34,9.28,16.23,12.66,13.41,8.39,3.4,3.23,11.8,18.12,1.17,14.71,1.71,4.62,7.95,15.73,2.45,0.44,6.56,7.87,8.0,6.35,8.25,15.73,12.47,1.91,10.4,-999,0.6,11.46,4.2,6.46,5.38,8.12,0.78
1959,8.61,-999,-999,15.6,14.51,2.07,3.7,1.47,11.29,9.01,22.04,16.28,9.63,0.91,8.28,9.72,7.4,10.12,18.31,11.94,8.79,9.08,6.8,5.52,10.13,15.25,1.05,15.01,2.34,5.07,8.45,11.32,1.69,0.24,7.03,7.7,13.38,4.49,8.16,13.92,17.15,2.31,12.99,-999,0.44,10.38,5.35,6.81,8.69,5.2,0.35
1960,8.71,-999,-999,14.24,13.55,1.18,4.57,1.19,13.16,9.69,18.71,12.99,8.84,0.49,7.54,7.24,5.89,9.31,15.08,12.87,10.16,11.49,5.12,5.33,8.29,14.35,0.48,14.49,2.83,4.31,10.37,10.92,3.13,0.35,5.71,3.65,10.82,6.02,7.66,13.0,15.19,3.79,10.6,-999,0.45,11.19,6.04,5.76,8.84,6.85,0.59
1961,9.81,-999,-999,21.38,17.1,1.2,2.99,1.58,8.97,7.63,13.11,15.66,9.24,0.96,9.82,9.17,9.94,11.14,25.9,10.52,8.49,7.81,5.38,4.68,13.07,23.06,0.77,14.63,1.63,4.51,6.2,11.29,1.89,0.3,5.87,7.3,10.5,6.5,6.7,12.74,16.15,3.25,14.92,-999,0.52,12.31,3.0,6.63,5.92,8.41,0.7
1962,9.11,-999,-999,15.44,13.81,1.01,5.9,1.09,10.62,10.06,13.9,13.44,6.74,0.83,7.51,8.78,6.85,14.94,13.05,10.49,10.6,9.01,3.03,5.78,8.47,14.33,1.72,14.5,4.32,5.88,9.96,12.65,1.71,0.35,5.68,5.6,8.94,5.23,6.91,15.41,15.07,5.83,16.16,-999,0.78,9.5,5.57,5.22,4.72,7.74,1.35
1963,10.14,-999,-999,15.48,9.02,2.03,5.88,1.37,8.53,8.25,15.74,15.93,6.01,1.2,6.87,6.02,4.99,7.04,12.49,7.56,8.65,8.21,3.74,4.45,7.74,11.28,1.2,10.66,2.33,4.37,6.27,8.89,1.36,0.61,4.76,4.38,5.87,5.27,5.03,12.07,13.61,3.32,10.75,-999,0.65,7.83,2.2,5.11,4.49,6.96,1.2
1964,6.92,-999,-999,21.35,15.31,1.96,4.66,1.18,4.96,8.65,19.76,21.76,8.04,1.79,7.54,8.17,6.29,12.5,18.48,7.03,6.67,5.21,4.04,5.71,9.19,20.54,2.6,16.03,3.84,3.92,6.37,8.65,0.9,0.42,3.9,7.03,10.65,7.64,6.63,8.75,21.98,3.81,17.1,-999,0.78,8.86,4.33,5.76,5.0,6.27,1.43
1965,8.58,-999,-999,14.57,12.64,3.11,5.22,2.91,5.03,4.67,15.72,13.7,9.94,0.96,10.74,8.79,9.01,10.58,15.2,4.66,6.1,3.72,4.77,6.68,12.49,13.29,1.63,12.51,2.92,6.54,4.87,4.03,1.94,0.69,3.38,6.76,8.31,5.0,5.15,4.33,13.41,3.36,14.39,-999,1.05,7.39,3.92,5.34,7.43,4.67,1.15
1966,8.65,-999,-999,19.13,13.51,1.81,4.22,1.46,10.18,7.29,17.72,16.43,6.17,0.73,8.85,9.22,4.1,13.18,19.27,8.85,6.11,7.35,4.22,5.42,8.85,16.81,0.95,13.33,3.2,3.88,8.23,10.5,1.65,0.29,5.51,7.08,6.43,6.2,6.15,10.74,13.52,3.61,13.1,-999,0.96,9.68,5.68,5.01,5.21,5.55,0.7
1967,8.93,-999,-999,16.0,14.97,2.83,5.69,1.81,11.82,12.58,15.01,15.51,6.8,1.1,9.55,7.65,8.6,12.79,17.14,10.61,11.08,7.54,5.44,3.54,11.83,15.38,1.65,12.6,1.7,4.76,6.06,10.16,1.85,0.38,6.44,6.18,9.11,4.56,7.82,12.29,13.11,3.03,15.98,-999,0.85,8.87,4.7,7.14,6.69,7.78,0.97
1968,7.63,-999,-999,12.59,19.84,1.55,4.32,0.87,12.75,8.68,15.91,11.39,6.98,1.31,8.92,10.83,7.19,10.96,16.48,11.19,8.6,7.16,5.1,7.08,11.76,16.77,1.69,10.45,2.89,5.38,11.38,10.34,1.45,0.45,6.28,6.92,11.27,6.52,7.46,11.97,11.52,4.36,10.82,-999,0.81,8.17,4.48,6.76,8.28,6.37,0.97
1969,7.86,-999,-999,17.96,13.56,1.51,7.93,2.37,15.66,11.54,19.82,14.66,7.79,0.72,10.4,10.45,8.33,10.14,16.5,12.54,9.29,12.37,4.46,4.48,11.73,16.47,1.73,14.93,2.28,4.94,13.94,12.44,2.63,0.79,6.94,7.32,9.36,6.24,7.33,15.67,14.78,3.32,13.9,-999,1.45,10.87,6.96,4.76,4.63,7.35,0.9
1970,8.91,-999,-999,16.36,15.55,1.65,6.94,1.31,7.82,10.76,16.44,13.94,8.07,0.76,10.55,7.51,6.39,12.34,15.81,9.75,10.09,9.16,5.45,5.39,12.18,15.91,1.57,11.09,2.87,4.03,10.82,8.41,1.32,0.45,4.69,6.58,7.11,7.12,8.34,12.7,12.39,3.47,13.83,-999,1.08,7.27,5.11,6.66,7.29,8.71,0.86
1971,8.58,-999,-999,18.98,11.04,2.17,3.15,1.18,12.24,16.65,13.45,17.37,7.3,1.15,8.23,8.85,7.59,11.66,16.39,8.32,14.86,5.61,4.61,6.08,8.27,18.38,1.48,15.29,3.83,4.4,8.22,14.82,2.1,0.63,6.13,6.4,9.91,7.02,7.29,11.03,16.54,4.82,12.95,-999,0.65,12.75,5.88,6.91,6.1,6.93,1.53
1972,7.48,-999,-999,16.95,14.62,3.59,3.15,1.19,17.76,12.89,15.15,14.07,8.56,0.58,9.95,10.5,7.14,16.01,20.14,15.55,15.96,9.84,6.59,5.29,9.76,19.51,1.24,13.72,1.92,4.75,11.09,15.24,3.2,0.22,8.88,7.8,8.04,6.46,9.41,20.39,13.56,3.81,16.45,-999,1.09,15.03,4.75,7.69,7.32,10.23,0.54
1973,6.44,-999,-999,21.41,22.71,0.89,7.14,1.46,17.88,14.4,17.57,17.46,11.38,0.93,11.93,8.66,11.5,12.78,23.51,13.61,10.69,11.75,5.05,6.08,15.96,23.28,1.63,14.48,3.0,6.81,14.42,14.18,1.36,0.17,8.16,7.08,14.17,6.58,8.45,14.33,15.74,3.5,19.13,-999,0.81,10.43,10.15,5.12,7.74,7.37,1.9
1974,8.61,-999,-999,17.52,17.29,1.44,5.21,1.05,12.25,10.72,14.49,14.3,7.17,0.91,9.4,7.91,6.38,11.65,21.86,10.79,10.37,8.56,4.24,3.8,11.65,21.75,2.03,13.59,2.06,2.31,10.47,11.76,2.52,0.19,6.33,6.65,12.22,6.69,7.55,12.27,12.85,1.76,16.75,-999,0.54,9.1,6.76,7.39,4.86,8.56,0.8
1975,7.58,-999,-999,23.49,15.24,1.01,4.48,1.14,14.37,16.65,14.56,17.57,5.89,1.62,9.57,11.21,6.92,16.12,21.94,15.69,14.94,7.45,6.45,5.71,10.97,20.38,2.32,16.75,3.61,4.58,11.73,16.69,1.58,0.14,8.22,7.52,9.7,5.79,10.71,16.77,16.93,2.53,17.6,-999,0.8,14.26,7.5,8.84,6.36,9.0,1.11
1976,10.11,-999,-999,15.91,12.21,1.58,2.63,0.9,13.51,10.62,15.64,16.41,5.85,0.68,6.98,7.74,5.64,10.95,15.85,9.47,11.08,11.36,4.04,2.47,6.77,15.48,1.33,12.36,1.52,3.66,11.48,8.86,1.52,1.0,9.18,5.11,7.5,3.27,7.97,11.62,15.72,2.19,11.71,-999,0.45,10.93,10.73,4.27,3.43,7.77,0.78
1977,7.4,-999,-999,18.52,14.09,1.68,3.76,1.53,17.05,13.93,13.7,13.71,8.9,0.6,10.81,10.25,9.22,12.99,18.63,15.67,9.55,9.89,3.48,7.19,11.75,18.97,0.81,12.35,3.45,7.5,13.49,11.12,1.81,0.71,10.77,7.29,9.6,5.74,9.71,16.59,11.41,5.61,16.66,-999,0.55,8.69,8.09,5.64,6.59,7.15,0.93
1978,8.34,-999,-999,14.79,14.65,3.72,7.34,1.34,11.85,14.35,16.72,12.02,8.8,0.4,7.45,9.34,5.79,14.89,15.91,11.17,11.1,5.77,4.81,5.28,10.44,14.01,2.18,14.95,3.16,4.0,8.05,14.11,2.62,0.54,6.55,6.81,8.05,3.38,9.0,15.37,12.53,3.52,14.13,-999,1.53,11.84,4.95,3.45,8.02,10.38,1.39
1979,8.41,-999,-999,21.35,20.47,1.77,5.83,1.44,17.23,17.39,20.63,17.36,8.17,0.79,9.32,12.35,8.29,17.25,23.45,16.74,18.15,9.58,5.12,5.44,11.11,24.23,0.76,17.63,2.09,5.31,10.53,16.12,2.1,0.38,7.89,8.68,10.05,5.32,9.74,18.32,16.84,3.6,20.43,-999,0.87,15.21,6.16,5.63,6.13,9.08,0.6
1980,9.58,-999,-999,18.48,13.25,2.09,6.03,1.69,10.58,7.89,15.62,13.68,7.22,1.62,7.4,7.55,5.76,7.65,19.03,8.36,8.77,4.93,4.41,3.88,6.87,21.06,1.76,10.37,3.0,3.27,6.38,8.57,1.78,0.48,5.95,7.29,7.8,6.23,6.99,11.31,12.47,2.72,11.68,-999,1.45,6.8,2.68,5.95,8.01,8.69,0.49
1981,10.08,-999,-999,14.44,12.79,1.6,6.12,1.5,10.19,7.31,13.66,11.03,7.92,0.92,11.07,9.67,8.11,11.22,13.49,10.33,6.72,7.71,6.28,5.75,11.98,12.44,1.58,11.03,2.67,5.52,12.6,8.43,2.72,0.32,6.02,7.81,10.22,6.31,7.44,9.6,10.64,2.91,12.47,-999,0.99,7.18,9.11,6.01,6.32,6.32,1.03
1982,6.65,-999,-999,19.61,17.73,2.0,8.15,1.75,13.97,13.03,19.67,16.45,10.28,1.36,11.38,9.46,7.19,11.22,20.13,13.54,9.05,6.87,5.3,5.99,13.75,20.89,1.76,13.47,4.18,6.44,8.08,10.96,1.98,0.68,6.12,5.87,10.41,7.07,7.42,12.52,13.3,5.58,15.99,-999,1.91,10.39,5.54,7.48,7.66,6.96,1.48
1983,7.29,-999,-999,23.48,13.92,3.52,10.64,1.42,20.55,21.48,22.59,18.7,8.16,1.09,10.43,10.06,5.79,12.68,23.58,19.08,14.67,14.36,5.76,5.92,10.79,24.66,1.31,15.91,2.11,5.69,16.62,19.52,1.54,0.54,9.08,8.04,9.18,7.12,9.72,21.74,15.4,3.25,17.82,-999,1.18,13.71,9.41,7.09,6.54,7.24,0.54
1984,8.01,-999,-999,15.86,19.65,2.73,3.17,1.44,12.95,11.6,15.17,15.54,8.52,1.04,10.67,8.98,7.35,14.16,19.03,14.87,10.65,8.62,5.13,6.53,12.61,18.51,0.8,15.38,2.36,5.93,12.29,13.26,2.96,0.51,6.87,5.71,9.08,6.11,8.59,13.93,15.0,4.07,16.4,-999,0.95,12.25,7.0,6.2,7.56,8.01,0.89
1985,8.63,-999,-999,15.66,14.14,2.09,3.49,1.3,7.45,9.96,15.86,13.1,6.46,0.54,11.85,12.51,9.27,9.97,21.72,8.77,8.82,6.27,8.1,7.53,15.78,17.38,1.13,13.54,2.89,5.03,8.35,10.12,3.17,0.41,5.11,7.73,13.36,2.92,7.15,9.32,14.43,2.91,10.46,-999,1.05,12.19,3.96,3.73,7.79,8.05,0.57
1986,10.42,-999,-999,15.12,14.6,1.88,5.65,1.68,10.91,11.88,16.4,11.33,9.97,0.87,8.95,9.69,8.37,9.87,16.49,12.25,7.72,7.51,6.47,6.59,11.28,16.09,1.97,8.95,3.34,5.3,10.07,11.74,3.35,0.32,7.19,8.31,12.75,5.61,8.28,12.49,10.55,5.18,12.67,-999,1.24,7.48,7.8,6.05,7.34,6.99,1.19
1987,10.56,-999,-999,14.83,16.34,2.3,3.97,1.54,11.22,8.79,17.09,12.67,7.82,0.54,7.98,7.25,8.7,9.1,19.43,12.71,9.72,7.27,4.84,4.23,10.96,16.4,1.58,13.86,2.95,5.63,11.07,13.48,1.98,0.59,7.11,5.35,13.11,5.1,7.15,9.63,13.08,2.7,11.31,-999,0.72,11.72,7.16,4.62,4.56,6.17,0.61
1988,9.32,-999,-999,15.28,14.15,2.22,3.33,1.43,10.2,11.05,16.03,12.1,4.39,0.77,6.64,7.81,5.07,11.62,17.67,10.91,8.06,6.42,5.54,4.66,9.5,16.17,0.89,9.67,1.54,5.2,10.66,9.48,2.74,0.36,5.92,6.0,8.29,4.88,6.32,11.42,9.94,3.19,12.53,-999,0.64,7.97,4.94,5.36,4.76,5.32,0.67
1989,8.71,-999,-999,21.56,15.78,2.05,3.15,1.13,14.24,14.76,14.79,16.25,5.54,0.66,7.39,12.04,7.54,16.29,19.01,13.34,12.97,6.63,4.24,4.34,8.28,21.26,1.2,17.63,2.0,3.25,8.08,15.91,1.51,0.47,8.28,8.43,11.2,3.41,9.13,16.81,15.6,3.1,20.19,-999,0.59,14.47,7.51,4.31,4.57,11.07,0.85
1990,9.01,-999,-999,17.0,22.04,2.42,2.82,1.68,12.93,9.69,13.53,14.07,9.59,0.97,13.95,15.37,6.75,16.11,21.49,12.65,12.23,11.35,7.42,5.97,14.42,19.82,0.76,13.74,2.56,3.85,14.14,13.49,1.94,0.4,9.15,13.16,12.39,5.15,10.19,14.25,12.7,3.32,18.9,-999,0.76,11.73,10.07,7.99,7.63,9.77,0.76
1991,10.66,-999,-999,21.17,20.48,2.09,5.03,1.4,12.18,10.31,19.43,18.21,9.64,0.99,7.73,7.78,5.3,11.74,28.53,12.93,9.28,8.76,6.35,7.71,10.54,23.65,1.42,13.21,3.08,4.16,10.57,12.02,3.57,0.28,6.12,4.62,11.94,5.37,5.69,12.54,15.49,5.05,17.84,-999,1.12,9.48,5.43,5.78,9.02,7.49,1.16
1992,10.26,-999,-999,18.78,14.57,3.45,5.66,1.74,12.09,9.01,16.89,19.12,8.56,0.87,8.13,10.01,8.35,9.44,21.68,10.49,10.54,7.08,5.66,4.89,10.25,17.11,1.34,16.47,1.79,5.62,7.34,10.16,1.78,0.31,7.37,7.93,11.33,4.22,7.54,13.31,16.31,3.36,12.75,-999,0.7,10.07,5.45,5.15,6.24,6.13,0.68
1993,8.41,-999,-999,14.64,15.8,3.87,6.65,1.54,11.96,13.83,14.82,14.12,12.25,0.61,13.04,12.27,10.31,10.53,17.95,10.0,11.14,8.09,4.92,6.67,15.24,17.67,2.54,13.17,4.35,6.53,7.25,12.7,1.87,0.25,6.42,6.85,10.34,4.05,10.01,11.32,12.77,4.95,11.66,-999,1.0,10.35,2.9,3.85,7.02,7.19,1.58
1994,9.23,-999,-999,21.62,17.39,2.48,3.44,0.94,14.18,14.67,20.85,18.31,6.46,0.91,8.35,8.44,6.59,14.62,19.32,13.35,11.25,7.51,6.04,5.6,12.47,19.8,1.3,13.87,3.98,4.65,9.39,14.38,2.22,0.24,7.49,6.42,10.95,4.57,10.49,12.7,15.88,3.17,20.93,-999,0.78,10.88,5.18,6.25,6.19,11.07,1.01
1995,6.8,-999,-999,19.96,12.92,1.67,8.84,1.72,10.83,13.41,18.25,14.77,7.28,1.83,10.21,8.33,8.19,13.7,19.98,9.69,9.7,7.96,5.51,6.17,11.83,19.17,1.87,16.06,3.12,5.1,10.16,11.72,1.57,0.58,6.79,7.83,11.85,7.84,7.13,10.34,15.67,5.77,16.47,-999,1.05,11.59,6.71,7.09,7.27,7.2,1.13
1996,6.93,-999,-999,19.33,16.55,1.46,8.38,2.1,14.13,18.71,16.63,14.45,7.84,1.9,9.07,13.36,9.2,16.18,17.15,16.07,16.86,10.58,5.77,5.47,13.38,18.22,1.08,15.0,2.68,6.27,13.74,17.18,2.47,0.42,10.35,10.71,11.84,11.42,13.92,15.24,11.48,4.21,17.79,-999,1.14,14.11,8.59,8.77,7.13,13.48,0.85
1997,7.92,-999,-999,18.91,14.68,1.58,4.85,2.36,8.65,6.8,18.97,18.11,6.94,1.49,7.53,9.16,8.91,11.81,21.34,8.01,7.98,5.27,4.53,5.01,9.46,21.68,1.69,11.66,3.34,5.25,8.62,8.13,3.18,0.38,5.14,6.66,12.84,5.52,6.04,11.38,16.03,5.2,15.63,-999,1.02,6.51,5.5,7.64,5.62,7.08,1.08
1998,8.03,-999,-999,18.21,13.9,1.96,8.66,1.64,11.81,8.69,17.78,17.0,9.52,1.24,11.41,11.2,9.16,12.24,20.13,13.97,11.13,8.97,5.3,6.42,14.37,19.04,1.47,15.51,4.59,5.74,12.78,11.08,2.18,0.71,7.8,8.95,10.68,7.55,9.15,17.63,15.97,5.62,16.84,-999,1.23,13.16,7.04,7.36,7.22,8.68,1.43
1999,9.12,-999,-999,16.52,14.04,2.17,3.57,2.21,12.27,13.41,15.1,11.06,8.23,1.31,8.94,8.41,8.98,8.76,15.64,10.93,11.76,9.84,5.1,6.88,11.51,15.07,0.99,13.79,4.06,5.66,11.53,11.51,3.2,0.3,6.4,5.15,11.86,6.26,9.23,13.96,11.39,4.67,12.76,-999,0.69,10.99,6.08,7.91,7.09,7.92,1.14
2000,7.54,-999,-999,13.73,14.22,2.3,5.25,1.29,9.85,12.01,11.77,11.33,6.65,1.21,10.02,11.69,6.22,12.34,15.97,12.21,9.81,7.78,6.48,5.18,9.5,13.42,0.85,11.67,4.18,4.32,10.45,12.4,2.42,0.3,8.26,9.35,10.26,3.9,8.48,13.64,11.99,3.68,13.14,-999,0.81,10.05,7.05,3.3,7.62,9.42,1.04
2001,6.51,-999,-999,19.01,17.77,0.92,5.46,1.37,9.35,8.63,16.18,11.79,8.04,0.63,9.45,11.24,8.13,10.77,23.22,9.96,7.13,4.29,5.68,6.12,12.96,23.02,1.26,9.39,3.06,5.61,8.13,8.01,1.31,0.27,5.11,7.27,9.52,3.8,6.12,10.73,9.82,4.2,16.05,-999,0.41,8.74,3.21,5.16,6.57,7.45,0.8
2002,9.25,-999,-999,17.46,17.04,1.13,4.69,0.64,12.33,13.81,18.9,15.22,7.18,0.81,9.97,11.44,5.63,14.42,21.57,11.16,9.28,6.64,4.47,6.21,11.26,21.14,1.27,13.11,2.14,2.83,9.83,13.03,1.53,0.27,8.73,7.43,11.75,5.36,9.05,13.29,14.12,2.6,18.4,-999,0.8,9.56,8.17,5.6,7.83,9.8,0.47
2003,7.91,-999,-999,20.98,12.5,1.54,4.31,1.56,15.18,16.58,18.59,16.59,6.79,1.01,10.12,12.0,6.45,15.1,16.24,14.5,18.87,11.34,5.0,3.82,10.42,18.76,0.65,18.9,2.09,3.5,13.02,16.34,1.0,0.46,10.52,10.33,7.5,4.79,12.5,18.28,15.53,3.08,18.08,-999,0.64,16.97,9.5,6.3,5.2,12.45,0.77
2004,9.69,-999,-999,18.25,17.21,2.04,5.61,1.68,12.19,14.79,17.96,13.52,8.8,0.74,9.97,10.22,8.13,15.56,23.8,11.82,12.45,7.39,5.65,6.57,13.09,21.51,1.18,13.14,3.32,4.24,10.61,12.21,3.25,0.6,8.5,9.34,11.45,4.36,10.84,12.62,11.68,4.59,19.44,-999,1.67,12.57,6.68,5.11,6.58,13.04,0.57
2005,7.27,-999,-999,17.2,10.09,2.22,7.09,1.58,11.22,11.52,20.05,16.46,6.5,1.51,7.35,11.28,8.02,7.6,13.35,14.24,12.75,16.45,4.57,6.84,10.48,14.72,1.69,13.05,4.31,6.22,16.62,14.11,1.93,0.92,11.16,9.18,8.35,6.41,8.85,17.26,12.82,3.97,12.1,-999,1.32,9.69,9.61,5.25,4.57,7.42,1.46
2006,8.14,-999,-999,15.34,16.21,1.57,5.17,1.71,16.17,14.37,13.69,11.72,7.3,1.05,10.17,14.55,6.22,13.44,18.47,14.08,12.23,11.01,6.72,4.12,10.34,18.07,1.67,15.28,1.8,5.11,16.4,15.96,2.99,0.54,11.29,8.85,8.9,7.62,11.57,15.96,12.7,2.7,14.1,-999,1.06,13.19,10.87,8.02,5.82,7.96,0.55
2007,7.57,-999,-999,11.47,15.01,2.46,2.92,1.99,9.98,14.3,14.19,9.69,12.32,0.76,8.22,9.9,9.67,9.96,14.82,10.48,9.7,11.49,4.85,6.58,10.19,11.9,1.64,10.23,4.18,7.52,11.41,13.98,2.09,0.05,7.94,10.1,14.2,5.35,8.51,12.68,10.17,5.48,9.98,-999,0.88,9.4,8.04,5.54,6.85,8.63,1.46
2008,9.42,-999,-999,16.44,18.86,2.49,3.88,1.44,15.49,10.61,15.96,13.95,11.09,0.81,14.28,14.28,10.07,11.26,16.27,15.68,12.76,13.37,5.69,5.7,17.77,18.66,1.65,11.64,3.36,6.67,17.58,12.48,2.23,0.15,8.61,9.69,11.38,4.03,9.11,14.61,13.91,5.13,13.96,-999,0.97,9.09,10.11,3.83,6.15,7.67,1.45
2009,7.89,-999,-999,24.52,24.22,0.9,3.94,1.5,11.89,15.68,15.9,19.82,10.06,1.04,14.83,11.68,8.31,14.04,22.04,13.25,14.3,11.03,5.81,4.22,15.05,22.87,1.17,14.83,3.21,4.62,12.96,14.76,1.82,0.26,6.76,5.77,11.51,4.33,7.14,16.43,14.96,3.58,17.5,-999,0.57,13.88,6.74,5.31,5.55,8.32,0.47
2010,5.09,-999,-999,15.39,10.53,2.69,7.18,1.41,15.56,11.33,15.09,13.11,12.15,1.22,9.77,9.31,8.11,10.98,12.26,17.08,9.64,11.7,5.61,7.75,12.89,13.17,1.92,13.39,4.9,6.4,14.88,13.1,2.49,1.03,9.24,8.04,10.02,6.47,9.41,17.3,12.39,5.3,14.95,-999,1.55,10.27,9.22,6.27,9.55,9.13,1.26
2011,8.43,-999,-999,15.74,17.77,1.02,4.01,1.04,19.4,15.48,16.18,10.99,7.32,1.18,12.14,15.3,5.56,20.01,13.56,16.8,10.42,11.6,6.85,4.73,12.55,16.15,3.14,12.36,3.49,6.0,15.09,16.4,0.77,0.31,12.08,13.15,6.6,4.84,13.76,18.62,10.6,4.1,20.57,-999,1.39,12.95,10.59,6.59,5.92,11.83,1.42
2012,7.62,-999,-999,15.35,12.77,1.59,5.73,0.75,9.09,7.1,16.62,10.49,5.45,1.7,6.75,7.25,5.07,10.54,20.76,9.4,9.76,10.07,5.38,5.74,7.63,19.52,0.75,11.95,1.65,2.23,10.92,9.82,0.9,0.24,6.11,6.84,6.68,9.3,8.19,10.62,11.79,2.18,12.31,-999,0.71,8.99,7.22,7.51,6.0,8.66,0.2
2013,9.07,-999,-999,21.23,16.95,2.89,1.03,1.54,13.51,13.37,18.04,21.71,8.83,0.73,11.52,12.54,7.56,16.62,19.97,12.85,11.33,8.59,6.69,5.03,13.53,20.53,2.45,16.46,5.51,5.26,10.69,12.76,2.65,0.21,8.68,9.41,10.68,3.57,8.67,11.32,17.69,5.76,19.96,-999,1.08,13.58,7.68,5.15,6.49,8.7,1.36
2014,7.81,-999,-999,17.39,14.39,2.5,4.83,1.75,13.49,11.5,17.27,15.83,11.06,1.9,11.03,11.18,6.94,12.22,18.86,13.75,11.52,11.42,6.49,5.78,10.77,18.9,1.58,14.52,3.49,5.82,13.51,13.64,2.17,0.5,8.47,7.89,8.32,8.67,7.56,13.09,13.9,3.54,16.69,-999,1.45,10.49,8.21,7.68,8.63,7.57,1.22
2015,9.15,-999,-999,18.97,21.83,2.47,2.76,2.06,8.5,10.73,16.85,17.35,11.53,1.56,13.83,12.69,8.84,17.84,20.91,10.61,10.73,6.4,5.36,6.91,16.57,17.73,1.35,15.93,3.23,6.05,9.53,11.85,2.81,0.79,7.35,9.31,15.67,6.67,8.06,9.32,16.58,4.85,18.01,-999,1.31,11.3,7.87,8.37,8.97,9.43,1.19
2016,8.61,-999,-999,15.33,15.67,1.83,6.37,1.36,6.95,10.02,17.07,10.92,9.79,1.35,9.44,10.08,9.04,14.43,21.65,7.44,9.72,8.32,5.39,7.35,10.73,16.62,1.9,13.97,4.47,6.23,6.88,8.98,1.88,0.98,7.49,6.33,9.09,6.31,6.95,10.58,11.63,3.78,14.33,-999,1.13,10.69,5.7,6.9,8.62,8.47,1.57
2017,7.37,-999,-999,20.47,15.57,1.63,7.42,1.69,9.57,11.89,17.67,14.27,7.16,1.79,9.41,12.64,8.95,11.76,19.76,11.81,9.57,9.07,6.8,5.97,12.03,17.89,1.14,13.71,2.02,6.09,11.47,12.38,3.19,1.11,9.37,9.91,12.51,6.64,9.73,14.74,13.98,3.38,16.39,-999,1.1,9.19,6.81,7.7,7.26,9.59,1.09
2018,6.14,-999,-999,20.2,21.19,2.36,4.78,1.4,19.04,18.17,18.6,17.35,12.61,0.84,11.98,13.48,9.31,16.19,21.09,17.21,18.8,9.53,6.98,6.73,11.69,22.09,1.35,20.42,2.77,7.05,13.12,19.17,2.05,0.5,9.33,12.35,12.07,3.53,16.41,21.68,16.73,3.8,20.59,-999,0.67,17.71,6.15,5.78,9.69,13.98,1.63
2019,9.6,-999,-999,19.49,22.36,3.07,7.13,1.4,13.34,11.45,16.25,14.21,9.82,0.94,12.85,13.33,10.49,19.96,19.81,14.36,8.4,9.3,7.72,8.38,16.27,21.86,1.98,14.0,5.37,6.96,11.65,13.44,1.71,0.47,8.23,10.08,14.14,4.05,10.83,16.91,12.61,7.21,21.98,-999,1.08,9.83,9.44,3.59,10.77,8.85,1.33
2020,6.02,-999,-999,21.42,19.34,1.0,2.34,0.79,9.83,12.88,18.17,19.15,7.2,0.86,11.37,10.65,6.86,15.31,22.49,10.11,15.02,8.88,7.11,5.81,11.92,20.56,1.12,20.35,2.37,3.77,10.96,12.18,0.98,0.26,7.13,7.41,10.62,4.1,8.61,11.64,17.94,2.68,19.23,-999,0.32,18.99,4.88,7.58,8.23,10.85,0.25
2021,7.87,-999,-999,19.0,15.17,2.62,4.4,1.56,12.85,9.85,16.22,16.5,7.67,0.81,11.04,11.77,7.61,13.25,22.08,14.6,10.31,6.39,6.59,5.07,12.49,19.48,0.65,12.61,3.5,5.97,9.67,10.93,1.83,0.9,9.41,8.39,10.11,4.82,9.91,14.08,11.59,3.46,18.15,-999,1.75,9.82,5.72,7.04,6.47,7.71,0.76
2022,10.52,-999,-999,18.74,19.04,1.69,3.44,1.2,9.73,8.78,17.37,14.03,5.42,1.2,8.8,9.7,5.46,14.18,20.34,8.74,12.22,9.64,4.82,5.19,10.76,21.7,1.63,13.54,3.41,2.92,11.6,11.49,2.08,0.79,8.79,8.65,8.63,5.81,9.3,14.49,13.18,3.11,17.85,-999,0.81,12.25,9.89,6.47,7.26,10.35,0.79
2023,10.15,-999,-999,15.51,17.32,1.84,6.84,2.04,19.76,14.52,17.07,15.57,5.85,0.82,8.01,8.5,6.16,11.99,14.72,17.73,9.38,12.01,5.27,4.25,8.67,15.92,1.93,13.62,2.99,4.94,17.14,14.03,1.48,0.83,8.7,6.88,10.52,4.08,8.3,19.64,15.24,5.6,12.8,-999,1.09,10.89,9.74,4.37,5.66,6.83,1.35
2024,8.77,-999,-999,17.75,18.29,1.32,5.71,1.89,14.13,9.93,16.63,17.5,9.48,1.08,9.68,10.17,7.74,13.18,27.6,11.69,9.03,9.48,5.29,6.57,12.19,18.4,1.58,15.94,3.37,4.84,11.54,12.32,1.76,0.23,7.99,7.21,11.03,7.23,8.95,19.11,15.91,3.41,15.69,-999,1.04,12.76,8.02,6.14,9.77,6.74,0.46
