Year,AK,HI,PR,AL,AR,AZ,CA,CO,CT,DE,FL,GA,IA,ID,IL,IN,KS,KY,LA,MA,MD,ME,MI,MN,MO,MS,MT,NC,ND,NE,NH,NJ,NM,NV,NY,OH,OK,OR,PA,RI,SC,SD,TN,TX,UT,VA,VT,WA,WI,WV,WY
1930,0.34,-999,-999,138.86,128.37,58.26,34.72,21.02,65.56,97.36,229.98,148.02,64.24,15.38,77.73,73.49,92.56,92.69,174.76,57.91,55.07,20.69,33.88,31.18,95.48,155.05,15.83,98.92,20.45,61.61,23.43,77.68,34.67,13.6,37.76,58.44,127.69,5.48,42.22,35.0,135.2,44.58,97.27,160.29,30.42,74.17,34.78,9.47,42.34,44.94,14.14
1931,0.26,-999,-999,141.56,136.3,69.45,47.8,29.74,66.22,101.16,223.93,146.0,78.68,15.95,92.56,89.46,99.59,102.94,162.43,62.77,70.21,22.69,50.47,42.67,111.68,148.01,14.57,99.2,25.4,68.79,27.37,85.91,39.54,23.13,53.0,79.65,134.99,5.15,60.16,57.0,130.29,53.08,108.4,154.58,36.85,89.75,37.01,8.86,51.78,72.67,19.4
1932,0.14,-999,-999,155.44,132.14,71.97,35.68,27.01,56.32,89.11,239.08,155.61,63.5,6.64,81.96,80.49,91.84,100.73,179.05,51.91,65.95,15.32,34.29,32.65,99.97,160.85,12.11,98.15,22.59,58.02,17.12,67.97,29.44,11.19,40.06,62.22,129.1,3.34,45.16,36.0,137.82,42.1,105.66,152.81,28.91,78.53,24.78,5.45,37.16,55.63,13.19
1933,0.13,-999,-999,164.07,141.81,77.05,37.33,28.29,62.79,101.94,237.03,153.65,77.45,8.6,92.57,89.08,104.03,110.91,197.23,54.91,81.27,17.33,40.14,41.85,114.42,172.98,14.63,110.02,27.13,68.45,22.68,82.62,34.74,16.05,46.48,75.85,136.99,5.47,55.76,49.0,142.34,51.84,119.78,169.38,36.3,92.59,29.94,6.67,52.46,72.35,16.21
1934,0.01,-999,-999,151.81,134.99,85.82,47.63,30.64,59.11,104.15,231.45,154.13,79.0,9.43,89.02,89.18,98.29,103.95,181.25,53.6,82.12,15.62,36.81,33.44,105.29,159.17,11.78,113.18,24.43,71.46,18.91,80.28,43.58,14.06,41.41,81.9,124.75,5.92,56.25,52.0,136.96,51.11,111.55,160.41,35.57,99.17,24.47,7.89,45.68,73.0,17.71
1935,0.38,-999,-999,159.98,126.89,70.95,48.86,24.48,47.39,88.01,236.81,159.51,67.91,6.14,76.18,75.95,90.09,85.19,195.15,48.51,71.78,22.71,41.85,42.35,93.38,167.62,10.1,97.28,26.96,59.08,20.82,64.48,42.6,11.27,41.79,67.99,119.37,7.25,53.44,37.0,143.36,43.8,101.89,158.99,30.18,82.15,28.07,6.15,47.02,61.41,12.86
1936,0.45,-999,-999,161.99,137.68,79.32,56.54,30.33,55.77,105.0,247.99,154.48,82.35,12.32,96.51,91.06,105.8,109.81,174.09,43.78,77.53,13.25,35.07,42.13,113.58,163.38,27.47,111.2,40.6,78.26,18.06,80.57,43.74,20.14,41.49,76.19,129.52,6.01,54.56,40.0,145.13,64.41,122.24,150.76,40.05,90.25,25.68,7.79,48.48,64.78,23.9
1937,0.34,-999,-999,151.11,136.56,77.51,51.36,29.87,55.02,93.65,235.76,150.74,75.24,8.19,85.65,78.67,102.1,93.44,177.8,55.42,73.11,30.42,45.53,45.98,105.94,150.97,15.82,105.31,30.67,72.28,24.75,78.74,37.69,13.76,46.49,68.32,128.77,7.7,56.29,50.0,136.16,53.63,111.56,154.66,36.01,85.84,43.22,8.42,54.46,61.61,16.15
1938,0.12,-999,-999,156.66,141.75,79.15,50.92,22.67,53.9,93.5,231.71,156.53,73.92,8.32,93.02,88.48,108.57,103.53,195.78,56.31,68.04,32.7,38.64,35.58,114.14,163.14,9.94,109.81,21.67,73.32,28.44,71.75,34.44,8.03,43.61,65.86,135.28,8.26,51.63,49.0,143.7,49.45,112.83,164.18,30.2,82.63,40.83,11.37,46.15,58.96,8.54
1939,0.12,-999,-999,156.44,140.55,75.55,52.94,23.79,56.75,101.42,241.37,159.23,75.37,7.49,95.52,92.97,102.24,108.31,177.57,55.47,75.46,26.2,41.61,39.09,112.5,152.35,11.28,115.21,22.75,65.82,26.51,80.94,33.92,14.25,45.46,74.92,129.6,8.58,57.13,47.0,150.37,51.33,120.99,158.21,30.81,97.11,38.18,9.67,47.12,60.3,11.19
1940,0.04,-999,-999,133.74,111.43,80.43,45.48,23.36,36.95,73.09,215.35,131.39,66.95,11.52,74.42,70.08,88.6,80.78,161.71,38.11,71.0,15.61,35.24,36.36,89.12,130.82,13.8,92.68,24.59,65.2,20.06,55.16,35.63,14.25,35.76,58.49,113.96,7.79,48.07,33.0,125.45,48.01,86.98,142.84,38.33,72.91,29.18,11.11,41.11,50.89,14.38
1941,0.27,-999,-999,160.18,148.6,73.11,40.54,19.12,49.12,93.35,228.25,159.32,79.43,9.49,92.64,91.46,102.77,112.69,188.92,50.44,80.38,17.47,38.12,45.32,117.82,165.86,14.45,115.16,28.04,69.02,21.46,73.42,33.41,6.0,43.79,74.94,141.78,10.45,51.73,39.0,151.8,49.51,127.09,164.17,24.72,88.63,27.66,13.47,47.95,66.23,10.98
1942,0.31,-999,-999,136.41,135.0,76.69,42.88,19.9,53.27,100.84,224.47,144.96,77.46,6.86,93.11,90.69,91.52,108.96,171.16,55.29,92.33,20.05,37.37,28.16,105.52,149.43,4.94,113.4,13.91,58.86,25.2,81.98,27.34,11.48,43.75,73.43,125.66,8.49,56.72,45.0,145.08,35.61,111.86,146.13,24.98,99.58,27.88,12.23,44.44,71.08,6.77
1943,0.25,-999,-999,141.0,131.71,89.87,41.28,25.51,57.67,81.55,219.01,142.32,73.22,5.67,84.25,86.11,88.59,98.1,172.19,61.73,85.54,14.75,38.92,36.04,96.14,153.54,5.95,108.34,18.6,64.41,26.2,79.39,41.34,6.91,46.84,75.9,124.88,4.01,55.67,46.0,133.9,44.52,111.48,150.0,30.71,91.87,34.75,4.34,53.12,70.43,10.4
1944,0.28,-999,-999,153.37,139.91,75.15,39.4,19.5,52.69,97.93,229.19,157.58,76.16,2.72,96.93,91.66,95.9,114.33,180.61,61.01,92.48,25.9,36.7,32.99,108.54,162.16,4.03,105.65,18.82,58.99,30.01,77.66,33.22,4.19,46.59,72.77,131.79,4.24,51.18,49.0,147.55,34.38,112.71,147.56,21.82,85.14,39.09,7.98,47.75,56.9,3.15
1945,0.01,-999,-999,159.37,132.12,75.48,51.06,19.8,53.81,92.24,234.8,158.78,51.48,7.66,68.62,72.45,79.28,93.88,179.19,55.99,88.89,20.0,28.1,27.06,88.56,160.82,8.31,114.34,16.32,46.43,26.54,77.9,33.8,15.75,43.58,58.06,118.42,6.12,51.12,50.0,150.83,30.71,104.84,146.95,28.39,89.21,34.24,6.56,32.19,51.0,7.44
1946,0.12,-999,-999,145.05,130.8,79.21,47.84,22.45,36.69,78.36,251.35,159.98,55.96,8.41,67.35,61.52,91.69,79.89,188.37,44.66,75.76,13.52,27.92,30.58,89.62,157.26,8.09,98.88,18.57,55.35,17.45,68.06,47.64,15.52,30.66,46.2,123.88,5.22,38.6,41.0,141.43,37.03,92.45,165.07,33.47,73.54,21.85,6.01,33.83,42.26,7.74
1947,0.22,-999,-999,150.98,115.6,81.62,47.95,24.73,56.2,99.09,261.94,160.35,72.51,6.92,85.21,82.63,91.68,93.13,170.64,66.75,92.43,31.36,44.9,41.61,96.67,150.81,10.59,114.28,25.31,58.61,33.43,82.14,28.98,10.48,52.65,70.74,114.81,4.27,62.82,52.0,150.04,41.49,99.16,151.67,30.52,94.93,48.58,5.38,51.31,64.23,11.54
1948,0.1,-999,-999,146.37,126.82,84.8,42.43,16.99,40.97,91.02,266.59,160.24,64.98,4.71,78.97,73.97,94.01,81.41,179.91,48.67,91.32,13.69,33.74,33.78,93.17,155.55,6.94,102.17,21.69,57.3,19.31,71.82,35.11,10.35,38.79,55.03,124.27,5.19,50.11,42.0,133.28,38.03,104.4,157.26,23.49,77.42,27.38,5.25,39.28,55.32,6.88
1949,0.01,-999,-999,158.73,135.11,84.55,50.47,18.98,59.77,100.57,247.18,160.06,71.62,6.69,89.33,85.39,88.13,98.76,186.05,69.58,89.68,30.14,46.88,42.58,100.49,167.82,9.85,112.91,22.26,53.35,33.58,84.85,35.94,11.53,54.02,74.18,118.52,4.63,60.95,61.0,138.82,39.44,116.17,154.68,27.91,90.59,40.75,5.61,51.59,69.41,7.6
1950,0.27,-999,-999,158.39,138.92,69.64,51.66,14.61,35.97,76.35,227.85,156.76,45.12,5.11,71.37,67.21,74.34,86.26,185.87,47.85,72.21,8.67,21.63,20.09,87.57,167.38,2.65,103.92,10.1,35.41,17.3,62.02,35.37,15.6,32.29,50.56,118.75,6.23,42.77,37.0,145.74,19.72,104.31,154.76,22.8,79.85,19.89,6.49,23.65,49.81,2.42
1951,0.41,-999,-999,153.88,132.56,80.67,48.01,20.77,42.85,85.43,223.2,155.65,54.27,9.48,77.47,73.43,82.69,93.38,180.24,55.93,75.8,14.05,23.19,19.93,81.97,157.47,7.55,98.07,11.98,41.71,20.22,68.2,43.47,18.58,33.39,55.7,123.36,4.12,45.29,52.0,135.96,24.05,105.56,158.8,27.84,77.59,23.03,4.79,27.74,51.65,7.62
1952,0.49,-999,-999,133.69,113.41,86.62,50.3,25.46,55.66,89.54,221.87,145.65,62.88,6.39,80.81,69.22,89.81,90.96,151.38,59.63,74.71,22.95,37.42,33.23,93.93,138.92,6.79,96.41,14.89,59.07,26.71,73.82,41.53,15.34,41.83,59.9,112.4,7.41,50.85,55.0,130.88,38.75,96.53,140.34,29.29,79.1,31.4,7.4,43.07,58.29,7.76
1953,0.49,-999,-999,143.8,124.99,79.21,42.46,26.77,44.2,92.6,247.85,151.86,66.05,6.51,79.9,73.14,94.93,93.98,172.21,50.4,85.33,21.41,36.13,38.79,98.07,150.84,8.64,102.35,22.08,58.88,23.07,67.67,40.68,13.44,36.55,58.59,124.12,4.67,46.95,46.0,137.42,40.44,98.03,151.11,31.14,81.28,29.03,5.05,41.77,53.35,10.77
1954,0.01,-999,-999,146.31,138.11,92.14,45.72,29.82,37.99,97.03,227.38,151.69,81.25,8.5,96.76,85.32,106.06,110.79,177.43,49.13,85.7,11.97,34.94,34.06,115.66,159.0,9.9,103.2,20.18,72.53,12.88,69.98,47.32,12.96,33.53,70.26,136.23,3.32,49.99,31.0,140.35,40.07,116.26,160.62,37.89,79.23,17.54,2.99,41.14,57.73,15.7
1955,0.22,-999,-999,152.03,145.15,83.85,44.66,26.22,57.35,97.61,221.11,157.12,73.46,9.49,86.94,75.23,96.08,96.93,189.11,65.59,91.16,29.11,48.15,51.6,96.87,167.68,11.61,108.4,31.54,66.12,37.14,82.64,37.13,13.69,48.81,67.82,133.33,5.08,60.51,57.0,141.74,50.63,109.68,162.78,28.04,79.94,39.79,5.4,54.72,59.23,13.81
1956,0.01,-999,-999,140.3,127.62,85.5,45.4,18.5,45.09,89.01,232.31,150.94,68.1,6.74,84.09,75.49,99.93,99.27,175.33,48.63,81.6,4.93,32.58,29.42,103.7,149.31,7.34,102.55,15.1,61.13,16.19,69.18,33.35,9.88,33.84,65.29,122.52,6.22,47.9,40.0,140.05,37.83,102.68,160.58,27.95,81.25,19.21,8.48,37.74,53.2,8.53
1957,0.49,-999,-999,154.92,143.33,81.66,47.34,20.17,45.06,98.76,249.62,156.41,64.78,6.62,86.63,78.99,83.53,102.8,182.26,50.78,86.46,11.2,33.02,36.06,97.79,158.65,10.24,113.2,26.04,57.26,22.03,73.67,39.73,8.98,38.76,67.24,109.13,3.09,45.3,46.0,150.17,40.36,112.03,152.45,35.34,87.61,25.21,4.04,40.08,55.63,11.21
1958,0.38,-999,-999,140.4,130.83,107.72,58.43,20.72,42.99,86.05,227.35,144.14,55.65,9.74,74.73,68.95,94.41,90.6,169.57,49.6,78.77,12.52,27.91,22.92,96.16,150.14,6.02,99.19,13.16,53.86,18.31,67.88,42.64,13.23,32.78,61.76,123.08,11.18,45.48,47.0,133.93,29.85,97.48,152.65,40.0,77.28,22.42,18.99,26.8,51.56,7.15
1959,0.3,-999,-999,157.22,144.64,93.3,54.29,21.36,72.17,120.72,252.26,166.83,77.22,8.2,97.18,92.99,93.51,115.4,181.82,70.67,108.45,29.45,53.58,43.93,104.91,159.9,8.12,116.57,22.33,64.3,41.01,96.01,37.11,16.16,58.25,81.77,122.36,5.65,67.77,63.0,151.03,44.22,115.35,155.33,38.76,93.35,51.05,5.67,54.07,68.1,10.83
1960,0.08,-999,-999,143.01,141.02,88.63,54.45,19.59,40.89,96.44,223.16,146.9,60.68,9.56,83.57,74.86,85.71,99.74,172.29,48.08,83.9,15.35,28.01,33.75,97.39,154.33,11.5,108.31,23.33,52.16,20.49,72.47,35.02,17.6,27.53,54.97,126.14,5.76,38.92,39.0,135.19,35.98,106.39,158.68,35.98,80.83,21.72,8.61,35.37,57.2,13.12
1961,0.28,-999,-999,132.2,127.64,82.11,52.9,19.8,57.64,100.04,240.34,141.75,58.13,13.96,79.85,74.05,79.13,90.79,166.1,63.37,86.95,22.31,39.98,33.29,88.83,138.06,14.09,101.18,23.69,50.32,34.2,88.96,34.3,19.37,49.82,66.97,114.65,10.69,56.38,63.0,125.29,38.2,96.0,149.76,39.06,87.05,43.13,14.31,40.73,57.7,14.01
1962,0.13,-999,-999,148.4,145.46,78.75,44.98,15.18,31.13,87.53,209.13,153.17,66.53,4.09,89.85,78.01,100.86,103.95,172.22,37.66,69.98,10.37,30.66,27.09,111.61,156.99,4.88,105.82,13.35,51.49,18.08,63.83,34.84,9.43,28.86,61.31,135.87,3.98,36.8,32.0,140.66,29.68,111.41,158.91,29.87,71.73,16.96,5.82,34.52,45.34,4.23
1963,0.07,-999,-999,142.44,141.77,87.78,48.27,28.96,34.75,77.56,221.36,144.48,74.35,7.42,74.1,57.0,113.43,81.92,182.28,41.35,66.15,19.0,29.96,39.52,106.65,154.25,9.87,84.05,28.01,71.46,25.22,58.0,41.77,8.14,25.63,42.25,138.78,6.05,33.12,38.0,125.95,51.5,99.21,169.27,36.9,59.51,23.95,7.98,39.77,36.14,11.85
1964,0.22,-999,-999,137.45,134.85,85.02,47.83,25.12,42.87,84.53,244.15,142.16,66.91,5.97,85.85,73.68,93.39,91.4,174.66,44.56,71.22,11.69,39.16,32.48,102.71,154.27,9.59,100.11,23.38,57.53,21.03,67.84,38.36,9.24,34.11,58.63,125.53,3.37,43.1,38.0,134.09,40.21,103.45,156.07,34.77,71.56,27.37,4.97,43.18,42.08,12.45
1965,0.01,-999,-999,149.53,142.34,71.56,42.41,15.61,47.07,86.43,240.25,148.69,61.34,6.99,87.89,73.41,93.85,103.22,188.73,39.67,81.23,17.27,27.38,23.51,109.64,157.66,6.85,105.31,15.77,48.94,20.15,67.83,37.07,9.66,34.91,59.51,127.29,6.47,40.96,45.0,135.27,31.48,111.67,163.34,21.47,78.63,28.97,10.82,26.0,47.62,6.23
1966,0.15,-999,-999,140.45,121.56,86.72,50.83,25.6,39.05,92.87,222.38,139.53,53.36,7.67,69.98,60.97,81.67,85.84,170.54,40.72,76.69,12.51,32.81,33.72,78.18,144.24,10.86,91.43,26.53,56.75,18.35,67.48,39.47,12.36,31.26,54.04,109.99,3.59,36.12,43.0,124.07,44.73,94.29,152.9,36.75,66.1,23.04,5.25,38.48,38.67,16.08
1967,0.87,-999,-999,134.01,127.26,79.88,56.74,14.89,54.33,84.2,239.05,124.83,53.15,10.13,70.39,56.54,74.58,84.9,171.37,54.54,69.99,22.72,27.53,21.03,81.58,137.88,6.34,77.23,12.53,38.7,28.36,69.46,27.53,14.9,38.23,46.6,114.25,9.45,42.48,53.0,107.72,23.7,88.49,156.33,36.43,59.76,33.68,10.46,29.33,38.58,3.17
1968,0.56,-999,-999,131.3,120.61,71.93,49.3,18.27,46.1,87.01,217.06,137.76,62.45,7.36,77.69,72.18,82.28,91.37,165.36,46.44,76.83,5.98,38.2,28.35,86.88,136.67,4.91,89.87,13.67,49.54,17.95,68.75,30.18,15.71,33.95,61.51,110.65,6.89,48.28,43.0,128.56,30.26,94.14,147.77,28.83,66.61,28.17,8.73,41.33,50.66,4.0
1969,0.35,-999,-999,134.67,128.43,85.15,53.83,25.63,59.07,96.4,220.21,140.19,62.71,7.35,83.59,70.36,91.77,98.28,167.35,54.51,92.46,20.35,38.17,27.72,95.04,139.52,7.03,97.47,19.1,56.48,30.54,82.64,41.94,14.78,42.32,59.8,120.65,5.09,52.89,54.0,129.92,39.48,97.98,147.3,36.12,80.0,40.86,7.02,34.93,54.12,7.35
1970,0.09,-999,-999,143.44,136.75,83.53,49.31,26.64,58.9,101.94,227.17,151.03,76.11,10.09,93.35,81.24,91.17,112.5,170.64,53.89,91.38,19.8,46.27,39.57,104.37,151.19,11.26,108.49,26.92,60.62,26.33,81.02,35.35,12.21,38.93,73.35,123.52,7.34,51.75,54.0,140.67,44.54,111.15,144.08,37.68,81.93,33.09,10.14,47.6,55.4,10.67
1971,1.03,-999,-999,146.28,134.53,80.57,51.09,21.99,59.82,100.52,234.52,157.57,66.75,10.01,84.68,73.19,87.65,109.37,174.39,55.04,94.66,15.34,35.14,28.68,97.87,151.5,10.59,111.94,15.83,51.4,21.98,81.89,30.2,21.02,38.38,63.52,118.07,8.96,49.69,55.0,142.53,37.04,108.86,155.3,34.42,88.06,31.03,9.37,36.83,56.34,7.15
1972,0.58,-999,-999,137.0,135.35,90.2,53.5,20.64,41.27,87.18,247.92,137.48,65.19,6.73,81.06,67.8,88.52,94.18,174.87,47.48,86.07,13.14,30.13,27.54,92.8,151.2,8.08,84.73,17.49,47.92,20.16,71.63,30.78,15.9,36.7,54.03,125.77,6.58,43.5,45.0,122.61,35.61,98.12,155.29,25.33,69.24,30.46,6.3,33.57,50.71,4.16
1973,0.09,-999,-999,150.98,144.45,79.41,51.64,20.45,49.85,100.36,232.54,149.59,74.97,9.53,97.07,88.76,86.9,114.47,181.36,66.79,92.16,31.35,45.42,36.83,103.26,160.94,8.94,109.83,18.96,53.11,42.71,87.0,23.74,14.94,49.2,73.73,117.43,6.59,56.89,63.0,144.33,38.06,112.22,147.11,29.27,87.14,46.31,9.08,44.68,56.66,6.78
1974,0.91,-999,-999,122.94,128.41,89.06,55.3,23.22,49.03,84.37,236.86,142.8,53.4,8.0,73.64,68.86,73.84,92.39,182.72,48.21,84.54,10.32,29.66,27.56,84.78,150.3,7.5,97.09,19.04,43.97,17.41,69.53,32.82,13.29,28.34,51.94,111.52,8.64,35.0,41.0,131.44,33.91,92.73,147.58,31.67,69.82,25.78,5.8,28.33,45.39,8.2
1975,1.01,-999,-999,145.19,132.01,72.68,47.84,17.99,56.92,99.26,249.47,158.81,68.51,9.08,84.44,84.51,85.7,102.39,183.12,60.33,96.2,25.94,40.66,34.39,100.25,160.1,8.88,106.42,23.6,53.97,34.76,80.88,25.12,12.24,40.89,69.8,110.83,6.26,51.53,58.0,153.24,42.62,107.92,142.59,26.64,81.74,43.27,7.86,45.29,57.39,7.33
1976,0.2,-999,-999,108.59,110.58,80.19,52.4,17.6,60.66,80.33,215.32,128.16,55.06,6.69,60.73,53.0,78.24,70.99,151.07,59.04,78.11,19.75,26.14,31.11,77.33,125.25,9.84,84.8,23.57,51.61,24.44,71.31,26.45,10.66,33.93,43.75,102.27,5.46,38.84,53.0,119.19,46.12,73.06,134.26,30.85,63.37,31.87,5.2,32.2,33.18,7.45
1977,0.36,-999,-999,143.51,151.98,93.1,52.8,28.75,51.59,98.51,220.95,152.78,69.6,10.16,89.25,88.91,103.72,119.3,177.14,55.28,90.24,15.97,32.89,28.42,111.6,154.97,7.3,112.82,15.23,62.74,23.37,76.03,45.57,18.91,40.8,69.95,140.79,9.18,52.6,47.0,145.33,36.39,116.27,159.39,38.83,84.95,33.8,12.14,38.29,63.27,10.22
1978,0.27,-999,-999,135.39,129.41,88.46,56.34,22.82,46.93,86.94,225.8,145.36,71.7,6.04,83.49,73.64,88.78,104.16,171.33,49.27,83.28,15.59,34.7,37.15,98.0,146.72,4.8,95.59,21.13,56.51,24.78,63.95,39.27,15.19,35.69,65.85,127.31,6.2,48.04,42.0,131.72,41.73,108.82,157.38,29.05,77.22,37.28,7.05,43.02,63.44,5.58
1979,0.06,-999,-999,130.2,117.98,83.65,51.46,20.81,57.18,84.37,228.68,148.02,62.49,7.55,75.22,71.69,81.89,92.67,169.08,52.51,85.77,19.18,29.96,27.39,84.76,145.02,7.28,92.37,16.99,52.14,29.99,73.77,24.66,15.1,37.76,64.63,113.86,5.86,49.79,57.0,128.47,35.06,100.32,141.48,28.37,72.77,38.8,8.52,33.89,52.17,6.33
1980,0.01,-999,-999,125.35,129.69,87.16,47.39,26.57,48.25,101.67,227.0,143.46,69.89,4.32,86.68,84.17,95.79,102.5,168.52,51.23,88.11,20.86,37.6,30.79,95.01,144.08,7.54,97.66,17.89,61.98,23.42,79.2,39.84,13.89,41.08,69.05,121.8,3.7,51.85,53.0,133.78,39.81,108.27,146.2,26.81,82.83,33.48,4.31,38.84,59.93,7.44
1981,0.01,-999,-999,120.36,132.36,99.24,58.02,25.91,51.08,97.39,211.31,130.81,61.56,6.76,78.26,78.24,90.36,98.73,174.75,49.02,81.93,14.63,32.71,32.49,93.41,143.59,7.26,91.49,20.09,53.72,26.02,76.98,36.97,17.87,41.41,62.9,128.75,6.0,50.05,45.0,119.26,36.48,103.92,155.21,37.24,74.18,33.67,7.84,36.36,51.79,7.08
1982,0.43,-999,-999,134.58,137.59,86.76,49.46,22.47,38.87,83.47,254.56,143.27,62.69,6.52,72.99,68.04,82.58,89.9,190.37,35.44,71.71,6.01,25.73,28.13,90.62,158.66,7.54,101.4,17.88,53.84,14.99,58.84,35.09,16.93,26.17,54.29,120.24,6.88,33.97,33.0,130.18,37.39,105.46,153.9,34.02,72.07,16.99,7.93,33.67,49.65,6.81
1983,1.16,-999,-999,118.32,119.96,91.05,57.45,26.76,54.29,103.57,220.52,133.42,78.45,9.22,83.39,82.19,90.53,96.68,154.9,55.87,92.62,16.69,43.71,52.27,92.33,132.68,15.79,89.9,35.53,70.29,26.69,76.61,37.2,13.48,41.34,65.95,112.2,6.88,47.57,55.0,117.31,57.05,99.97,140.14,37.93,69.92,39.07,8.39,52.33,49.04,17.8
1984,0.89,-999,-999,139.09,126.89,96.27,63.89,24.29,45.08,100.41,228.93,141.87,61.87,9.87,77.93,75.16,86.24,99.82,189.07,55.14,82.3,22.1,33.33,34.89,90.24,149.47,13.81,96.12,24.68,57.29,31.51,75.59,34.26,16.77,41.55,57.77,114.73,6.26,44.48,57.0,131.83,43.61,100.21,154.93,35.15,72.8,42.44,7.1,37.68,51.43,10.42
1985,0.06,-999,-999,154.3,138.11,90.67,51.83,20.4,46.14,102.89,244.41,164.12,54.0,8.87,73.66,70.95,83.54,101.31,195.34,44.38,82.52,8.76,27.6,22.45,91.88,155.7,9.29,105.08,9.37,51.58,15.69,76.59,29.7,16.67,32.6,55.25,127.09,6.93,39.15,40.0,144.5,30.1,109.26,159.75,31.22,69.31,25.37,7.59,30.54,51.96,7.28
1986,0.27,-999,-999,151.75,139.32,83.73,48.16,21.04,47.24,110.12,240.73,155.39,69.57,7.32,86.78,87.25,103.53,102.78,184.52,48.15,96.1,11.85,30.52,28.81,107.82,153.83,7.2,110.35,15.83,54.97,25.05,78.82,36.06,16.34,38.31,75.39,135.32,10.39,49.27,40.0,149.23,34.68,121.34,160.42,31.7,87.05,29.81,10.59,32.77,65.33,4.58
1987,1.07,-999,-999,134.07,126.73,81.95,53.12,18.93,44.6,107.48,218.41,142.9,76.48,7.18,87.61,89.93,89.28,100.03,158.74,47.98,90.38,13.86,46.81,39.56,92.95,136.76,8.8,106.73,25.78,56.73,26.07,75.21,28.14,12.86,45.68,78.93,119.74,7.87,57.51,48.0,136.25,43.26,109.36,138.54,27.49,86.09,35.75,8.07,50.53,64.59,9.14
1988,0.93,-999,-999,122.4,114.59,87.26,58.9,27.05,62.21,91.64,216.66,123.54,70.25,9.08,74.4,71.26,89.74,78.16,163.21,56.16,79.93,31.77,37.94,44.6,80.55,128.58,20.4,84.25,40.86,60.07,38.01,73.36,31.89,19.16,43.71,62.57,102.0,6.96,47.34,53.0,114.46,56.33,90.51,144.2,38.86,64.88,38.04,7.52,46.67,47.6,22.72
1989,0.72,-999,-999,141.32,121.24,82.9,51.35,20.33,76.88,112.75,238.93,148.93,62.51,8.3,74.47,79.24,85.03,100.6,172.0,52.47,99.59,17.04,32.44,34.64,88.0,140.83,10.74,107.25,27.75,56.36,27.14,76.02,31.83,15.25,41.97,66.32,117.13,6.64,51.72,51.0,139.45,45.32,104.9,151.83,31.97,85.94,31.07,7.99,37.17,64.22,13.28
1990,1.02,-999,-999,137.26,131.92,84.66,59.07,21.91,51.06,111.49,250.12,146.73,75.59,10.79,83.1,79.47,93.32,99.74,177.93,62.08,93.96,28.71,32.6,38.96,100.0,145.91,10.63,100.07,23.02,58.17,37.12,82.75,39.38,17.5,43.19,64.54,129.68,12.17,48.32,66.0,139.66,43.76,99.22,158.82,36.26,76.26,35.11,15.44,40.61,51.45,10.22
1991,0.94,-999,-999,157.82,152.09,76.08,57.56,20.44,68.84,118.09,258.5,167.95,86.79,8.62,103.42,104.01,104.59,121.87,188.72,53.23,99.59,18.08,44.16,50.58,114.86,165.9,13.7,116.31,29.83,67.57,24.37,87.75,39.1,13.71,47.84,83.91,135.41,9.74,52.65,55.0,147.67,52.84,131.8,159.78,30.41,91.45,30.59,10.52,57.29,66.12,11.96
1992,0.22,-999,-999,121.55,117.88,77.14,64.41,12.4,42.27,92.22,226.63,140.44,40.98,9.26,63.27,61.59,68.25,85.86,160.99,37.27,80.5,9.7,16.08,17.24,77.95,129.06,4.14,94.24,6.28,31.43,19.01,67.19,25.89,16.2,29.41,50.26,110.73,12.78,35.97,39.0,119.12,13.8,92.05,147.01,27.54,73.24,23.31,14.16,20.88,38.92,3.2
1993,1.12,-999,-999,130.5,122.34,75.76,49.11,14.89,65.27,105.53,229.67,145.2,64.48,2.65,81.92,77.22,76.99,95.38,161.28,49.79,86.2,17.4,36.39,31.57,91.22,135.83,2.41,106.05,10.46,49.15,27.36,80.88,34.25,11.12,40.82,66.7,108.87,3.03,44.68,50.0,133.82,25.32,101.54,140.93,26.75,78.15,30.09,6.21,38.9,47.92,1.95
1994,1.71,-999,-999,135.72,125.8,83.19,53.66,25.46,70.73,89.64,261.97,151.38,57.36,10.25,66.08,66.78,86.08,86.84,179.72,58.61,83.19,25.36,30.83,31.21,88.23,143.46,8.55,95.2,14.45,55.21,36.68,78.36,42.57,18.78,44.11,59.22,124.51,9.74,48.55,63.0,129.83,35.27,95.43,157.66,45.66,69.58,42.27,12.12,37.98,47.06,9.44
1995,0.95,-999,-999,140.72,126.42,67.46,50.06,21.85,-999.0,108.28,235.55,153.92,70.35,5.48,82.69,84.91,80.26,108.24,171.34,50.43,95.98,20.31,44.89,46.92,94.04,147.78,8.82,104.69,27.95,57.08,25.55,78.26,35.67,10.61,45.91,73.59,115.87,7.71,57.75,54.0,142.3,46.56,106.75,146.96,25.83,82.87,29.37,8.65,57.95,64.39,9.61
1996,0.21,-999,-999,142.99,134.78,84.8,61.53,24.74,48.64,103.1,228.31,145.71,54.49,7.23,69.33,72.27,86.86,100.47,181.05,55.19,83.26,14.07,24.56,29.49,96.44,152.39,8.58,98.48,21.43,53.95,24.86,76.86,44.57,19.95,42.51,60.55,127.19,7.88,50.63,62.0,125.7,34.87,105.1,163.03,37.96,74.98,29.65,8.77,30.15,47.37,8.02
1997,1.17,-999,-999,129.59,115.57,85.35,68.35,22.51,55.59,94.98,246.6,142.07,58.27,7.14,67.41,69.25,84.9,85.59,165.7,47.02,65.71,15.36,23.86,34.46,88.97,135.34,9.66,85.61,25.73,57.61,18.98,59.56,38.59,16.05,29.0,51.76,118.6,8.06,34.59,39.0,114.1,42.83,91.34,151.05,34.53,57.14,19.76,12.94,33.56,37.87,9.83
1998,0.63,-999,-999,151.17,147.15,75.82,54.81,27.52,61.54,111.12,256.67,159.58,79.32,13.8,99.36,90.93,102.93,118.4,185.16,55.44,91.2,20.04,40.76,43.2,124.54,160.02,17.39,114.83,30.33,69.68,31.68,79.65,41.2,18.62,46.43,72.3,137.12,11.48,54.63,66.0,139.81,51.53,122.32,166.34,39.31,81.25,32.39,18.41,48.25,51.46,14.17
1999,0.71,-999,-999,140.19,117.44,81.02,44.74,25.28,56.02,101.67,237.78,142.33,60.33,8.9,72.05,72.6,82.59,93.35,171.36,58.81,85.38,31.11,40.1,42.54,89.83,144.66,7.96,96.38,21.36,55.98,35.51,79.36,34.03,12.47,45.31,62.36,113.38,6.76,49.28,57.0,122.98,39.96,98.31,154.94,38.48,69.67,35.29,11.52,46.33,46.25,9.05
2000,0.1,-999,-999,135.47,130.59,91.74,54.71,28.45,54.17,98.41,219.74,130.82,66.98,9.75,80.32,75.69,96.17,101.83,176.04,49.32,84.24,11.85,35.51,36.86,105.4,145.7,13.75,100.43,25.46,62.46,22.71,75.75,44.06,15.69,38.73,63.41,128.2,6.65,39.5,54.0,127.35,43.26,107.4,168.57,48.08,77.89,26.29,7.72,41.46,51.15,15.57
2001,0.33,-999,-999,129.92,130.68,90.57,67.04,29.01,59.7,105.1,243.56,134.47,58.21,10.23,78.47,80.28,92.12,104.98,172.04,58.04,76.15,23.86,37.97,40.83,103.42,144.87,15.69,98.61,31.37,61.4,23.29,75.73,38.86,20.44,37.86,64.91,131.86,7.41,42.59,64.0,130.65,52.22,102.94,159.86,43.35,66.13,26.71,9.07,42.76,47.93,19.7
2002,0.16,-999,-999,162.45,134.19,90.21,58.64,30.78,62.47,116.73,249.44,169.89,72.87,10.56,94.88,95.48,97.13,122.8,189.99,59.04,91.29,24.08,45.1,50.71,108.18,160.64,14.6,118.32,34.8,69.58,32.5,84.43,41.28,18.92,46.59,77.03,128.94,9.89,54.86,54.0,150.27,54.08,125.9,157.5,43.19,87.95,30.67,13.0,53.06,61.83,16.08
2003,1.15,-999,-999,135.19,120.14,94.56,65.0,30.15,56.94,102.47,246.7,144.96,50.81,15.48,70.28,71.9,77.67,89.04,172.15,55.66,90.26,27.45,25.6,36.0,85.94,150.92,21.04,100.85,31.43,54.47,31.65,82.16,39.54,25.57,40.69,60.22,110.33,12.53,53.09,55.0,131.74,42.45,98.13,155.81,52.21,80.98,35.26,14.15,35.98,54.1,20.15
2004,1.57,-999,-999,151.78,130.2,82.72,53.89,15.58,68.72,118.99,229.7,157.16,50.51,9.82,71.6,74.87,79.09,107.1,191.59,49.9,105.26,15.43,24.57,23.81,91.18,167.52,7.74,122.43,11.92,42.21,27.3,86.48,28.98,21.6,39.14,59.76,119.79,13.29,54.32,44.0,152.07,26.64,118.13,166.49,36.24,88.91,31.4,17.49,28.82,55.52,6.89
2005,0.11,-999,-999,136.37,132.71,88.11,48.96,23.54,76.78,114.65,224.17,145.43,72.73,7.06,90.79,85.85,96.28,113.33,165.86,66.77,101.27,26.21,47.37,45.63,112.64,146.69,11.42,108.97,26.99,65.52,39.0,87.08,38.18,20.12,56.6,74.75,129.48,6.9,60.84,66.0,140.85,48.87,110.77,158.87,33.28,89.23,49.26,8.64,54.64,70.72,14.1
2006,0.09,-999,-999,131.96,125.91,89.95,58.35,30.13,70.22,112.97,235.51,143.49,64.82,11.84,79.74,73.72,90.66,94.66,175.66,58.16,94.04,27.97,34.81,43.25,96.68,145.07,13.26,101.99,27.17,60.44,31.59,78.8,43.07,24.06,45.91,60.89,118.48,11.56,54.2,50.0,130.83,50.09,107.76,158.08,43.98,70.23,37.25,14.82,41.3,47.29,15.48
2007,0.51,-999,-999,135.39,146.52,96.14,56.88,31.58,71.77,116.83,240.21,144.43,74.25,15.38,94.09,84.18,102.52,119.52,185.96,59.35,101.65,18.14,39.36,43.83,122.24,156.58,21.82,113.32,31.93,73.32,26.05,91.43,41.87,24.94,40.61,67.42,137.12,11.84,52.24,54.0,138.68,58.24,119.32,164.82,48.35,76.65,27.69,14.27,49.08,53.82,24.32
2008,0.22,-999,-999,135.53,128.13,85.38,58.43,21.72,68.09,102.27,234.52,134.14,52.46,7.43,70.68,67.15,82.94,94.8,173.61,63.28,87.87,23.58,30.37,27.96,94.84,143.53,8.8,95.6,17.56,48.85,28.2,82.46,39.84,12.87,37.68,54.78,120.83,7.97,43.94,55.0,129.59,38.97,98.99,150.68,40.99,66.38,30.77,11.35,31.9,40.12,12.3
2009,1.07,-999,-999,143.63,126.83,88.91,59.74,17.33,60.2,106.91,231.58,148.47,39.44,7.74,70.95,70.19,74.23,108.31,178.01,46.59,93.95,23.19,21.03,21.62,91.18,149.53,6.45,109.58,12.75,39.64,25.04,77.94,33.46,16.5,33.36,54.13,114.02,10.75,39.56,47.0,143.12,24.27,109.6,152.44,40.7,79.88,31.19,17.23,22.62,49.16,4.72
2010,0.65,-999,-999,136.02,133.74,98.33,50.08,29.84,85.33,119.04,211.98,144.38,77.53,5.84,96.24,99.08,98.24,117.88,164.9,69.26,105.22,31.68,53.51,46.65,111.09,143.8,8.05,121.84,25.84,64.5,36.58,96.83,48.21,21.8,54.3,86.14,124.22,6.89,61.64,58.0,147.14,45.9,117.15,152.19,42.1,93.79,43.8,9.03,57.66,65.49,12.17
2011,0.11,-999,-999,133.03,128.25,97.29,53.01,34.13,88.61,124.78,237.33,139.96,68.06,8.17,86.66,82.9,92.91,103.87,170.46,66.61,109.11,22.68,42.02,42.09,103.04,143.93,10.0,113.31,28.17,62.52,30.63,98.38,55.29,15.45,53.8,74.51,119.14,5.96,61.17,63.0,141.88,46.96,110.85,161.68,42.18,90.55,37.07,6.87,45.63,64.03,15.51
2012,0.04,-999,-999,136.38,144.15,105.78,65.87,36.0,80.21,112.02,251.47,155.72,68.7,11.87,84.76,79.96,90.43,105.81,195.37,67.02,101.29,26.72,40.67,47.12,107.72,153.76,16.28,102.33,32.66,63.15,34.23,98.26,49.34,24.92,53.11,70.48,130.77,9.09,58.25,65.0,140.15,50.79,106.34,173.46,53.37,85.93,33.88,11.7,52.26,59.61,29.71
2013,1.56,-999,-999,138.87,131.78,98.38,65.61,35.26,68.0,106.58,255.39,148.19,63.22,18.05,82.33,82.74,92.28,115.02,170.25,64.64,96.88,27.32,37.34,41.29,101.28,144.65,12.98,105.49,28.85,63.74,39.42,89.45,55.53,26.65,51.87,70.56,121.24,14.36,60.67,59.0,133.26,45.14,110.67,151.64,46.49,91.01,43.12,16.21,40.55,62.94,17.72
2014,0.46,-999,-999,140.3,132.59,99.91,73.37,24.4,59.77,101.42,234.27,152.26,61.36,13.7,75.26,72.77,86.9,103.28,166.85,51.71,84.0,23.09,28.36,38.13,97.87,145.87,10.63,107.99,25.46,49.62,23.16,79.54,46.15,26.46,38.38,63.56,123.19,14.98,48.09,48.0,138.51,37.45,106.28,154.48,37.85,83.23,25.26,16.83,38.97,55.14,9.75
2015,0.81,-999,-999,156.41,136.13,101.1,75.94,27.12,72.52,122.52,282.1,174.87,66.22,15.06,87.59,82.08,96.03,114.14,195.7,61.34,106.13,28.89,38.95,43.81,112.5,161.54,11.7,124.07,29.48,58.91,31.93,93.33,45.22,27.1,45.3,75.27,123.81,17.4,60.11,52.0,156.31,43.68,118.38,165.7,44.12,94.42,28.91,21.81,42.87,62.74,19.28
2016,1.53,-999,-999,148.83,135.32,99.62,64.92,27.71,80.5,119.21,253.53,151.04,76.38,8.64,101.01,98.71,97.46,125.23,194.74,66.64,105.3,29.95,49.93,46.22,117.87,160.24,10.01,120.54,25.43,62.35,33.67,94.4,42.92,19.41,53.61,85.06,130.44,8.02,63.76,63.0,151.05,45.89,119.16,166.31,44.01,102.36,34.43,9.55,54.55,70.91,18.39
2017,1.13,-999,-999,148.62,139.23,93.46,69.63,25.83,74.04,115.78,249.42,154.95,55.47,13.75,79.63,77.7,83.5,114.31,194.33,64.44,85.79,27.99,35.85,29.79,98.67,159.57,14.37,115.51,17.64,51.17,31.11,87.41,43.5,24.59,41.96,67.45,121.57,13.52,52.41,65.0,145.96,36.46,109.02,160.8,49.59,82.87,28.47,14.58,36.64,53.7,17.08
2018,1.07,-999,-999,161.47,152.77,98.14,65.8,30.98,86.3,128.13,265.93,164.21,83.41,11.07,108.35,112.14,108.04,144.28,195.37,72.98,123.53,37.14,50.03,56.06,132.94,164.57,9.0,140.34,29.95,69.34,47.55,103.11,46.69,27.97,66.5,104.46,140.81,10.1,82.01,75.0,161.56,49.81,143.66,162.1,54.91,120.62,44.41,11.76,58.2,96.41,11.83
2019,2.21,-999,-999,160.39,142.19,81.47,62.8,29.07,69.01,121.21,267.0,166.67,67.73,9.89,94.18,90.11,99.43,123.59,190.75,61.41,121.2,24.18,32.49,39.15,117.0,148.81,8.83,125.99,25.4,64.2,31.18,92.78,45.44,21.19,38.99,82.69,131.65,10.29,57.72,60.0,156.25,46.49,125.73,155.02,39.84,102.34,25.03,13.68,42.91,70.49,12.93
2020,0.22,-999,-999,149.85,130.84,95.94,81.06,31.18,86.13,105.03,274.34,160.92,67.24,11.97,82.94,82.4,86.28,111.99,191.98,78.14,108.97,40.8,40.16,43.6,98.81,156.15,10.73,114.45,31.9,59.47,43.88,96.99,42.08,30.6,54.36,77.31,115.4,12.05,61.46,77.0,146.21,47.62,113.67,150.67,45.25,93.68,45.37,14.48,49.98,71.27,15.31
2021,0.72,-999,-999,146.31,137.17,95.82,71.27,32.55,79.92,121.89,250.02,144.48,78.49,23.65,100.45,101.32,100.38,116.83,191.73,75.03,113.82,38.93,53.91,49.8,122.16,157.59,21.23,108.11,36.2,68.28,47.23,100.17,50.61,38.41,55.17,89.1,125.76,24.19,64.33,81.0,138.79,51.54,117.76,161.25,54.95,92.93,46.58,24.97,54.11,69.46,20.94
2022,0.9,-999,-999,137.91,135.32,99.83,72.54,38.03,77.18,117.56,263.28,145.3,68.3,17.62,87.53,77.9,96.2,109.43,182.39,67.81,105.34,26.31,36.99,42.0,111.21,157.2,15.96,112.83,32.36,63.22,36.4,94.94,51.66,39.5,47.78,74.54,129.2,19.83,45.96,63.0,142.18,49.62,114.14,164.32,58.62,88.29,31.28,21.03,44.16,63.18,20.59
2023,1.14,-999,-999,151.59,143.73,87.7,65.3,29.0,74.22,100.84,262.1,155.12,64.1,16.76,78.99,73.84,91.47,103.31,196.15,67.42,91.83,37.58,29.68,44.63,103.71,167.83,12.43,96.7,30.71,57.68,46.53,85.29,46.6,25.52,45.23,65.51,123.22,17.76,46.61,63.0,136.33,48.03,114.34,171.08,40.85,69.21,47.64,19.89,41.43,52.26,13.25
2024,1.4,-999,-999,166.6,158.27,97.56,69.12,31.51,71.52,123.17,251.08,170.56,63.85,16.94,90.81,92.82,89.6,126.12,205.52,63.58,106.76,36.31,40.48,42.66,107.33,161.61,14.74,118.76,30.19,59.49,41.45,96.78,59.72,30.88,51.3,81.81,136.25,16.46,61.0,63.0,155.78,49.94,132.35,177.51,46.95,92.96,44.04,20.1,41.18,65.3,14.04
