Year,AK,HI,PR,AL,AR,AZ,CA,CO,CT,DE,FL,GA,IA,ID,IL,IN,KS,KY,LA,MA,MD,ME,MI,MN,MO,MS,MT,NC,ND,NE,NH,NJ,NM,NV,NY,OH,OK,OR,PA,RI,SC,SD,TN,TX,UT,VA,VT,WA,WI,WV,WY
1930,-999,-999,-999,-999,-999,0.0,-999,0.7,-999,-999,-999,-999,0.18,0.7,0.23,0.0,0.0,-999,-999,-999,-999,0.26,0.02,2.23,0.17,-999,1.66,0.0,1.33,0.25,0.06,-999,0.11,0.34,0.18,0.0,-999,2.16,0.0,-999,-999,0.39,-999,-999,1.37,-999,0.0,0.0,0.95,0.0,-999
1931,-999,-999,-999,-999,-999,0.0,-999,0.12,-999,-999,-999,-999,0.0,0.0,0.0,0.0,0.0,-999,-999,-999,-999,0.0,0.02,0.01,0.0,-999,0.04,0.0,0.07,0.0,0.0,-999,0.0,0.0,0.01,0.0,-999,0.0,0.0,-999,-999,0.0,-999,-999,0.02,-999,0.0,0.0,0.01,0.0,-999
1932,-999,-999,-999,-999,-999,0.0,-999,0.61,-999,-999,-999,-999,0.0,0.0,0.0,0.0,0.0,-999,-999,-999,-999,0.0,0.02,0.17,0.0,-999,0.82,0.0,0.13,0.06,0.0,-999,0.11,0.67,0.17,0.0,-999,0.0,0.0,-999,-999,0.11,-999,-999,1.38,-999,0.0,0.0,0.13,0.0,-999
1933,-999,-999,-999,-999,-999,0.0,-999,0.65,-999,-999,-999,-999,0.0,1.15,0.0,0.0,0.0,-999,-999,-999,-999,1.39,0.23,4.17,0.0,-999,1.4,0.0,3.49,0.1,1.11,-999,0.71,0.34,0.9,0.0,-999,0.5,0.0,-999,-999,0.67,-999,-999,0.76,-999,0.66,0.24,1.23,0.0,-999
1934,-999,-999,-999,-999,-999,0.0,-999,0.02,-999,-999,-999,-999,0.0,0.0,0.0,0.0,0.0,-999,-999,-999,-999,3.06,1.15,1.11,0.0,-999,0.1,0.0,0.45,0.0,0.81,-999,0.2,0.0,0.99,0.0,-999,0.0,0.0,-999,-999,0.06,-999,-999,0.02,-999,0.7,0.0,0.22,0.0,-999
1935,-999,-999,-999,-999,-999,0.0,-999,0.25,-999,-999,-999,-999,0.0,0.0,0.0,0.0,0.0,-999,-999,-999,-999,0.85,0.1,2.14,0.0,-999,1.15,0.0,2.31,0.0,0.53,-999,0.04,0.0,0.82,0.0,-999,0.0,0.0,-999,-999,0.07,-999,-999,0.02,-999,0.47,0.16,1.59,0.0,-999
1936,-999,-999,-999,-999,-999,0.0,-999,0.26,-999,-999,-999,-999,0.16,0.08,0.0,0.0,0.0,-999,-999,-999,-999,0.0,0.14,8.68,0.0,-999,6.34,0.0,11.35,0.2,0.09,-999,0.04,0.0,0.01,0.0,-999,0.0,0.0,-999,-999,3.18,-999,-999,0.01,-999,0.0,0.16,3.26,0.0,-999
1937,-999,-999,-999,-999,-999,0.5,-999,0.89,-999,-999,-999,-999,0.0,1.14,0.0,0.0,0.0,-999,-999,-999,-999,0.0,0.02,3.09,0.0,-999,2.33,0.0,2.91,0.0,0.0,-999,0.04,2.01,0.01,0.0,-999,0.5,0.0,-999,-999,0.13,-999,-999,2.73,-999,0.0,0.16,0.6,0.0,-999
1938,-999,-999,-999,-999,-999,0.0,-999,0.01,-999,-999,-999,-999,0.0,0.0,0.0,0.0,0.0,-999,-999,-999,-999,0.0,0.07,1.51,0.0,-999,0.3,0.0,1.26,0.0,0.18,-999,0.04,0.0,0.14,0.0,-999,0.0,0.0,-999,-999,0.03,-999,-999,0.02,-999,0.27,0.0,0.45,0.0,-999
1939,-999,-999,-999,-999,-999,0.0,-999,0.24,-999,-999,-999,-999,0.0,0.0,0.0,0.0,0.0,-999,-999,-999,-999,0.0,0.03,2.2,0.0,-999,1.51,0.0,3.41,0.0,0.12,-999,0.04,0.0,0.14,0.0,-999,0.0,0.0,-999,-999,0.4,-999,-999,0.02,-999,0.0,0.0,0.55,0.0,-999
1940,-999,-999,-999,-999,-999,0.0,-999,0.5,-999,-999,-999,-999,0.0,0.0,0.0,0.0,0.0,-999,-999,-999,-999,0.0,0.02,0.83,0.0,-999,0.57,0.0,0.25,0.02,0.04,-999,0.7,0.0,0.01,0.0,-999,0.0,0.0,-999,-999,0.13,-999,-999,0.1,-999,0.0,0.0,0.2,0.0,-999
1941,-999,-999,-999,-999,-999,0.0,-999,0.04,-999,-999,-999,-999,0.0,0.0,0.0,0.0,0.0,-999,-999,-999,-999,0.0,0.01,0.13,0.0,-999,0.1,0.0,0.64,0.0,0.0,-999,0.04,0.0,0.01,0.0,-999,0.0,0.0,-999,-999,0.01,-999,-999,0.03,-999,0.0,0.0,0.01,0.0,-999
1942,-999,-999,-999,-999,-999,0.0,-999,0.58,-999,-999,-999,-999,0.0,0.33,0.0,0.0,0.0,-999,-999,-999,-999,0.0,0.01,0.61,0.0,-999,0.96,0.0,0.48,0.02,0.13,-999,0.04,0.0,0.61,0.0,-999,0.0,0.0,-999,-999,0.03,-999,-999,0.4,-999,0.27,0.0,0.25,0.0,-999
1943,-999,-999,-999,-999,-999,0.0,-999,0.16,-999,-999,-999,-999,0.02,0.07,0.0,0.0,0.0,-999,-999,-999,-999,0.86,0.58,1.85,0.0,-999,2.45,0.0,3.59,0.02,1.24,-999,0.04,0.0,0.8,0.0,-999,0.0,0.0,-999,-999,0.82,-999,-999,0.01,-999,0.23,0.0,0.32,0.0,-999
1944,-999,-999,-999,-999,-999,0.0,-999,0.01,-999,-999,-999,-999,0.0,0.0,0.0,0.0,0.0,-999,-999,-999,-999,0.0,0.02,0.22,0.0,-999,0.16,0.0,0.7,0.03,0.0,-999,0.2,0.0,0.03,0.0,-999,0.0,0.0,-999,-999,0.41,-999,-999,0.03,-999,0.0,0.0,0.02,0.0,-999
1945,-999,-999,-999,-999,-999,0.0,-999,0.05,-999,-999,-999,-999,0.0,0.0,0.0,0.0,0.0,-999,-999,-999,-999,0.0,0.04,0.82,0.0,-999,0.4,0.0,0.28,0.0,0.04,-999,0.37,0.0,0.37,0.0,-999,0.0,0.0,-999,-999,0.01,-999,-999,0.02,-999,0.0,0.0,0.15,0.0,-999
1946,-999,-999,-999,-999,-999,0.0,-999,0.02,-999,-999,-999,-999,0.0,0.0,0.0,0.0,0.0,-999,-999,-999,-999,0.0,0.02,1.24,0.0,-999,0.06,0.0,0.31,0.0,0.04,-999,0.2,0.0,0.0,0.0,-999,0.0,0.0,-999,-999,0.01,-999,-999,0.01,-999,0.0,0.0,0.11,0.0,-999
1947,-999,-999,-999,-999,-999,0.0,-999,0.12,-999,-999,-999,-999,0.01,0.0,0.0,0.0,0.17,-999,-999,-999,-999,0.0,0.05,0.2,0.0,-999,0.28,-999.0,0.3,0.0,0.0,-999,0.2,0.0,0.01,0.0,-999,0.0,0.0,-999,-999,0.01,-999,-999,0.04,-999,0.0,0.0,0.08,0.0,-999
1948,-999,-999,-999,-999,-999,0.0,-999,0.81,-999,-999,-999,-999,0.0,0.0,0.0,0.0,0.0,-999,-999,-999,-999,0.99,0.19,3.78,0.0,-999,0.36,0.0,1.9,0.01,0.29,-999,0.7,0.0,0.33,0.0,-999,0.0,0.0,-999,-999,0.04,-999,-999,0.05,-999,1.0,0.0,1.4,0.0,-999
1949,-999,-999,-999,-999,-999,0.0,-999,0.67,-999,-999,-999,-999,0.03,0.46,0.0,0.0,0.0,-999,-999,-999,-999,0.0,0.02,0.59,0.0,-999,2.89,0.0,1.48,0.0,0.0,-999,0.04,1.0,0.01,0.0,-999,0.71,0.0,-999,-999,0.57,-999,-999,1.32,-999,0.0,0.32,0.09,0.0,-999
1950,-999,-999,-999,-999,-999,0.0,-999,0.11,-999,-999,-999,-999,0.05,0.13,0.0,0.0,0.0,-999,-999,-999,-999,0.0,0.03,2.35,0.0,-999,3.87,0.0,5.15,0.1,0.04,-999,0.04,0.0,0.01,0.0,-999,0.49,0.0,-999,-999,0.3,-999,-999,0.33,-999,0.0,1.42,1.09,0.0,-999
1951,-999,-999,-999,-999,-999,0.0,-999,0.53,-999,-999,-999,-999,0.18,0.17,0.0,0.18,0.0,-999,-999,-999,-999,0.29,0.47,3.95,0.0,-999,1.4,0.0,2.31,0.0,0.08,-999,0.37,0.0,0.01,0.0,-999,0.0,0.0,-999,-999,0.44,-999,-999,0.08,-999,0.0,0.0,2.31,0.0,-999
1952,-999,-999,-999,-999,-999,0.0,-999,0.55,-999,-999,-999,-999,0.0,0.0,0.0,0.0,0.0,-999,-999,-999,-999,0.0,0.02,0.85,0.0,-999,0.44,0.0,0.49,0.0,0.0,-999,0.04,0.0,0.01,0.0,-999,0.0,0.0,-999,-999,0.01,-999,-999,1.75,-999,0.0,0.0,0.38,0.0,-999
1953,-999,-999,-999,-999,-999,0.0,-999,0.03,-999,-999,-999,-999,0.0,0.0,0.0,0.0,0.0,-999,-999,-999,-999,0.0,0.02,0.7,0.0,-999,0.03,0.0,0.01,0.0,0.0,-999,0.04,0.0,0.01,0.0,-999,0.0,0.0,-999,-999,0.01,-999,-999,0.02,-999,0.0,0.0,0.01,-999.0,-999
1954,-999,-999,-999,-999,-999,0.0,-999,0.08,-999,-999,-999,-999,0.0,0.0,0.0,0.0,0.0,-999,-999,-999,-999,0.0,0.03,1.94,0.0,-999,2.02,0.0,3.04,0.0,0.0,-999,0.04,0.0,0.01,0.0,-999,0.0,0.0,-999,-999,0.31,-999,-999,0.02,-999,0.0,0.0,0.49,0.0,-999
1955,-999,-999,-999,-999,-999,0.0,-999,0.28,-999,-999,-999,-999,0.0,0.0,0.0,0.0,0.0,-999,-999,-999,-999,0.29,0.02,1.24,0.0,-999,0.35,0.0,0.67,0.0,0.08,-999,0.2,0.0,0.03,0.0,-999,0.0,0.0,-999,-999,0.03,-999,-999,0.02,-999,0.0,0.0,0.17,0.0,-999
1956,-999,-999,-999,-999,-999,0.0,-999,0.42,-999,-999,-999,-999,0.0,0.11,0.0,0.0,0.0,-999,-999,-999,-999,0.0,0.02,0.39,0.0,-999,0.82,0.0,0.37,0.0,0.0,-999,0.04,0.0,0.01,0.0,-999,0.0,0.0,-999,-999,0.09,-999,-999,0.14,-999,0.0,0.0,0.04,0.0,-999
1957,-999,-999,-999,-999,-999,0.0,-999,0.04,-999,-999,-999,-999,0.03,0.06,0.0,0.0,0.0,-999,-999,-999,-999,1.29,0.02,0.61,0.0,-999,2.31,0.0,0.47,0.0,0.53,-999,0.2,0.0,1.38,0.0,-999,0.13,0.0,-999,-999,0.03,-999,-999,0.05,-999,1.26,0.32,0.09,0.0,-999
1958,-999,-999,-999,-999,-999,0.0,-999,0.02,-999,-999,-999,-999,0.09,0.0,0.0,0.0,0.0,-999,-999,-999,-999,0.0,0.06,0.31,0.0,-999,0.1,0.0,0.38,0.0,0.06,-999,0.04,0.0,0.0,0.0,-999,0.0,0.0,-999,-999,0.11,-999,-999,0.02,-999,0.0,0.0,0.29,0.0,-999
1959,-999,-999,-999,-999,-999,0.0,-999,0.02,-999,-999,-999,-999,0.0,0.0,0.0,0.0,0.0,-999,-999,-999,-999,0.0,0.08,1.73,0.0,-999,0.74,0.0,1.14,0.0,0.04,-999,0.04,0.0,0.05,0.0,-999,0.0,0.0,-999,-999,0.05,-999,-999,0.02,-999,0.27,0.0,0.38,0.0,-999
1960,-999,-999,-999,-999,-999,0.0,-999,0.11,-999,-999,-999,-999,0.02,0.0,0.0,0.0,0.0,-999,-999,-999,-999,0.0,0.02,0.09,0.0,-999,0.47,0.0,0.2,0.0,0.08,-999,0.11,0.0,0.01,0.0,-999,0.0,0.0,-999,-999,0.04,-999,-999,0.05,-999,0.0,0.0,0.01,0.0,-999
1961,-999,-999,-999,-999,-999,0.0,-999,0.08,-999,-999,-999,-999,0.0,0.0,0.0,0.0,0.0,-999,-999,-999,-999,0.0,0.08,0.23,0.0,-999,0.21,0.0,0.4,0.0,0.08,-999,0.11,0.0,0.12,0.0,-999,0.0,0.5,-999,-999,0.03,-999,-999,0.05,-999,0.0,0.0,0.01,0.0,-999
1962,-999,-999,-999,-999,-999,0.0,-999,0.77,-999,-999,-999,-999,0.25,0.54,0.0,0.0,0.0,-999,-999,-999,-999,1.29,0.12,2.12,0.0,-999,1.08,0.0,2.49,0.09,0.21,-999,0.11,0.0,0.11,0.0,-999,0.36,0.0,-999,-999,0.25,-999,-999,0.23,-999,0.23,0.08,0.96,0.0,-999
1963,-999,-999,-999,-999,-999,1.5,-999,1.21,-999,-999,-999,-999,0.06,0.33,0.0,0.18,0.0,-999,-999,-999,-999,0.0,0.83,1.35,0.0,-999,1.67,0.0,0.82,0.17,0.11,-999,1.2,0.0,0.03,0.28,-999,0.0,0.0,-999,-999,0.39,-999,-999,0.05,-999,0.0,0.0,1.99,0.0,-999
1964,-999,-999,-999,-999,-999,0.0,-999,0.18,-999,-999,-999,-999,0.0,0.0,0.0,0.0,0.0,-999,-999,-999,-999,0.0,0.02,0.11,0.0,-999,0.71,0.0,0.2,0.02,0.0,-999,0.11,0.0,0.01,0.0,-999,0.49,0.0,-999,-999,0.01,-999,-999,0.02,-999,0.0,0.0,0.01,0.0,-999
1965,-999,-999,-999,-999,-999,0.0,-999,0.06,-999,-999,-999,-999,0.03,0.0,0.0,0.0,0.0,-999,-999,-999,-999,0.0,0.56,1.84,0.0,-999,0.15,0.0,0.72,0.0,0.0,-999,0.04,0.0,0.11,0.0,-999,0.0,0.0,-999,-999,0.11,-999,-999,0.02,-999,0.0,0.0,0.8,0.0,-999
1966,-999,-999,-999,-999,-999,0.0,-999,0.15,-999,-999,-999,-999,0.03,0.0,0.0,0.0,0.0,-999,-999,-999,-999,0.29,0.06,3.28,0.0,-999,0.39,0.0,4.18,0.0,0.0,-999,0.04,0.0,0.08,0.0,-999,0.0,0.0,-999,-999,0.71,-999,-999,0.08,-999,0.0,0.0,0.9,0.0,-999
1967,-999,-999,-999,-999,-999,0.0,-999,0.06,-999,-999,-999,-999,0.1,0.0,0.0,0.0,0.0,-999,-999,-999,-999,0.12,0.58,2.46,0.0,-999,0.39,0.0,1.97,0.03,0.0,-999,0.04,0.0,0.28,0.0,-999,0.0,0.0,-999,-999,0.3,-999,-999,0.02,-999,0.0,0.0,1.21,0.0,-999
1968,-999,-999,-999,-999,-999,0.0,-999,0.11,-999,-999,-999,-999,0.0,0.23,0.0,0.0,0.0,-999,-999,-999,-999,0.0,0.2,1.41,0.0,-999,1.37,0.0,2.26,0.0,0.22,-999,0.04,0.0,0.48,0.0,-999,0.0,0.0,-999,-999,0.17,-999,-999,0.02,-999,1.23,0.84,0.38,0.0,-999
1969,-999,-999,-999,-999,-999,0.0,-999,0.13,-999,-999,-999,-999,0.0,0.0,0.0,0.0,0.0,-999,-999,-999,-999,0.0,0.02,0.21,0.0,-999,2.75,0.0,0.13,0.0,0.01,-999,0.04,0.0,0.01,0.0,-999,0.0,0.0,-999,-999,0.06,-999,-999,0.02,-999,0.0,0.34,0.03,0.0,-999
1970,-999,-999,-999,-999,-999,0.0,-999,0.12,-999,-999,-999,-999,0.26,0.0,0.0,0.0,0.0,-999,-999,-999,-999,0.0,0.39,2.73,0.0,-999,0.59,0.0,2.87,0.02,0.08,-999,0.2,0.0,0.03,0.0,-999,0.0,0.0,-999,-999,0.86,-999,-999,0.08,-999,0.0,0.0,0.93,0.0,-999
1971,-999,-999,-999,-999,-999,1.5,-999,0.55,-999,-999,-999,-999,0.1,0.0,0.0,0.0,0.0,-999,-999,-999,-999,1.05,0.91,0.75,0.0,-999,0.81,0.0,0.57,0.0,0.26,-999,2.21,0.0,0.11,0.0,-999,0.0,0.0,-999,-999,0.24,-999,-999,0.12,-999,0.0,0.0,0.69,0.0,-999
1972,-999,-999,-999,-999,-999,0.0,-999,0.25,-999,-999,-999,-999,0.06,0.42,0.0,0.0,0.0,-999,-999,-999,-999,0.29,0.91,2.8,0.0,-999,2.68,0.0,2.58,0.0,0.11,-999,0.04,0.67,0.27,0.0,-999,0.0,0.0,-999,-999,0.75,-999,-999,0.32,-999,0.0,0.0,1.5,0.0,-999
1973,-999,-999,-999,-999,-999,0.0,-999,0.07,-999,-999,-999,-999,0.0,0.0,0.0,0.0,0.0,-999,-999,-999,-999,0.17,0.38,1.81,0.0,-999,0.35,0.0,0.23,0.0,0.19,-999,0.04,0.0,0.06,0.0,-999,0.0,0.0,-999,-999,0.12,-999,-999,0.14,-999,0.0,0.0,0.24,0.0,-999
1974,-999,-999,-999,-999,-999,0.0,-999,0.44,-999,-999,-999,-999,0.11,0.0,0.0,0.0,0.0,-999,-999,-999,-999,0.2,0.37,1.58,0.2,-999,0.61,0.0,1.47,0.08,0.08,-999,0.96,0.0,0.03,0.0,-999,0.0,0.0,-999,-999,0.17,-999,-999,0.1,-999,0.27,0.0,0.45,0.0,-999
1975,-999,-999,-999,-999,-999,0.0,-999,0.2,-999,-999,-999,-999,0.02,0.0,0.0,0.0,0.0,-999,-999,-999,-999,0.14,0.19,0.22,0.0,-999,0.27,0.0,0.01,0.0,0.08,-999,0.04,0.0,0.03,0.0,-999,0.0,0.0,-999,-999,0.01,-999,-999,0.03,-999,0.0,0.0,0.11,0.0,-999
1976,-999,-999,-999,-999,-999,0.0,-999,0.13,-999,-999,-999,-999,0.0,0.0,0.0,0.0,0.0,-999,-999,-999,-999,1.0,0.5,1.41,0.0,-999,0.24,0.0,0.34,0.0,0.22,-999,0.2,0.0,0.36,0.0,-999,0.0,0.0,-999,-999,0.06,-999,-999,0.02,-999,0.27,0.0,0.33,0.0,-999
1977,-999,-999,-999,-999,-999,0.0,-999,0.03,-999,-999,-999,-999,0.0,0.0,0.0,0.0,0.0,-999,-999,-999,-999,0.14,0.27,3.53,0.0,-999,0.69,0.0,2.69,0.0,0.0,-999,0.0,0.0,0.08,0.0,-999,0.0,0.0,-999,-999,0.38,-999,-999,0.02,-999,0.0,0.0,0.87,-999.0,-999
1978,-999,-999,-999,-999,-999,0.0,-999,0.2,-999,-999,-999,-999,0.0,0.18,0.0,0.0,0.0,-999,-999,-999,-999,0.0,0.2,0.48,0.0,-999,1.14,0.0,0.71,0.0,0.08,-999,0.63,0.0,0.17,0.0,-999,0.0,0.0,-999,-999,0.07,-999,-999,0.14,-999,0.0,0.08,0.04,0.0,-999
1979,-999,-999,-999,-999,-999,0.0,-999,0.35,-999,-999,-999,-999,0.08,0.4,0.0,0.0,0.0,-999,-999,-999,-999,0.14,2.55,2.73,0.0,-999,1.35,0.0,2.35,0.0,0.11,-999,0.04,0.0,1.08,0.0,-999,0.0,0.25,-999,-999,0.1,-999,-999,0.43,-999,0.47,0.0,1.65,0.0,-999
1980,-999,-999,-999,-999,-999,0.0,-999,0.02,-999,-999,-999,-999,0.0,0.0,0.0,0.0,0.0,-999,-999,-999,-999,0.0,0.02,0.5,0.0,-999,0.48,0.0,0.56,0.0,0.04,-999,0.04,0.0,0.08,0.0,-999,0.0,0.0,-999,-999,0.06,-999,-999,0.06,-999,0.23,0.0,0.01,0.0,-999
1981,-999,-999,-999,-999,-999,0.0,-999,0.03,-999,-999,-999,-999,0.0,0.0,0.0,0.0,0.0,-999,-999,-999,-999,0.54,0.61,0.55,0.0,-999,0.12,0.0,0.01,0.01,0.15,-999,0.04,0.0,0.44,0.0,-999,0.0,0.0,-999,-999,0.02,-999,-999,0.02,-999,0.5,0.0,0.01,0.0,-999
1982,-999,-999,-999,-999,-999,0.0,-999,0.31,-999,-999,-999,-999,0.0,0.15,0.0,0.0,0.0,-999,-999,-999,-999,0.0,0.52,4.3,0.0,-999,1.8,0.0,3.2,0.02,0.04,-999,0.37,0.0,0.05,0.0,-999,0.0,0.0,-999,-999,0.47,-999,-999,0.15,-999,0.0,0.0,1.61,0.0,-999
1983,-999,-999,-999,-999,-999,0.0,-999,0.11,-999,-999,-999,-999,0.02,0.16,0.0,0.0,0.0,-999,-999,-999,-999,0.0,0.57,2.13,0.0,-999,2.78,0.0,2.58,0.14,0.08,-999,0.11,0.0,0.0,0.0,-999,0.0,0.0,-999,-999,0.82,-999,-999,0.02,-999,0.0,0.0,1.08,0.0,-999
1984,-999,-999,-999,-999,-999,0.0,-999,0.49,-999,-999,-999,-999,0.0,0.18,0.0,0.0,0.0,-999,-999,-999,-999,0.0,1.07,0.78,0.0,-999,0.4,0.0,0.41,0.0,0.42,-999,0.04,0.0,0.08,0.0,-999,0.0,0.5,-999,-999,0.04,-999,-999,0.19,-999,0.0,0.0,0.57,0.0,-999
1985,-999,-999,-999,-999,-999,0.5,-999,0.53,-999,-999,-999,-999,0.0,0.69,0.0,0.0,0.0,-999,-999,-999,-999,0.0,0.61,2.15,0.0,-999,1.08,1.0,1.65,0.0,0.08,-999,0.2,0.0,0.03,0.0,-999,0.0,0.0,-999,-999,0.12,-999,-999,0.23,-999,0.0,0.0,0.96,0.0,-999
1986,-999,-999,-999,-999,-999,0.0,-999,0.02,-999,-999,-999,-999,0.0,0.0,0.0,0.0,0.0,-999,-999,-999,-999,0.0,0.41,0.47,0.0,-999,0.17,0.0,0.31,0.0,0.0,-999,0.0,0.0,0.01,0.0,-999,0.0,0.0,-999,-999,0.03,-999,-999,0.02,-999,0.0,0.0,0.11,0.0,-999
1987,-999,-999,-999,-999,-999,0.0,-999,0.03,-999,-999,-999,-999,0.0,0.0,0.0,0.0,0.0,-999,-999,-999,-999,0.0,0.04,0.73,0.0,-999,0.05,0.0,0.13,0.0,0.08,-999,0.0,0.0,0.05,0.0,-999,0.0,0.0,-999,-999,0.01,-999,-999,0.05,-999,0.0,0.0,0.05,0.0,-999
1988,-999,-999,-999,-999,-999,-999.0,-999,0.18,-999,-999,-999,-999,0.09,0.0,0.0,0.0,0.0,-999,-999,-999,-999,0.0,0.6,2.42,0.0,-999,0.23,0.0,0.53,0.11,0.08,-999,0.04,0.0,0.01,0.0,-999,0.0,0.0,-999,-999,0.97,-999,-999,0.02,-999,0.0,0.0,0.2,0.0,-999
1989,-999,-999,-999,-999,-999,0.0,-999,0.96,-999,-999,-999,-999,0.06,0.12,0.0,0.0,0.53,-999,-999,-999,-999,0.29,0.19,2.26,0.53,-999,3.1,0.0,5.15,0.67,0.22,-999,0.2,0.0,0.06,0.0,-999,0.32,0.0,-999,-999,1.22,-999,-999,1.8,-999,0.0,0.0,0.05,0.0,-999
1990,-999,-999,-999,-999,-999,0.0,-999,0.44,-999,-999,-999,-999,0.0,0.72,0.0,0.0,0.0,-999,-999,-999,-999,0.0,0.02,0.96,0.0,-999,2.17,0.0,1.89,0.12,0.0,-999,0.04,1.34,0.01,0.0,-999,0.0,0.0,-999,-999,0.69,-999,-999,0.39,-999,0.0,0.0,0.01,0.0,-999
1991,-999,-999,-999,-999,-999,0.0,-999,0.03,-999,-999,-999,-999,0.0,0.0,0.0,0.0,0.0,-999,-999,-999,-999,0.0,0.02,0.1,0.0,-999,0.26,0.0,0.19,0.0,0.0,-999,0.0,0.0,0.03,0.0,-999,0.0,0.0,-999,-999,0.01,-999,-999,0.02,-999,0.0,0.0,0.08,0.0,-999
1992,-999,-999,-999,-999,-999,0.0,-999,0.05,-999,-999,-999,-999,0.0,0.0,0.0,0.0,0.0,-999,-999,-999,-999,0.0,0.02,0.3,0.0,-999,0.29,0.0,0.03,0.0,0.0,-999,0.04,0.0,0.03,0.0,-999,0.0,0.0,-999,-999,0.01,-999,-999,0.02,-999,0.0,0.0,0.01,0.0,-999
1993,-999,-999,-999,-999,-999,0.0,-999,0.05,-999,-999,-999,-999,0.0,0.0,0.0,0.0,0.0,-999,-999,-999,-999,0.71,0.1,0.71,0.0,-999,0.37,0.0,0.92,0.0,0.15,-999,0.04,0.0,0.32,0.0,-999,0.0,0.0,-999,-999,0.07,-999,-999,0.02,-999,0.59,0.0,0.01,0.0,-999
1994,-999,-999,-999,-999,-999,-999.0,-999,0.08,-999,-999,-999,-999,0.13,0.0,0.0,0.49,0.0,-999,-999,-999,-999,1.71,1.58,4.3,0.0,-999,0.58,0.0,3.84,0.0,0.15,-999,0.04,0.0,0.84,0.71,-999,0.0,0.0,-999,-999,1.11,-999,-999,0.02,-999,0.84,0.0,2.3,1.0,-999
1995,-999,-999,-999,-999,-999,0.0,-999,0.02,-999,-999,-999,-999,0.0,0.0,0.0,0.0,0.0,-999,-999,-999,-999,0.29,0.02,0.01,0.0,-999,0.22,0.0,0.02,0.0,0.08,-999,0.04,0.0,0.01,0.0,-999,0.0,0.0,-999,-999,0.07,-999,-999,0.02,-999,0.0,0.0,0.01,-999.0,-999
1996,-999,-999,-999,-999,-999,0.0,-999,0.15,-999,-999,-999,-999,0.89,0.0,0.0,0.0,0.0,-999,-999,-999,-999,0.0,1.74,7.0,0.0,-999,3.01,0.0,5.91,0.12,0.04,-999,0.11,0.0,0.33,0.0,-999,0.0,0.0,-999,-999,1.72,-999,-999,0.15,-999,0.0,0.0,3.33,0.0,-999
1997,-999,-999,-999,-999,-999,0.0,-999,0.04,-999,-999,-999,-999,0.0,0.0,0.0,0.0,0.0,-999,-999,-999,-999,0.29,0.05,0.56,0.0,-999,1.3,-999.0,0.54,0.0,0.17,-999,0.04,0.0,0.0,0.0,-999,0.0,0.0,-999,-999,0.05,-999,-999,0.03,-999,0.0,0.0,0.14,0.0,-999
1998,-999,-999,-999,-999,-999,0.0,-999,0.02,-999,-999,-999,-999,0.0,0.05,0.0,0.0,0.0,-999,-999,-999,-999,0.0,0.02,0.03,0.0,-999,0.63,-999.0,0.18,0.0,0.0,-999,0.04,0.0,0.03,0.0,-999,0.0,0.0,-999,-999,0.13,-999,-999,0.02,-999,0.0,0.0,0.01,0.0,-999
1999,-999,-999,-999,-999,-999,0.0,-999,0.02,-999,-999,-999,-999,0.0,0.0,0.0,0.0,0.0,-999,-999,-999,-999,0.0,0.37,0.05,0.0,-999,0.02,-999.0,0.23,0.0,0.08,-999,0.04,0.0,0.0,0.0,-999,0.0,0.0,-999,-999,0.05,-999,-999,0.02,-999,0.32,0.0,0.01,0.0,-999
2000,-999,-999,-999,-999,-999,0.0,-999,0.02,-999,-999,-999,-999,0.03,0.0,0.0,0.0,0.0,-999,-999,-999,-999,0.0,0.02,0.05,0.0,-999,0.06,-999.0,0.02,0.0,0.13,-999,0.04,0.0,0.0,0.0,-999,0.0,0.0,-999,-999,0.0,-999,-999,0.02,-999,0.0,0.0,0.1,0.0,-999
2001,-999,-999,-999,-999,-999,-999.0,-999,0.02,-999,-999,-999,-999,0.0,0.0,0.0,0.0,0.0,-999,-999,-999,-999,0.0,0.01,0.06,0.0,-999,0.09,-999.0,0.02,0.0,0.0,-999,0.04,0.0,0.0,0.0,-999,0.0,0.0,-999,-999,0.0,-999,-999,0.05,-999,0.0,0.0,0.01,0.0,-999
2002,-999,-999,-999,-999,-999,-999.0,-999,0.04,-999,-999,-999,-999,0.0,0.0,0.0,0.0,0.0,-999,-999,-999,-999,0.0,0.02,0.0,0.0,-999,0.13,-999.0,0.0,0.0,0.0,-999,0.04,0.0,0.0,0.0,-999,0.0,0.0,-999,-999,0.0,-999,-999,0.12,-999,0.0,0.0,0.02,0.0,-999
2003,-999,-999,-999,-999,-999,-999.0,-999,0.02,-999,-999,-999,-999,0.0,0.0,0.0,0.0,0.0,-999,-999,-999,-999,0.0,0.37,0.0,0.0,-999,0.27,-999.0,0.27,0.0,0.08,-999,0.04,0.0,0.14,0.0,-999,0.0,0.0,-999,-999,0.0,-999,-999,0.02,-999,0.0,0.0,0.01,0.0,-999
2004,-999,-999,-999,-999,-999,0.0,-999,0.13,-999,-999,-999,-999,0.0,0.0,0.0,0.0,0.0,-999,-999,-999,-999,0.0,0.02,1.02,0.0,-999,0.39,-999.0,1.81,0.0,0.19,-999,0.04,0.0,0.14,0.0,-999,0.0,0.0,-999,-999,0.0,-999,-999,0.02,-999,0.53,0.0,0.04,0.0,-999
2005,-999,-999,-999,-999,-999,0.0,-999,0.32,-999,-999,-999,-999,0.0,0.0,0.0,0.0,0.0,-999,-999,-999,-999,0.0,0.02,1.32,0.0,-999,0.92,-999.0,0.98,0.0,0.0,-999,0.04,0.0,0.0,0.0,-999,0.0,0.0,-999,-999,0.09,-999,-999,0.05,-999,0.0,0.0,0.01,0.0,-999
2006,-999,-999,-999,-999,-999,0.0,-999,0.08,-999,-999,-999,-999,0.0,0.0,0.0,0.0,0.0,-999,-999,-999,-999,0.0,0.02,0.0,0.0,-999,0.16,-999.0,0.09,0.08,0.0,-999,0.04,0.0,0.0,0.0,-999,0.0,0.0,-999,-999,0.01,-999,-999,0.02,-999,0.0,0.0,0.01,0.0,-999
2007,-999,-999,-999,-999,-999,0.0,-999,0.08,-999,-999,-999,-999,0.0,0.0,0.0,0.0,0.0,-999,-999,-999,-999,0.0,0.02,0.18,0.0,-999,0.12,-999.0,0.24,0.0,0.0,-999,0.37,0.0,0.0,0.0,-999,0.0,0.0,-999,-999,0.2,-999,-999,0.02,-999,0.0,0.0,0.01,0.0,-999
2008,-999,-999,-999,-999,-999,0.0,-999,0.2,-999,-999,-999,-999,0.0,0.0,0.0,0.0,0.0,-999,-999,-999,-999,0.0,0.02,0.32,0.0,-999,0.45,0.0,0.63,0.0,0.08,-999,0.04,0.0,0.01,0.0,-999,0.0,0.0,-999,-999,0.01,-999,-999,0.05,-999,0.0,0.0,0.01,0.0,-999
2009,-999,-999,-999,-999,-999,0.0,-999,0.01,-999,-999,-999,-999,0.39,0.0,0.73,0.0,0.0,-999,-999,-999,-999,0.75,0.37,1.2,0.0,-999,0.57,0.0,1.49,0.0,0.11,-999,0.04,0.0,0.01,0.0,-999,0.0,0.0,-999,-999,0.2,-999,-999,0.0,-999,0.0,0.0,0.3,0.0,-999
2010,-999,-999,-999,-999,-999,0.0,-999,0.04,-999,-999,-999,-999,0.08,0.0,0.0,0.0,0.0,-999,-999,-999,-999,0.0,0.02,0.5,0.0,-999,0.36,0.0,0.45,0.0,0.0,-999,0.04,0.0,0.01,0.0,-999,0.0,0.0,-999,-999,0.17,-999,-999,0.02,-999,0.0,0.0,0.01,0.0,-999
2011,-999,-999,-999,-999,-999,0.0,-999,0.51,-999,-999,-999,-999,0.0,0.0,0.0,0.0,0.0,-999,-999,-999,-999,0.0,0.02,0.46,0.0,-999,0.8,0.0,0.06,0.0,0.0,-999,0.63,0.0,0.16,0.0,-999,0.0,0.0,-999,-999,0.05,-999,-999,0.05,-999,0.0,0.0,0.19,0.0,-999
2012,-999,-999,-999,-999,-999,0.0,-999,0.01,-999,-999,-999,-999,0.0,0.0,0.0,0.0,0.0,-999,-999,-999,-999,0.0,0.02,0.0,0.0,-999,0.04,0.0,0.01,0.0,0.0,-999,0.0,0.0,0.01,0.0,-999,0.0,0.0,-999,-999,0.01,-999,-999,0.02,-999,0.0,0.0,0.01,0.0,-999
2013,-999,-999,-999,-999,-999,0.0,-999,0.25,-999,-999,-999,-999,0.0,0.0,0.0,0.0,0.0,-999,-999,-999,-999,0.0,0.02,0.22,0.0,-999,0.71,0.0,0.2,0.0,0.0,-999,0.63,0.0,0.01,0.0,-999,0.0,0.0,-999,-999,0.06,-999,-999,0.06,-999,0.0,0.0,0.01,0.0,-999
2014,-999,-999,-999,-999,-999,0.0,-999,0.05,-999,-999,-999,-999,0.0,0.0,0.0,0.0,0.0,-999,-999,-999,-999,0.0,1.31,1.03,0.0,-999,0.51,0.0,0.23,0.0,0.04,-999,0.04,0.0,0.06,0.0,-999,0.0,0.0,-999,-999,0.06,-999,-999,0.01,-999,0.0,0.0,0.12,0.0,-999
2015,-999,-999,-999,-999,-999,0.0,-999,0.09,-999,-999,-999,-999,0.0,0.0,0.0,0.0,0.0,-999,-999,-999,-999,0.0,2.23,0.12,0.0,-999,0.08,0.0,0.07,0.0,0.19,-999,0.04,0.0,0.03,0.0,-999,0.0,0.0,-999,-999,0.01,-999,-999,0.05,-999,0.0,0.0,0.01,0.0,-999
2016,-999,-999,-999,-999,-999,0.0,-999,0.17,-999,-999,-999,-999,0.0,0.0,0.0,0.0,0.0,-999,-999,-999,-999,0.0,0.2,0.14,0.0,-999,0.25,0.0,0.07,0.02,0.0,-999,0.11,0.0,0.03,0.0,-999,0.0,0.0,-999,-999,0.28,-999,-999,0.08,-999,0.0,0.0,0.01,0.0,-999
2017,-999,-999,-999,-999,-999,-999.0,-999,0.16,-999,-999,-999,-999,0.0,0.0,0.0,0.0,0.0,-999,-999,-999,-999,0.0,0.02,0.66,0.0,-999,0.21,0.0,0.37,0.0,0.0,-999,0.21,0.0,0.08,0.0,-999,0.0,0.0,-999,-999,0.09,-999,-999,0.1,-999,0.0,0.0,0.01,0.0,-999
2018,-999,-999,-999,-999,-999,-999.0,-999,0.02,-999,-999,-999,-999,0.01,0.0,0.0,0.0,0.0,-999,-999,-999,-999,0.0,0.46,0.32,0.0,-999,0.39,0.0,0.45,0.04,0.0,-999,0.11,0.0,0.15,0.0,-999,0.0,0.0,-999,-999,0.49,-999,-999,0.05,-999,0.0,0.0,0.01,0.0,-999
2019,-999,-999,-999,-999,-999,-999.0,-999,0.08,-999,-999,-999,-999,0.31,0.0,1.21,0.0,0.0,-999,-999,-999,-999,0.0,0.73,2.53,0.0,-999,0.86,0.0,2.0,0.0,0.0,-999,0.04,0.0,0.01,0.0,-999,0.0,0.0,-999,-999,0.27,-999,-999,0.02,-999,0.0,0.0,0.9,0.0,-999
2020,-999,-999,-999,-999,-999,-999.0,-999,0.04,-999,-999,-999,-999,0.0,0.0,0.0,0.0,0.0,-999,-999,-999,-999,0.0,0.02,0.09,0.0,-999,0.04,0.0,0.1,0.0,0.04,-999,0.04,0.0,0.01,0.0,-999,0.0,0.0,-999,-999,0.03,-999,-999,0.02,-999,0.0,0.0,0.07,0.0,-999
2021,-999,-999,-999,-999,-999,-999.0,-999,0.02,-999,-999,-999,-999,0.15,0.0,0.0,0.0,0.0,-999,-999,-999,-999,0.0,1.07,1.66,0.0,-999,1.56,0.0,1.77,0.67,0.0,-999,0.04,0.0,0.01,0.0,-999,0.0,0.0,-999,-999,0.35,-999,-999,0.02,-999,0.0,0.0,0.41,0.0,-999
2022,-999,-999,-999,-999,-999,-999.0,-999,0.1,-999,-999,-999,-999,0.0,0.0,0.0,0.0,0.0,-999,-999,-999,-999,0.01,0.54,2.15,0.0,-999,1.12,0.0,1.67,0.0,0.0,-999,0.2,0.0,0.18,0.0,-999,0.0,0.0,-999,-999,0.01,-999,-999,0.02,-999,0.0,0.0,0.11,0.0,-999
2023,-999,-999,-999,-999,-999,-999.0,-999,0.02,-999,-999,-999,-999,0.0,0.04,0.0,0.0,0.0,-999,-999,-999,-999,0.01,0.01,0.0,0.0,-999,0.24,0.0,0.14,0.0,0.0,-999,0.63,0.0,0.2,0.0,-999,0.0,0.0,-999,-999,0.01,-999,-999,0.02,-999,0.0,0.0,0.03,0.0,-999
2024,-999,-999,-999,-999,-999,0.0,-999,0.05,-999,-999,-999,-999,0.0,0.0,0.0,0.0,0.0,-999,-999,-999,-999,0.0,0.01,0.0,0.0,-999,2.14,0.0,0.49,0.0,0.0,-999,0.0,0.0,0.0,0.0,-999,0.0,0.0,-999,-999,0.15,-999,-999,0.02,-999,0.0,0.0,0.01,-999.0,-999
