Year,AK,HI,PR,AL,AR,AZ,CA,CO,CT,DE,FL,GA,IA,ID,IL,IN,KS,KY,LA,MA,MD,ME,MI,MN,MO,MS,MT,NC,ND,NE,NH,NJ,NM,NV,NY,OH,OK,OR,PA,RI,SC,SD,TN,TX,UT,VA,VT,WA,WI,WV,WY
1900,-999.0,-999,-999,-999,0.0,-999,-999.0,0.0,-999.0,-999,-999,-999,0.21,0.01,0.04,0.0,0.0,0.0,-999,-999.0,-999.0,0.02,0.0,5.52,0.0,-999,2.63,0.0,8.16,0.04,-999.0,0.0,-999,-999.0,0.13,0.0,-999,-999.0,0.0,-999,-999,1.0,0.0,-999,0.01,0.0,-999.0,0.0,1.55,0.0,-999.0
1901,-999.0,-999,-999,-999,0.0,-999,-999.0,0.0,-999.0,-999,-999,-999,1.9,0.01,0.0,0.13,0.0,0.0,-999,-999.0,-999.0,0.53,0.0,5.96,0.15,-999,1.01,0.0,10.03,0.8,-999.0,0.0,-999,-999.0,0.29,0.0,-999,0.0,0.0,-999,-999,2.06,0.0,-999,0.04,0.0,-999.0,0.0,1.12,0.0,-999.0
1902,-999.0,-999,-999,-999,0.0,-999,-999.0,0.13,-999.0,-999,-999,-999,0.52,0.01,0.05,0.0,0.0,0.0,-999,-999.0,-999.0,0.02,0.02,4.93,0.0,-999,2.97,0.0,9.51,0.0,-999.0,0.0,-999,-999.0,0.2,0.0,-999,0.0,0.0,-999,-999,2.71,0.0,-999,0.08,0.0,-999.0,0.0,1.44,0.0,-999.0
1903,-999.0,-999,-999,-999,0.0,-999,-999.0,0.0,-999.0,-999,-999,-999,0.36,0.0,0.0,0.1,0.0,0.0,-999,-999.0,-999.0,0.02,0.22,5.06,0.0,-999,1.79,0.0,9.11,0.19,-999.0,0.0,-999,-999.0,0.0,0.0,-999,0.0,0.0,-999,-999,2.29,0.0,-999,0.03,0.0,-999.0,0.0,1.92,0.0,-999.0
1904,-999.0,-999,-999,-999,-999.0,-999,-999.0,0.0,-999.0,-999,-999,-999,2.11,0.0,0.13,0.0,0.0,0.0,-999,-999.0,-999.0,0.86,0.4,8.14,0.2,-999,2.84,-999.0,16.93,0.42,-999.0,0.0,-999,-999.0,1.34,0.03,-999,0.0,0.44,-999,-999,5.22,0.0,-999,0.01,0.0,-999.0,0.0,3.06,-999.0,-999.0
1905,-999.0,-999,-999,-999,0.0,-999,-999.0,0.57,-999.0,-999,-999,-999,3.91,0.0,0.81,0.23,1.51,0.0,-999,-999.0,-999.0,0.01,0.14,7.14,0.59,-999,2.55,-999.0,14.09,4.38,-999.0,0.0,-999,-999.0,0.18,0.0,-999,0.0,0.0,-999,-999,7.06,0.0,-999,0.03,0.0,-999.0,0.0,2.5,0.0,-999.0
1906,-999.0,-999,-999,-999,0.0,-999,-999.0,0.13,-999.0,-999,-999,-999,0.04,0.0,0.0,0.0,0.0,0.0,-999,-999.0,-999.0,0.01,0.0,1.71,0.0,-999,1.29,-999.0,6.96,0.01,-999.0,0.0,-999,-999.0,0.41,0.0,-999,0.0,0.0,-999,-999,0.38,0.0,-999,0.03,0.0,-999.0,0.0,0.01,0.0,-999.0
1907,-999.0,-999,-999,-999,0.0,-999,-999.0,0.0,-999.0,-999,-999,-999,1.12,0.0,0.0,0.0,0.0,0.0,-999,-999.0,-999.0,0.39,0.3,6.95,0.0,-999,4.72,-999.0,18.11,0.35,-999.0,0.0,-999,-999.0,0.8,0.0,-999,0.0,0.0,-999,-999,5.31,0.0,-999,0.02,0.0,-999.0,0.0,2.14,0.0,-999.0
1908,-999.0,-999,-999,-999,0.0,-999,-999.0,0.0,-999.0,-999,-999,-999,0.03,0.0,0.0,0.0,0.0,0.0,-999,-999.0,-999.0,0.01,0.01,1.1,0.0,-999,0.3,-999.0,1.91,0.0,-999.0,0.0,-999,-999.0,0.64,0.0,-999,0.0,0.0,-999,-999,0.16,0.0,-999,0.03,0.0,-999.0,0.0,0.21,0.0,-999.0
1909,-999.0,-999,-999,-999,0.0,-999,-999.0,0.46,-999.0,-999,-999,-999,1.56,0.21,0.0,0.0,0.03,0.0,-999,-999.0,-999.0,0.01,0.04,7.06,0.05,-999,9.6,-999.0,19.13,1.24,-999.0,0.0,-999,-999.0,0.0,0.0,-999,1.05,0.0,-999,-999,9.26,0.0,-999,0.23,0.0,-999.0,0.84,1.78,0.0,-999.0
1910,-999.0,-999,-999,-999,0.0,-999,-999.0,0.57,-999.0,-999,-999,-999,0.67,0.09,0.0,0.0,0.0,0.0,-999,-999.0,-999.0,0.2,0.02,3.11,0.0,-999,2.2,0.0,10.6,0.06,-999.0,0.0,-999,-999.0,0.12,0.0,-999,0.0,0.0,-999,-999,2.88,0.0,-999,0.08,0.0,-999.0,0.0,0.25,0.0,-999.0
1911,-999.0,-999,-999,-999,0.0,-999,-999.0,0.12,-999.0,-999,-999,-999,0.9,0.0,0.0,0.0,0.12,0.0,-999,-999.0,-999.0,0.01,0.02,5.7,0.04,-999,3.24,0.0,14.06,1.33,-999.0,0.0,-999,-999.0,0.09,0.0,-999,0.0,0.0,-999,-999,4.02,0.0,-999,0.03,0.0,-999.0,0.04,0.62,0.0,-999.0
1912,-999.0,-999,-999,-999,0.0,-999,-999.0,0.12,-999.0,-999,-999,-999,7.92,0.0,2.56,0.42,1.66,0.0,-999,-999.0,-999.0,0.7,0.61,13.58,1.39,-999,1.61,0.0,14.93,3.45,-999.0,0.0,-999,-999.0,1.2,0.0,-999,0.0,0.0,-999,-999,7.49,0.0,-999,0.03,0.0,-999.0,0.0,10.65,0.0,-999.0
1913,-999.0,-999,-999,-999,0.0,-999,-999.0,0.61,-999.0,-999,-999,-999,0.11,0.0,0.0,0.0,0.0,0.0,-999,-999.0,-999.0,0.01,0.05,4.2,0.0,-999,3.11,0.0,10.21,0.25,-999.0,0.0,-999,-999.0,0.0,0.0,-999,0.0,0.0,-999,-999,1.9,0.0,-999,0.03,0.0,-999.0,0.0,1.2,0.0,-999.0
1914,-999.0,-999,-999,-999,0.0,-999,-999.0,0.09,-999.0,-999,-999,-999,0.56,0.0,0.03,0.0,0.0,0.0,-999,-999.0,-999.0,1.24,0.33,7.18,0.0,-999,1.2,0.0,15.22,0.23,-999.0,0.0,-999,-999.0,1.06,0.0,-999,0.0,0.0,-999,-999,3.01,0.0,-999,0.03,0.0,-999.0,0.0,0.97,0.0,-999.0
1915,-999.0,-999,-999,-999,0.0,-999,-999.0,0.09,-999.0,-999,-999,-999,0.2,0.0,0.04,0.0,0.0,0.0,-999,-999.0,-999.0,0.01,0.03,2.85,0.0,-999,0.64,0.0,5.47,0.0,-999.0,0.0,-999,-999.0,0.0,0.0,-999,0.0,0.0,-999,-999,0.57,0.0,-999,0.03,0.0,-999.0,0.0,0.97,0.0,-999.0
1916,-999.0,-999,-999,-999,0.0,-999,-999.0,0.19,-999.0,-999,-999,-999,1.89,0.09,0.14,0.0,0.2,0.0,-999,-999.0,-999.0,0.01,0.04,13.11,0.23,-999,12.94,0.0,35.01,2.44,-999.0,0.0,-999,-999.0,0.0,0.0,-999,0.0,0.0,-999,-999,13.24,0.0,-999,0.07,0.0,-999.0,0.0,2.63,0.0,-999.0
1917,-999.0,-999,-999,-999,0.0,-999,-999.0,0.09,-999.0,-999,-999,-999,4.34,0.04,0.18,0.0,0.06,0.0,-999,-999.0,-999.0,1.2,0.25,17.72,0.11,-999,6.11,0.0,26.06,1.16,-999.0,1.0,-999,-999.0,1.37,0.0,-999,0.0,0.0,-999,-999,8.25,0.0,-999,0.23,0.0,-999.0,0.0,5.64,0.16,-999.0
1918,-999.0,-999,-999,-999,0.0,-999,-999.0,0.47,-999.0,-999,-999,-999,2.48,0.0,0.62,0.11,0.66,0.65,-999,-999.0,-999.0,0.7,0.45,6.86,0.55,-999,4.45,0.0,12.67,2.47,-999.0,0.0,-999,-999.0,0.53,0.0,-999,0.0,0.3,-999,-999,6.99,0.0,-999,0.03,0.0,-999.0,0.0,2.12,0.0,-999.0
1919,-999.0,-999,-999,-999,0.0,-999,-999.0,0.66,-999.0,-999,-999,-999,2.04,0.3,0.28,0.0,0.23,0.0,-999,-999.0,-999.0,0.39,0.07,9.94,0.04,-999,7.87,0.0,19.02,0.93,-999.0,0.0,-999,-999.0,0.07,0.0,-999,1.08,0.0,-999,-999,5.22,0.0,-999,0.02,0.0,-999.0,0.62,2.28,0.0,-999.0
1920,-999.0,-999,-999,-999,0.0,-999,-999.0,0.0,-999.0,-999,-999,-999,0.2,0.0,0.0,0.0,0.0,0.0,-999,-999.0,-999.0,0.01,0.05,5.02,0.0,-999,2.35,0.0,13.58,0.23,-999.0,0.0,-999,-999.0,0.12,0.0,-999,0.0,0.0,-999,-999,1.1,0.0,-999,0.01,0.0,-999.0,0.0,1.69,0.0,-999.0
1921,-999.0,-999,-999,-999,0.0,-999,-999.0,0.0,-999.0,-999,-999,-999,0.04,0.0,0.0,0.0,0.0,0.0,-999,-999.0,-999.0,0.01,0.0,1.25,0.0,-999,1.85,-999.0,2.8,0.0,-999.0,0.0,-999,-999.0,0.0,0.0,-999,0.0,0.0,-999,-999,0.37,0.0,-999,0.03,0.0,-999.0,0.0,0.0,0.0,-999.0
1922,-999.0,-999,-999,-999,0.0,-999,-999.0,0.51,-999.0,-999,-999,-999,0.37,0.22,0.0,0.0,0.0,0.0,-999,-999.0,-999.0,0.01,0.01,4.22,0.0,-999,6.9,-999.0,15.42,0.27,-999.0,0.0,-999,-999.0,0.2,0.0,-999,0.0,0.0,-999,-999,3.5,0.0,-999,0.13,0.0,-999.0,0.0,1.3,0.0,-999.0
1923,-999.0,-999,-999,-999,0.0,-999,-999.0,0.27,-999.0,-999,-999,-999,0.07,0.0,0.0,0.0,0.0,0.0,-999,-999.0,-999.0,0.01,0.01,2.96,0.0,-999,3.66,-999.0,8.31,0.5,-999.0,0.0,-999,-999.0,0.0,0.0,-999,0.0,0.0,-999,-999,1.92,0.0,-999,0.03,0.0,-999.0,0.0,0.73,0.0,-999.0
1924,-999.0,-999,-999,-999,0.0,-999,-999.0,0.96,-999.0,-999,-999,-999,3.28,1.26,0.79,0.28,0.16,0.0,-999,-999.0,-999.0,0.51,0.19,12.9,0.27,-999,7.05,0.0,17.46,1.93,-999.0,0.0,-999,-999.0,0.08,0.12,-999,0.0,0.13,-999,-999,6.14,0.0,-999,0.39,0.0,-999.0,0.0,6.93,0.0,-999.0
1925,-999.0,-999,-999,-999,0.0,-999,-999.0,0.28,-999.0,-999,-999,-999,0.49,0.0,0.06,0.0,0.0,0.0,-999,-999.0,-999.0,0.01,0.01,1.83,0.0,-999,0.43,0.0,4.54,0.05,-999.0,0.0,-999,-999.0,0.2,0.0,-999,0.0,0.0,-999,-999,1.53,0.0,-999,0.01,0.0,-999.0,0.0,0.55,0.0,-999.0
1926,-999.0,-999,-999,-999,0.0,-999,-999.0,0.09,-999.0,-999,-999,-999,0.27,0.0,0.0,0.0,0.03,0.0,-999,-999.0,-999.0,0.01,0.04,2.69,0.0,-999,1.63,0.0,3.18,0.19,-999.0,0.0,-999,-999.0,0.18,0.0,-999,0.0,0.0,-999,-999,1.41,0.0,-999,0.01,0.0,-999.0,0.0,1.1,0.0,-999.0
1927,-999.0,-999,-999,-999,0.0,-999,-999.0,0.18,-999.0,-999,-999,-999,0.57,0.21,0.0,0.0,0.0,0.0,-999,-999.0,-999.0,0.01,0.01,8.11,0.0,-999,5.72,0.0,15.36,0.77,-999.0,0.0,-999,-999.0,0.0,0.0,-999,0.0,0.0,-999,-999,5.81,0.0,-999,0.01,0.0,-999.0,0.1,1.0,0.0,-999.0
1928,-999.0,-999,-999,-999,0.0,-999,-999.0,0.0,-999.0,-999,-999,-999,0.56,0.0,0.1,0.0,0.0,0.0,-999,-999.0,-999.0,0.01,0.03,2.62,0.07,-999,0.96,0.0,2.21,0.15,-999.0,0.0,-999,-999.0,0.0,0.0,-999,0.0,0.0,-999,-999,1.6,0.0,-999,0.01,0.0,-999.0,0.0,0.92,0.0,-999.0
1929,-999.0,-999,-999,-999,0.0,-999,-999.0,0.11,-999.0,-999,-999,-999,0.85,0.16,0.0,0.0,0.0,0.0,-999,-999.0,-999.0,0.01,0.1,10.88,0.0,-999,6.61,-999.0,20.35,0.43,-999.0,0.0,-999,-999.0,0.08,0.0,-999,0.28,0.0,-999,-999,9.77,0.0,-999,0.17,0.0,-999.0,0.0,3.11,0.0,-999.0
1930,26.89,-999,-999,-999,0.0,-999,0.0,0.33,-999.0,-999,-999,-999,1.74,0.65,0.15,0.0,0.43,0.0,-999,-999.0,-999.0,0.01,0.04,6.0,0.19,-999,6.43,0.0,9.11,1.74,-999.0,0.0,-999,-999.0,0.0,0.0,-999,0.0,0.0,-999,-999,5.23,0.0,-999,0.46,0.0,-999.0,0.36,1.63,0.0,-999.0
1931,16.71,-999,-999,-999,0.0,-999,0.0,0.0,-999.0,-999,-999,-999,0.01,0.0,0.0,0.0,0.0,0.0,-999,-999.0,-999.0,0.01,0.0,0.01,0.0,-999,0.13,0.0,0.0,0.0,-999.0,0.0,-999,-999.0,0.0,0.0,-999,0.0,0.0,-999,-999,0.0,0.0,-999,0.01,0.0,-999.0,0.0,0.0,0.0,-999.0
1932,36.6,-999,-999,-999,0.0,-999,0.0,0.27,-999.0,-999,-999,-999,0.72,0.0,0.0,0.0,0.05,0.0,-999,-999.0,-999.0,0.01,0.02,4.69,0.0,-999,6.88,0.0,9.2,0.41,-999.0,0.0,-999,-999.0,0.0,0.0,-999,0.28,0.0,-999,-999,4.72,0.0,-999,0.4,0.0,-999.0,0.0,1.12,0.0,-999.0
1933,35.17,-999,-999,-999,0.0,-999,0.0,1.34,-999.0,-999,-999,-999,2.03,0.82,0.49,0.0,0.33,0.0,-999,-999.0,-999.0,0.89,0.34,7.59,0.32,-999,3.54,0.0,10.52,1.58,-999.0,0.0,-999,-999.0,0.19,0.0,-999,0.28,0.0,-999,-999,3.73,0.0,-999,0.04,0.0,-999.0,0.0,3.47,0.0,-999.0
1934,22.63,-999,-999,-999,0.0,-999,0.0,0.0,-999.0,-999,-999,-999,0.16,0.0,0.0,0.0,0.0,0.0,-999,-999.0,-999.0,0.2,0.35,3.58,0.0,-999,0.86,0.0,4.94,0.0,-999.0,0.0,-999,-999.0,1.03,0.0,-999,0.0,0.13,-999,-999,0.6,0.0,-999,0.01,0.0,-999.0,0.0,0.73,0.0,-999.0
1935,24.91,-999,-999,-999,0.0,-999,0.0,0.0,-999.0,-999,-999,-999,0.89,0.12,0.0,0.0,0.0,0.0,-999,-999.0,-999.0,0.01,0.04,5.2,0.0,-999,4.17,0.0,8.69,0.58,-999.0,0.0,-999,-999.0,0.2,0.0,-999,0.0,0.0,-999,-999,2.99,0.0,-999,0.01,0.0,-999.0,0.22,1.68,0.0,-999.0
1936,22.63,-999,-999,-999,0.0,-999,0.0,0.0,-999.0,-999,-999,-999,8.22,0.09,1.58,0.43,0.06,0.0,-999,-999.0,-999.0,0.01,0.1,20.0,0.18,-999,10.95,0.0,33.46,4.96,-999.0,0.0,-999,-999.0,0.0,0.24,-999,0.0,0.0,-999,-999,19.68,0.0,-999,0.01,0.0,-999.0,0.0,9.33,0.0,-999.0
1937,12.22,-999,-999,-999,0.0,-999,1.46,0.72,-999.0,-999,-999,-999,0.61,0.9,0.0,0.0,0.03,0.0,-999,-999.0,-999.0,0.01,0.01,6.23,0.0,-999,9.61,0.0,23.19,1.26,-999.0,0.0,-999,-999.0,0.0,0.0,-999,0.28,0.0,-999,-999,8.09,0.0,-999,2.28,0.0,-999.0,0.1,0.28,0.0,-999.0
1938,24.35,-999,-999,-999,0.0,-999,0.0,0.0,-999.0,-999,-999,-999,0.01,0.0,0.0,0.0,0.0,0.0,-999,-999.0,-999.0,0.01,0.04,3.9,0.0,-999,2.7,0.0,8.16,0.0,-999.0,0.0,-999,-999.0,0.0,0.0,-999,0.0,0.0,-999,-999,1.21,0.0,-999,0.01,0.0,-999.0,0.0,0.92,0.0,-999.0
1939,21.12,-999,-999,-999,0.0,-999,0.0,0.0,-999.0,-999,-999,-999,0.06,0.0,0.0,0.0,0.0,0.0,-999,-999.0,-999.0,0.01,0.0,2.15,0.0,-999,2.71,0.0,8.85,0.21,-999.0,0.0,-999,-999.0,0.0,0.0,-999,0.0,0.0,-999,-999,2.86,0.0,-999,0.01,0.0,-999.0,0.0,0.16,0.0,-999.0
1940,10.35,-999,-999,-999,0.0,-999,0.0,0.09,-999.0,-999,-999,-999,0.81,0.0,0.1,0.06,0.0,0.0,-999,-999.0,-999.0,0.01,0.04,3.31,0.03,-999,1.94,0.0,4.6,0.38,-999.0,0.0,-999,-999.0,0.07,0.41,-999,0.0,0.0,-999,-999,2.37,0.0,-999,0.04,0.0,-999.0,0.0,1.65,0.0,-999.0
1941,18.15,-999,-999,-999,0.0,-999,0.0,0.0,-999.0,-999,-999,-999,0.01,0.0,0.0,0.0,0.0,0.0,-999,-999.0,-999.0,0.01,0.0,1.66,0.0,-999,0.77,0.0,4.12,0.0,-999.0,0.0,-999,-999.0,0.0,0.0,-999,0.0,0.0,-999,-999,0.22,0.0,-999,0.01,0.0,-999.0,0.0,0.41,0.0,-999.0
1942,21.14,-999,-999,-999,0.0,-999,0.0,0.35,-999.0,-999,-999,-999,2.59,0.0,0.37,0.0,0.03,0.0,-999,-999.0,-999.0,0.51,0.27,5.52,0.02,-999,1.55,0.0,5.91,0.34,-999.0,0.0,-999,-999.0,0.67,0.0,-999,0.0,0.0,-999,-999,2.17,0.0,-999,0.07,0.0,-999.0,0.0,4.06,0.0,-999.0
1943,20.32,-999,-999,-999,0.0,-999,0.0,0.09,-999.0,-999,-999,-999,1.28,0.0,0.0,0.0,0.19,0.0,-999,-999.0,-999.0,0.51,0.03,7.16,0.08,-999,5.44,0.0,11.77,0.95,-999.0,0.0,-999,-999.0,0.84,0.0,-999,0.0,0.0,-999,-999,5.06,0.0,-999,0.01,0.0,-999.0,0.0,1.2,0.0,-999.0
1944,12.73,-999,-999,-999,0.0,-999,0.0,0.0,-999.0,-999,-999,-999,0.01,0.0,0.0,0.0,0.0,0.0,-999,-999.0,-999.0,0.01,0.0,0.17,0.0,-999,0.01,0.0,1.37,0.03,-999.0,0.0,-999,-999.0,0.0,0.0,-999,0.0,0.0,-999,-999,0.63,0.0,-999,0.01,0.0,-999.0,0.0,0.0,0.0,-999.0
1945,19.83,-999,-999,-999,0.0,-999,0.0,0.0,-999.0,-999,-999,-999,0.02,0.0,0.0,0.0,0.0,0.0,-999,-999.0,-999.0,0.01,0.03,3.76,0.0,-999,0.38,0.0,8.14,0.0,-999.0,0.0,-999,-999.0,0.06,0.0,-999,0.0,0.0,-999,-999,0.74,0.0,-999,0.01,0.0,-999.0,0.0,0.98,0.0,-999.0
1946,28.57,-999,-999,-999,0.0,-999,0.0,0.0,-999.0,-999,-999,-999,0.09,0.0,0.0,0.0,0.0,0.0,-999,-999.0,-999.0,0.01,0.01,2.78,0.0,-999,0.78,0.0,6.55,0.03,-999.0,0.0,-999,-999.0,0.0,0.0,-999,0.0,0.0,-999,-999,0.65,0.0,-999,0.01,0.0,-999.0,0.0,0.3,0.0,-999.0
1947,25.16,-999,-999,-999,0.0,-999,0.0,0.0,-999.0,-999,-999,-999,0.04,0.0,0.0,0.0,0.0,0.0,-999,-999.0,-999.0,0.01,0.02,1.88,0.0,-999,0.7,0.0,3.34,0.0,-999.0,0.0,-999,-999.0,0.0,0.0,-999,0.0,0.0,-999,-999,0.13,0.0,-999,0.01,0.0,-999.0,0.0,0.19,0.0,-999.0
1948,28.51,-999,-999,-999,0.0,-999,0.0,0.0,-999.0,-999,-999,-999,0.38,0.0,0.01,0.0,0.0,0.0,-999,-999.0,-999.0,0.01,0.01,6.31,0.0,-999,0.75,0.0,9.98,0.06,-999.0,0.0,-999,-999.0,0.17,0.0,-999,0.0,0.0,-999,-999,2.39,0.0,-999,0.01,0.0,-999.0,0.0,1.31,0.0,-999.0
1949,21.71,-999,-999,-999,0.0,-999,0.0,0.31,-999.0,-999,-999,-999,0.27,0.09,0.01,0.0,0.03,0.0,-999,-999.0,-999.0,0.01,0.0,3.55,0.0,-999,7.73,0.0,17.29,0.8,-999.0,0.0,-999,-999.0,0.0,0.0,-999,0.28,0.0,-999,-999,5.14,0.0,-999,0.33,0.0,-999.0,0.0,0.43,0.0,-999.0
1950,18.51,-999,-999,-999,0.0,-999,0.0,0.0,0.2,-999,-999,-999,0.64,0.31,0.0,0.0,0.0,0.0,-999,0.0,0.0,0.01,0.01,7.03,0.0,-999,8.62,0.0,22.21,0.8,1.63,0.0,-999,0.0,0.37,0.0,-999,0.0,0.0,-999,-999,5.22,0.0,-999,0.38,0.0,0.28,1.44,0.71,0.0,1.09
1951,26.36,-999,-999,-999,0.0,-999,0.0,0.66,0.0,-999,-999,-999,1.61,0.0,0.22,0.0,0.03,0.0,-999,0.0,0.0,0.01,0.04,8.87,0.0,-999,7.34,0.0,19.51,0.72,1.4,0.0,-999,0.0,0.17,0.0,-999,0.0,0.0,-999,-999,6.37,0.0,-999,0.01,0.0,0.18,0.0,2.81,0.0,1.96
1952,21.11,-999,-999,-999,0.0,-999,0.0,0.2,0.0,-999,-999,-999,0.1,0.0,0.0,0.0,0.0,0.0,-999,0.0,0.0,0.01,0.0,2.15,0.0,-999,2.22,0.0,5.63,0.07,0.67,0.0,-999,0.0,0.0,0.0,-999,0.0,0.0,-999,-999,1.36,0.0,-999,0.8,0.0,0.03,0.0,0.37,0.0,0.47
1953,22.96,-999,-999,-999,0.0,-999,0.0,0.0,0.0,-999,-999,-999,0.01,0.0,0.0,0.0,0.0,0.0,-999,0.0,0.0,0.01,0.0,1.05,0.0,-999,0.18,0.0,1.59,0.03,0.98,0.0,-999,0.0,0.0,0.0,-999,0.0,0.0,-999,-999,0.19,0.0,-999,0.01,0.0,0.03,0.0,0.09,0.0,0.0
1954,32.36,-999,-999,-999,0.0,-999,0.0,0.09,0.0,-999,-999,-999,0.15,0.0,0.0,0.0,0.0,0.0,-999,0.0,0.0,0.01,0.01,4.87,0.0,-999,5.06,0.0,9.61,0.08,1.21,0.0,-999,0.0,0.5,0.0,-999,0.0,0.0,-999,-999,2.48,0.0,-999,0.01,0.0,0.47,0.0,0.81,0.0,0.22
1955,26.65,-999,-999,-999,0.0,-999,0.0,0.19,0.2,-999,-999,-999,0.26,0.0,0.0,0.13,0.0,0.0,-999,0.0,0.0,0.01,0.0,3.39,0.0,-999,2.33,0.0,7.08,0.0,2.73,0.0,-999,0.0,0.82,0.0,-999,0.0,0.0,-999,-999,1.43,0.0,-999,0.01,0.0,1.48,0.0,0.45,0.0,0.49
1956,44.24,-999,-999,-999,0.0,-999,0.0,0.0,0.0,-999,-999,-999,0.08,0.08,0.0,0.0,0.0,0.0,-999,0.0,0.0,0.01,0.0,2.68,0.0,-999,2.43,0.0,8.17,0.0,0.84,0.0,-999,0.0,0.0,0.0,-999,0.0,0.0,-999,-999,1.85,0.0,-999,0.04,0.0,0.03,0.0,0.22,0.0,0.42
1957,20.41,-999,-999,-999,0.0,-999,0.0,0.19,0.0,-999,-999,-999,0.02,0.26,0.0,0.0,0.0,0.0,-999,0.35,0.0,1.05,0.02,2.73,0.0,-999,4.41,0.0,8.24,0.07,1.85,0.0,-999,0.0,0.46,0.0,-999,0.0,0.0,-999,-999,1.67,0.0,-999,0.01,0.0,1.33,0.33,0.94,0.0,0.87
1958,14.42,-999,-999,-999,0.0,-999,0.0,0.0,0.0,-999,-999,-999,0.11,0.0,0.0,0.0,0.0,0.0,-999,0.0,0.0,0.01,0.04,1.78,0.0,-999,0.65,0.0,5.02,0.0,1.59,0.0,-999,0.0,0.27,0.0,-999,0.0,0.0,-999,-999,0.69,0.0,-999,0.01,0.0,0.03,0.0,0.1,0.0,0.06
1959,25.9,-999,-999,-999,0.0,-999,0.0,0.17,0.0,-999,-999,-999,0.15,0.0,0.06,0.0,0.0,0.0,-999,0.0,0.0,0.01,0.06,3.91,0.0,-999,2.74,0.0,9.04,0.34,1.68,0.0,-999,0.0,0.24,0.0,-999,0.28,0.0,-999,-999,1.05,0.0,-999,0.01,0.0,0.5,0.0,1.4,0.0,1.28
1960,13.61,-999,-999,-999,0.0,-999,0.0,0.0,0.0,-999,-999,-999,0.1,0.0,0.0,0.0,0.0,0.0,-999,0.0,0.0,0.51,0.02,1.92,0.0,-999,1.06,0.0,3.0,0.0,1.22,0.0,-999,0.0,0.0,0.0,-999,0.0,0.0,-999,-999,0.31,0.0,-999,0.01,0.0,0.14,0.0,0.15,0.0,0.31
1961,31.45,-999,-999,-999,0.0,-999,0.0,0.0,0.2,-999,-999,-999,0.06,0.0,0.0,0.0,0.0,0.0,-999,0.0,0.0,0.01,0.02,1.88,0.0,-999,1.34,0.0,5.7,0.02,1.53,0.0,-999,0.0,0.49,0.0,-999,0.0,0.0,-999,-999,1.01,0.0,-999,0.01,0.0,0.9,0.0,0.05,0.0,0.53
1962,21.08,-999,-999,-999,0.0,-999,0.83,0.2,0.0,-999,-999,-999,2.48,0.14,0.16,0.09,0.0,0.0,-999,0.0,0.0,0.7,0.04,8.34,0.1,-999,5.08,0.0,13.78,0.46,1.42,0.0,-999,0.0,0.5,0.04,-999,0.0,0.0,-999,-999,5.18,0.0,-999,0.2,0.0,1.16,0.0,2.01,0.0,4.03
1963,17.56,-999,-999,-999,0.0,-999,0.0,1.32,0.2,-999,-999,-999,3.59,0.23,0.28,0.24,0.13,0.0,-999,0.0,0.0,0.01,0.4,12.48,0.15,-999,4.19,0.0,15.54,2.18,1.76,0.0,-999,0.0,0.22,0.17,-999,0.28,0.31,-999,-999,7.4,0.0,-999,0.26,0.0,0.18,0.0,7.54,0.0,3.03
1964,33.66,-999,-999,-999,0.0,-999,0.0,0.0,0.0,-999,-999,-999,0.23,0.0,0.0,0.0,0.0,0.0,-999,0.0,0.0,0.01,0.0,1.34,0.0,-999,3.06,0.0,6.92,0.39,0.85,0.0,-999,0.0,0.0,0.0,-999,0.81,0.0,-999,-999,1.12,0.0,-999,0.01,0.0,0.03,0.35,0.05,0.0,0.67
1965,24.47,-999,-999,-999,0.0,-999,0.0,0.0,0.0,-999,-999,-999,0.35,0.0,0.0,0.0,0.0,0.0,-999,0.0,0.0,0.01,0.06,7.76,0.08,-999,1.88,0.0,11.07,0.0,1.94,0.0,-999,0.0,0.65,0.0,-999,0.0,0.0,-999,-999,2.01,0.0,-999,0.01,0.0,2.0,0.0,2.6,0.0,0.0
1966,30.83,-999,-999,-999,0.0,-999,0.0,0.19,0.0,-999,-999,-999,2.15,0.0,0.74,0.0,0.0,0.0,-999,0.0,0.0,0.01,0.04,8.29,0.09,-999,3.25,0.0,15.3,0.74,0.93,0.0,-999,0.0,0.07,0.0,-999,0.0,0.0,-999,-999,5.49,0.0,-999,0.01,0.0,0.25,0.0,2.22,0.0,0.08
1967,20.26,-999,-999,-999,0.0,-999,0.0,0.0,0.0,-999,-999,-999,0.14,0.0,0.0,0.0,0.0,0.0,-999,0.0,0.0,0.01,0.01,3.47,0.0,-999,0.77,0.0,6.75,0.0,1.75,0.0,-999,0.0,0.37,0.0,-999,0.0,0.0,-999,-999,0.87,0.0,-999,0.01,0.0,0.51,0.0,0.88,0.0,0.02
1968,25.85,-999,-999,-999,0.0,-999,0.0,0.0,0.4,-999,-999,-999,0.9,0.57,0.05,0.06,0.0,0.0,-999,0.22,0.0,1.71,0.04,6.56,0.04,-999,4.08,0.0,10.16,1.03,4.21,0.0,-999,0.0,1.66,0.0,-999,0.44,0.0,-999,-999,3.84,0.0,-999,0.01,0.0,4.19,0.83,1.99,0.0,1.19
1969,20.49,-999,-999,-999,0.0,-999,0.0,0.19,0.0,-999,-999,-999,0.72,0.0,0.03,0.0,0.0,0.0,-999,0.0,0.0,0.01,0.01,3.81,0.0,-999,7.42,0.0,14.99,0.17,0.97,0.0,-999,0.0,0.0,0.0,-999,0.0,0.0,-999,-999,2.71,0.0,-999,0.01,0.0,0.03,0.0,1.41,0.0,0.5
1970,26.22,-999,-999,-999,0.0,-999,0.0,0.0,0.0,-999,-999,-999,4.98,0.0,1.45,0.44,0.0,0.0,-999,0.0,0.41,0.01,0.04,8.57,0.0,-999,2.84,0.0,11.9,0.38,1.8,0.0,-999,0.0,0.55,0.6,-999,0.0,0.0,-999,-999,4.46,0.0,-999,0.01,0.0,0.55,0.0,3.42,0.0,0.27
1971,37.43,-999,-999,-999,0.0,-999,0.0,0.73,0.0,-999,-999,-999,0.95,0.0,0.11,0.0,0.0,0.0,-999,0.0,0.0,1.52,0.04,5.18,0.0,-999,4.37,0.0,13.51,0.0,1.69,0.0,-999,0.0,0.55,0.0,-999,0.0,0.0,-999,-999,2.61,0.0,-999,0.1,0.0,1.46,0.0,2.83,0.0,0.56
1972,24.82,-999,-999,-999,0.0,-999,0.0,0.05,0.0,-999,-999,-999,2.6,0.4,0.68,0.47,0.0,0.0,-999,0.0,0.0,0.0,0.54,8.89,0.07,-999,10.19,0.0,19.02,1.32,1.18,0.0,-999,0.19,0.11,0.22,-999,0.0,0.0,-999,-999,6.69,0.0,-999,0.31,0.0,0.03,0.0,3.62,0.0,5.26
1973,21.24,-999,-999,-999,0.0,-999,0.0,0.0,0.0,-999,-999,-999,0.73,0.0,0.0,0.0,0.0,0.0,-999,0.0,0.0,0.49,0.0,4.42,0.0,-999,1.79,0.0,8.44,0.0,1.96,0.0,-999,0.0,0.12,0.0,-999,0.0,0.0,-999,-999,2.56,0.0,-999,0.33,0.0,1.4,0.0,0.57,0.0,1.87
1974,30.81,-999,-999,-999,0.0,-999,0.0,0.18,0.0,-999,-999,-999,0.97,0.0,0.0,0.0,0.0,0.0,-999,0.0,0.0,0.0,0.03,4.08,0.0,-999,1.77,-999.0,10.69,0.55,1.34,0.0,-999,0.0,0.06,0.0,-999,0.56,0.0,-999,-999,2.23,0.0,-999,0.14,0.0,0.29,0.0,0.94,0.0,1.01
1975,30.34,-999,-999,-999,0.0,-999,0.0,0.1,0.0,-999,-999,-999,0.12,0.0,0.0,0.0,0.0,0.0,-999,0.0,0.0,0.01,0.01,2.24,0.0,-999,2.22,-999.0,4.88,0.0,1.18,0.0,-999,0.0,0.18,0.0,-999,0.0,0.0,-999,-999,0.93,0.0,-999,0.02,0.0,0.3,0.0,0.6,0.0,0.21
1976,23.78,-999,-999,-999,0.0,-999,0.0,0.0,0.0,-999,-999,-999,0.64,0.0,0.0,0.0,0.0,0.0,-999,0.0,0.0,0.01,0.04,4.73,0.0,-999,1.43,0.0,6.71,0.5,1.51,0.0,-999,0.0,0.62,0.0,-999,0.0,0.0,-999,-999,2.14,0.0,-999,0.01,0.0,1.67,0.0,2.28,0.0,0.31
1977,17.57,-999,-999,-999,0.0,-999,0.0,0.0,0.0,-999,-999,-999,2.65,0.0,1.02,1.38,0.0,0.2,-999,0.0,0.41,0.53,0.06,9.55,0.44,-999,2.38,-999.0,16.2,0.13,1.39,0.0,-999,0.0,0.25,1.0,-999,0.0,0.62,-999,-999,3.31,0.0,-999,0.01,0.0,0.24,0.0,3.73,0.23,0.29
1978,9.61,-999,-999,-999,0.0,-999,0.0,0.1,0.0,-999,-999,-999,1.02,0.37,0.22,0.0,0.0,0.0,-999,0.0,0.0,0.01,0.0,3.98,0.0,-999,6.1,0.0,17.48,0.16,1.49,0.0,-999,0.0,0.0,0.0,-999,0.0,0.0,-999,-999,5.01,0.0,-999,0.14,0.0,0.03,0.15,0.7,0.0,2.45
1979,24.04,-999,-999,-999,0.0,-999,0.0,0.46,0.4,-999,-999,-999,2.62,0.44,0.39,0.13,0.0,0.0,-999,0.0,0.0,0.51,0.19,8.97,0.14,-999,4.21,0.0,19.44,1.0,4.54,0.0,-999,0.0,1.27,0.0,-999,0.0,0.0,-999,-999,6.03,0.0,-999,0.61,0.0,2.28,0.0,4.03,0.0,2.8
1980,25.01,-999,-999,-999,0.0,-999,0.0,0.0,0.6,-999,-999,-999,0.04,0.0,0.01,0.0,0.0,0.0,-999,0.16,0.0,0.7,0.04,2.36,0.0,-999,4.58,0.0,8.85,0.0,2.32,0.0,-999,0.0,0.11,0.0,-999,0.0,0.0,-999,-999,0.69,0.0,-999,0.01,0.0,0.77,0.0,0.47,0.0,1.37
1981,11.74,-999,-999,-999,0.0,-999,0.0,0.0,0.2,-999,-999,-999,0.12,0.0,0.12,0.0,0.0,0.0,-999,0.22,0.0,1.75,0.12,1.35,0.0,-999,0.72,0.0,5.12,0.14,2.47,0.0,-999,0.0,0.77,0.0,-999,0.0,0.0,-999,-999,0.96,0.0,-999,0.01,0.0,1.48,0.0,0.64,0.0,0.34
1982,21.14,-999,-999,-999,0.5,-999,0.0,0.52,0.2,-999,-999,-999,2.05,0.0,1.07,0.89,0.03,0.39,-999,0.04,1.05,0.51,0.53,8.97,0.27,-999,5.25,0.0,18.79,0.71,2.24,1.0,-999,0.0,0.59,0.58,-999,0.0,0.79,-999,-999,5.55,0.0,-999,0.21,0.39,0.35,0.0,2.51,0.46,1.21
1983,16.38,-999,-999,-999,0.0,-999,0.0,1.5,0.0,-999,-999,-999,5.83,0.51,2.72,1.58,2.7,0.0,-999,0.0,0.01,0.01,0.1,7.29,1.1,-999,6.81,0.0,10.56,6.29,1.0,0.0,-999,0.0,0.44,1.02,-999,0.56,0.31,-999,-999,7.38,0.0,-999,0.04,0.0,0.57,0.0,4.4,1.15,4.45
1984,26.87,-999,-999,-999,0.0,-999,0.0,0.41,0.0,-999,-999,-999,0.7,0.0,0.51,0.13,0.0,0.0,-999,0.0,0.0,0.01,0.06,4.08,0.0,-999,2.43,0.0,9.16,0.06,1.25,0.0,-999,0.0,0.09,0.17,-999,0.0,0.17,-999,-999,1.36,0.0,-999,0.8,0.0,0.03,0.0,1.56,0.0,0.78
1985,16.21,-999,-999,-999,0.0,-999,0.0,0.18,0.0,-999,-999,-999,1.48,0.0,0.78,0.87,0.0,0.6,-999,0.0,1.05,0.01,0.07,7.49,0.18,-999,8.06,0.5,19.08,0.38,1.27,0.0,-999,0.0,0.23,0.6,-999,0.0,1.01,-999,-999,4.0,0.62,-999,0.29,0.22,0.07,0.0,3.39,0.31,2.27
1986,14.45,-999,-999,-999,0.0,-999,0.0,0.0,0.0,-999,-999,-999,0.36,0.0,0.0,0.0,0.0,0.0,-999,0.0,0.0,0.01,0.2,2.14,0.0,-999,1.04,0.0,2.71,0.01,1.05,0.0,-999,0.0,0.16,0.0,-999,0.0,0.0,-999,-999,0.37,0.0,-999,0.01,0.0,0.29,0.0,0.34,0.0,0.01
1987,17.38,-999,-999,-999,0.0,-999,0.0,0.0,0.0,-999,-999,-999,0.01,0.0,0.0,0.0,0.0,0.0,-999,0.0,0.0,0.01,0.01,1.03,0.0,-999,0.01,0.0,0.68,0.0,0.88,0.0,-999,0.0,0.42,0.0,-999,0.0,0.0,-999,-999,0.0,0.0,-999,0.01,0.0,0.25,0.0,0.54,0.0,0.15
1988,14.98,-999,-999,-999,0.0,-999,0.0,0.0,0.2,-999,-999,-999,1.87,0.0,0.25,0.0,0.0,0.0,-999,0.0,0.0,0.86,0.04,5.2,0.0,-999,0.58,0.0,10.22,0.14,1.74,0.0,-999,0.0,0.23,0.0,-999,0.0,0.0,-999,-999,3.12,0.0,-999,0.01,0.0,0.29,0.0,2.73,0.0,0.04
1989,23.85,-999,-999,-999,0.0,-999,0.0,1.64,0.2,-999,-999,-999,4.88,0.43,1.59,0.93,1.53,0.44,-999,0.0,0.0,0.7,0.06,8.22,1.56,-999,6.56,0.0,16.78,4.58,2.0,0.0,-999,0.0,0.68,0.08,-999,0.85,0.0,-999,-999,8.74,0.0,-999,0.76,0.22,0.4,0.33,3.96,0.0,4.2
1990,33.35,-999,-999,-999,0.0,-999,2.09,1.58,0.0,-999,-999,-999,2.57,1.59,0.02,0.0,0.73,0.0,-999,0.0,0.0,0.01,0.02,4.4,0.07,-999,5.58,0.0,8.56,2.99,0.72,0.0,-999,1.35,0.0,0.0,-999,0.56,0.0,-999,-999,4.47,0.0,-999,1.05,0.0,0.03,0.08,1.51,0.0,4.28
1991,21.87,-999,-999,-999,0.0,-999,0.0,0.0,0.0,-999,-999,-999,0.07,0.0,0.0,0.0,0.0,0.0,-999,0.0,0.0,0.01,0.01,1.41,0.0,-999,1.42,0.0,5.0,0.0,1.06,0.0,-999,0.0,0.0,0.0,-999,0.0,0.0,-999,-999,0.47,0.0,-999,0.01,0.0,0.03,0.0,0.15,0.0,0.01
1992,22.67,-999,-999,-999,0.0,-999,0.0,0.0,0.0,-999,-999,-999,0.07,0.05,0.0,0.0,0.0,0.0,-999,0.0,0.01,0.01,0.02,1.65,0.0,-999,2.46,0.0,4.41,0.0,1.22,0.0,-999,0.0,0.12,0.0,-999,0.0,0.0,-999,-999,2.08,0.0,-999,0.01,0.0,0.4,0.0,0.36,0.0,0.38
1993,14.99,-999,-999,-999,0.0,-999,0.0,0.0,0.0,-999,-999,-999,0.18,0.0,0.0,0.0,0.0,0.0,-999,0.0,0.0,0.51,0.03,3.0,0.0,-999,2.23,0.0,5.81,0.0,1.88,0.0,-999,0.0,0.42,0.0,-999,0.0,0.0,-999,-999,1.44,0.0,-999,0.07,0.0,0.28,0.0,0.6,0.0,0.99
1994,23.08,-999,-999,-999,0.0,-999,0.0,0.0,0.2,-999,-999,-999,3.99,0.0,1.62,1.81,0.03,0.1,-999,0.0,0.41,1.4,1.46,10.25,0.0,-999,2.28,0.0,16.12,0.92,2.49,0.0,-999,0.0,1.0,1.79,-999,0.0,0.84,-999,-999,6.41,0.0,-999,0.01,1.0,2.25,0.0,6.42,0.56,0.25
1995,22.43,-999,-999,-999,0.0,-999,0.0,0.0,0.0,-999,-999,-999,0.16,0.0,0.0,0.0,0.0,0.0,-999,0.0,0.0,0.7,0.05,2.99,0.0,-999,0.35,0.0,5.51,0.0,1.7,0.0,-999,0.0,0.35,0.0,-999,0.0,0.0,-999,-999,0.23,0.0,-999,0.01,0.0,0.76,0.0,2.11,0.0,0.18
1996,25.23,-999,-999,-999,0.0,-999,0.0,0.2,0.0,-999,-999,-999,4.66,0.0,1.4,0.23,0.09,0.0,-999,0.0,0.0,0.51,0.4,13.83,0.4,-999,9.4,0.0,25.11,1.95,1.54,0.0,-999,0.0,0.41,0.0,-999,0.0,0.0,-999,-999,10.88,0.0,-999,0.07,0.0,0.84,0.16,6.43,0.0,1.74
1997,17.83,-999,-999,-999,0.0,-999,0.0,0.13,0.0,-999,-999,-999,1.48,0.0,0.26,0.0,0.0,0.0,-999,0.0,0.0,0.51,0.04,5.6,0.26,-999,3.6,0.0,9.88,0.52,1.36,0.0,-999,0.0,0.12,0.0,-999,0.0,0.0,-999,-999,6.15,0.0,-999,0.01,0.0,0.04,0.0,0.78,0.0,1.39
1998,16.37,-999,-999,-999,0.0,-999,0.0,0.0,0.0,-999,-999,-999,0.02,0.15,0.0,0.0,0.0,0.0,-999,0.0,0.0,0.01,0.01,2.5,0.0,-999,3.48,0.0,7.36,0.04,0.72,0.0,-999,0.0,0.0,0.0,-999,0.0,0.0,-999,-999,1.52,0.0,-999,0.48,0.0,0.04,0.0,0.34,0.0,1.91
1999,35.02,-999,-999,-999,0.0,-999,0.0,0.0,0.0,-999,-999,-999,0.72,0.0,0.1,0.0,0.0,0.0,-999,0.0,0.0,0.01,0.02,3.81,0.0,-999,0.01,0.0,6.42,0.05,0.81,0.0,-999,0.0,0.08,0.0,-999,0.0,0.0,-999,-999,1.03,0.0,-999,0.01,0.0,0.49,0.0,0.74,0.0,0.0
2000,13.0,-999,-999,-999,0.0,-999,0.0,0.0,0.2,-999,-999,-999,1.01,0.0,0.03,0.0,0.0,0.0,-999,0.0,0.0,0.01,0.01,3.29,0.0,-999,1.42,0.0,6.9,0.1,1.8,0.0,-999,0.0,0.71,0.0,-999,0.0,0.0,-999,-999,3.02,0.0,-999,0.02,0.0,0.53,0.0,0.29,0.0,0.19
2001,13.06,-999,-999,-999,0.0,-999,0.0,0.0,0.0,-999,-999,-999,0.08,0.0,0.0,0.0,0.0,0.0,-999,0.0,0.0,0.01,0.0,0.78,0.0,-999,0.01,0.0,1.85,0.0,0.72,0.0,-999,0.0,0.0,0.0,-999,0.0,0.0,-999,-999,0.43,0.0,-999,0.09,0.0,0.03,0.0,0.0,0.0,0.04
2002,7.09,-999,-999,-999,0.0,-999,0.0,0.0,0.0,-999,-999,-999,0.02,0.0,0.0,0.0,0.0,0.0,-999,0.0,0.0,0.01,0.0,0.03,0.0,-999,0.76,0.0,0.8,0.0,0.85,0.0,-999,0.0,0.0,0.0,-999,0.0,0.0,-999,-999,0.01,0.0,-999,0.05,0.0,0.07,0.0,0.0,0.0,0.01
2003,12.9,-999,-999,-999,-999.0,-999,0.0,0.0,0.0,-999,-999,-999,0.01,0.0,0.0,0.0,0.0,0.0,-999,0.0,0.0,1.01,0.04,1.27,0.0,-999,1.14,-999.0,6.42,0.0,2.34,0.0,-999,0.0,0.73,0.0,-999,0.0,0.0,-999,-999,0.49,0.0,-999,0.02,0.0,0.85,0.0,0.12,0.0,0.06
2004,16.27,-999,-999,-999,-999.0,-999,0.0,0.11,0.8,-999,-999,-999,1.47,0.0,0.0,0.0,0.06,0.0,-999,0.0,0.0,2.61,0.05,5.24,0.0,-999,3.28,0.0,10.56,0.19,4.7,0.0,-999,0.0,1.91,0.0,-999,0.0,0.0,-999,-999,2.46,0.0,-999,0.02,0.0,4.11,0.0,1.5,0.0,0.45
2005,17.57,-999,-999,-999,-999.0,-999,0.0,0.41,0.4,-999,-999,-999,0.4,0.0,0.0,0.0,0.0,0.0,-999,0.0,0.01,0.01,0.04,3.28,0.0,-999,2.72,0.0,6.38,0.02,1.86,0.0,-999,0.0,0.46,0.0,-999,0.0,0.0,-999,-999,1.29,0.0,-999,0.07,0.0,0.64,0.0,0.9,0.0,0.3
2006,24.28,-999,-999,-999,-999.0,-999,0.01,0.11,0.0,-999,-999,-999,0.35,0.0,0.0,0.0,0.0,0.0,-999,0.0,0.0,0.01,0.01,0.59,0.0,-999,1.08,0.0,1.04,0.33,1.02,0.0,-999,0.0,0.0,0.0,-999,0.0,0.0,-999,-999,0.53,0.0,-999,0.01,0.0,0.03,0.0,0.07,0.0,0.75
2007,18.83,-999,-999,-999,-999.0,-999,0.01,0.23,0.0,-999,-999,-999,0.89,0.0,0.0,0.0,0.0,0.0,-999,0.0,0.0,0.01,0.03,2.88,0.0,-999,0.46,0.0,6.73,0.0,2.36,0.0,-999,0.0,0.43,0.0,-999,0.0,0.0,-999,-999,1.87,0.0,-999,0.39,0.0,0.35,0.0,1.83,0.0,0.61
2008,22.76,-999,-999,-999,-999.0,-999,0.01,0.71,0.0,-999,-999,-999,1.23,0.0,0.2,0.0,0.0,0.0,-999,0.0,0.0,0.01,0.05,5.65,0.0,-999,4.39,0.0,12.81,0.33,0.98,-999.0,-999,0.0,0.0,0.0,-999,0.0,0.0,-999,-999,2.56,0.0,-999,0.14,0.0,0.03,0.0,3.39,0.0,1.39
2009,23.05,-999,-999,-999,-999.0,-999,0.01,0.0,0.0,-999,-999,-999,1.1,0.0,0.44,0.28,0.0,0.0,-999,0.0,0.0,0.01,0.03,3.47,0.0,-999,3.3,0.0,13.47,0.05,1.21,-999.0,-999,0.0,0.0,0.1,-999,0.0,0.0,-999,-999,1.75,0.0,-999,0.15,0.0,0.24,0.0,1.37,0.0,0.36
2010,25.23,-999,-999,-999,-999.0,-999,0.0,0.0,0.0,-999,-999,-999,1.04,0.0,0.0,0.0,0.0,0.0,-999,0.0,0.0,0.01,0.0,2.59,0.0,-999,1.99,0.0,5.46,0.33,0.81,0.0,-999,0.0,0.07,0.0,-999,0.0,0.0,-999,-999,1.82,0.0,-999,0.02,0.0,0.03,0.0,0.14,0.0,0.51
2011,19.71,-999,-999,-999,-999.0,-999,0.0,1.04,0.0,-999,-999,-999,0.25,0.0,0.0,0.0,0.0,0.0,-999,0.0,0.0,0.01,0.0,2.12,0.0,-999,2.31,0.0,7.76,0.07,0.84,0.0,-999,0.0,0.18,0.0,-999,0.0,0.0,-999,-999,2.49,0.0,-999,0.2,0.0,0.24,0.0,0.09,0.0,1.25
2012,33.57,-999,-999,-999,0.0,-999,0.0,0.0,0.0,-999,-999,-999,0.01,0.0,0.0,0.0,0.0,0.0,-999,0.0,0.0,0.01,0.0,0.56,0.0,-999,1.0,0.0,2.56,0.01,0.72,0.0,-999,0.0,0.0,0.0,-999,0.0,0.0,-999,-999,0.07,0.0,-999,0.01,0.0,0.14,0.0,0.41,0.0,0.02
2013,15.55,-999,-999,-999,-999.0,-999,0.0,0.0,0.0,-999,-999,-999,0.17,0.0,0.0,0.0,0.0,0.0,-999,0.0,0.0,0.01,0.03,6.98,0.0,-999,2.36,0.0,11.79,0.07,1.75,0.0,-999,0.0,0.24,0.0,-999,0.0,0.0,-999,-999,2.68,0.0,-999,0.48,0.0,0.38,0.0,2.39,0.0,1.57
2014,6.56,-999,-999,-999,-999.0,-999,0.0,0.27,0.0,-999,-999,-999,1.94,0.0,0.91,0.6,0.0,0.0,-999,0.0,0.0,1.05,0.17,8.98,0.26,-999,3.16,0.0,10.2,0.2,1.79,0.0,-999,0.0,0.59,0.11,-999,0.0,0.0,-999,-999,2.82,0.0,-999,0.01,0.0,2.01,0.0,4.4,0.0,2.18
2015,15.45,-999,-999,-999,-999.0,-999,0.0,0.0,0.0,-999,-999,-999,0.14,0.0,0.05,0.0,0.0,0.0,-999,0.0,0.0,0.01,0.28,3.15,0.0,-999,0.3,0.0,4.85,0.01,1.39,0.0,-999,0.0,0.46,0.0,-999,0.0,0.0,-999,-999,0.34,0.0,-999,0.07,0.0,0.35,0.0,2.39,0.0,0.16
2016,9.02,-999,-999,-999,-999.0,-999,0.0,0.28,0.0,-999,-999,-999,0.89,0.0,0.08,0.0,0.0,0.0,-999,0.0,0.0,0.01,0.03,3.77,0.0,-999,0.64,0.0,6.92,0.13,1.06,0.0,-999,0.0,0.48,0.0,-999,0.0,0.0,-999,-999,1.02,0.0,-999,0.07,0.0,0.25,0.0,2.52,0.0,0.31
2017,13.17,-999,-999,-999,-999.0,-999,0.0,0.19,0.0,-999,-999,-999,0.77,0.04,0.03,0.0,0.0,0.0,-999,0.0,0.0,0.51,0.06,4.94,0.0,-999,2.81,0.0,9.74,0.18,2.4,0.0,-999,0.0,0.47,0.0,-999,0.56,0.0,-999,-999,2.39,0.0,-999,0.12,0.0,1.15,0.0,2.89,0.0,0.66
2018,12.67,-999,-999,-999,-999.0,-999,0.0,0.0,0.0,-999,-999,-999,1.85,0.0,0.5,0.22,0.0,0.0,-999,0.0,0.0,1.05,0.16,3.22,0.02,-999,1.63,0.0,5.37,0.52,2.02,0.0,-999,0.0,1.24,0.0,-999,0.0,0.0,-999,-999,1.82,0.0,-999,0.01,0.0,1.19,0.0,1.16,0.0,0.13
2019,11.86,-999,-999,-999,-999.0,-999,0.0,0.0,0.0,-999,-999,-999,1.83,0.0,0.51,0.3,0.0,0.0,-999,0.0,0.0,0.01,0.28,7.85,0.21,-999,6.22,0.0,15.82,0.05,1.35,0.0,-999,0.0,0.42,0.4,-999,0.0,0.0,-999,-999,4.49,0.0,-999,0.04,0.0,0.67,0.0,3.54,0.0,0.47
2020,24.94,-999,-999,-999,-999.0,-999,0.0,0.0,0.0,-999,-999,-999,0.21,0.0,0.0,0.0,0.0,0.0,-999,0.0,0.0,0.01,0.0,1.41,0.0,-999,1.02,0.0,4.03,0.0,0.67,0.0,-999,0.0,0.0,0.0,-999,0.0,0.0,-999,-999,0.73,0.0,-999,0.01,0.0,0.03,0.0,0.0,0.0,0.0
2021,20.66,-999,-999,-999,0.0,-999,0.0,0.19,0.0,-999,-999,-999,4.15,0.0,0.49,0.0,0.58,0.0,-999,0.0,0.0,0.01,0.05,8.11,1.09,-999,6.39,0.0,11.53,2.75,0.85,0.0,-999,0.0,0.0,0.0,-999,0.0,0.0,-999,-999,4.63,0.0,-999,0.01,0.0,0.03,0.0,3.01,0.0,1.64
2022,16.84,-999,-999,-999,-999.0,-999,0.0,0.2,0.0,-999,-999,-999,2.16,0.0,0.14,0.38,0.68,0.0,-999,0.0,0.0,0.01,0.02,9.33,0.06,-999,5.65,0.0,17.92,1.01,1.37,0.0,-999,0.0,0.66,0.06,-999,0.0,0.0,-999,-999,5.76,0.0,-999,0.01,0.0,0.27,0.0,1.29,0.0,1.91
2023,10.29,-999,-999,-999,-999.0,-999,0.0,0.0,0.0,-999,-999,-999,0.03,0.09,0.0,0.0,0.0,0.0,-999,0.0,0.0,0.01,0.0,1.74,0.0,-999,1.75,0.0,5.88,0.0,1.07,0.0,-999,0.0,0.31,0.0,-999,0.0,0.0,-999,-999,1.25,0.0,-999,0.17,0.0,0.21,0.0,0.12,0.0,1.62
2024,15.21,-999,-999,-999,-999.0,-999,0.0,0.26,0.0,-999,-999,-999,2.22,0.19,0.96,0.25,0.63,0.0,-999,0.0,0.0,0.01,0.02,2.85,0.87,-999,3.8,0.0,6.03,2.44,0.55,0.0,-999,0.0,0.0,0.0,-999,0.0,0.0,-999,-999,3.26,0.0,-999,0.01,0.0,0.07,0.18,1.03,0.0,1.65
