Year,AK,HI,PR,AL,AR,AZ,CA,CO,CT,DE,FL,GA,IA,ID,IL,IN,KS,KY,LA,MA,MD,ME,MI,MN,MO,MS,MT,NC,ND,NE,NH,NJ,NM,NV,NY,OH,OK,OR,PA,RI,SC,SD,TN,TX,UT,VA,VT,WA,WI,WV,WY
1900,-999,-999.0,-999.0,2.54,5.29,-999.0,-999.0,0.0,-999.0,-999.0,13.89,11.31,1.22,0.0,1.79,2.92,3.01,1.6,11.82,-999.0,-999.0,0.0,1.04,1.16,2.8,20.73,0.0,7.08,0.0,1.58,-999.0,2.85,-999.0,-999.0,2.38,0.49,-999.0,0.0,0.0,-999.0,8.79,1.02,2.2,10.58,0.15,2.44,-999.0,0.48,0.43,0.0,-999.0
1901,-999,-999.0,-999.0,2.19,12.03,-999.0,-999.0,0.22,-999.0,-999.0,18.16,4.95,3.58,0.0,3.99,2.8,7.26,2.81,9.36,-999.0,-999.0,0.0,0.61,1.61,12.66,10.73,0.0,3.35,0.06,2.52,-999.0,2.93,7.0,-999.0,2.42,1.96,-999.0,0.0,0.34,-999.0,4.73,2.03,5.27,12.95,0.14,2.57,-999.0,0.01,1.0,0.4,-999.0
1902,-999,-999.0,-999.0,9.68,8.98,-999.0,-999.0,0.0,-999.0,-999.0,12.61,7.17,0.21,0.0,0.79,0.3,1.73,0.5,18.21,-999.0,-999.0,0.0,0.2,0.0,1.05,16.51,0.0,5.22,0.0,0.32,-999.0,0.78,2.76,-999.0,0.02,0.22,-999.0,0.0,0.09,-999.0,8.57,0.09,3.8,24.68,0.01,0.26,-999.0,0.01,0.01,0.0,-999.0
1903,-999,-999.0,-999.0,3.98,5.63,-999.0,-999.0,0.07,-999.0,-999.0,7.89,2.88,0.38,0.0,1.15,0.44,2.48,1.51,8.18,-999.0,-999.0,0.0,0.21,0.05,0.64,5.58,0.0,4.91,0.0,0.67,-999.0,1.12,0.45,-999.0,0.2,0.31,2.0,0.0,0.53,-999.0,4.62,0.07,1.04,10.71,0.12,0.54,-999.0,0.15,0.17,0.0,-999.0
1904,-999,-999.0,-999.0,0.13,4.72,-999.0,-999.0,0.44,-999.0,-999.0,4.41,3.55,0.2,0.0,0.17,0.08,2.59,0.0,1.85,-999.0,-999.0,0.0,0.06,0.0,0.87,3.34,0.0,0.58,0.0,0.2,-999.0,1.01,0.31,-999.0,0.14,0.13,0.0,0.0,0.71,-999.0,1.16,0.15,1.28,7.02,0.23,0.27,-999.0,0.0,0.13,0.0,-999.0
1905,-999,-999.0,-999.0,1.23,5.41,-999.0,-999.0,0.12,-999.0,-999.0,13.9,3.94,0.34,0.0,0.67,0.44,3.33,0.41,20.06,-999.0,-999.0,0.0,0.14,0.12,1.31,8.78,0.0,4.31,0.0,0.37,-999.0,2.44,1.24,-999.0,1.17,0.04,0.0,0.0,0.09,-999.0,2.94,0.04,1.46,19.39,0.41,0.51,-999.0,0.39,0.02,0.58,-999.0
1906,-999,-999.0,-999.0,2.17,1.43,-999.0,-999.0,0.0,-999.0,-999.0,10.36,4.49,0.24,0.0,0.35,0.46,1.28,0.11,10.38,-999.0,-999.0,0.0,0.03,0.08,0.68,5.54,0.01,3.18,0.0,0.02,-999.0,1.48,1.8,-999.0,1.22,0.07,-999.0,0.0,0.31,-999.0,4.32,0.04,0.81,14.33,0.57,0.09,-999.0,2.98,0.13,0.0,-999.0
1907,-999,-999.0,-999.0,0.81,7.78,-999.0,-999.0,0.15,-999.0,-999.0,6.04,4.95,0.21,0.0,0.69,0.18,1.77,0.52,15.31,-999.0,-999.0,0.0,0.0,0.0,2.76,6.43,0.0,1.99,0.0,0.75,-999.0,0.34,0.0,-999.0,0.47,0.16,-999.0,0.0,0.0,-999.0,3.83,0.12,3.49,21.81,0.01,0.23,-999.0,0.24,0.01,0.0,-999.0
1908,-999,-999.0,-999.0,1.49,2.18,-999.0,-999.0,0.09,-999.0,-999.0,6.61,1.48,0.3,0.42,0.42,0.54,0.39,0.0,8.71,-999.0,-999.0,0.0,0.32,0.19,1.15,4.84,0.01,1.15,0.21,0.3,-999.0,0.49,0.0,-999.0,1.48,0.12,2.0,0.0,0.0,-999.0,2.88,0.13,1.56,13.68,0.53,0.16,-999.0,0.39,0.07,0.0,-999.0
1909,-999,-999.0,-999.0,4.55,11.22,-999.0,-999.0,0.27,-999.0,-999.0,15.95,5.51,0.87,0.0,1.65,0.45,1.49,0.22,17.91,-999.0,-999.0,0.0,0.15,0.17,3.25,12.08,0.07,0.38,0.0,0.89,-999.0,0.49,0.77,-999.0,0.45,0.16,1.0,0.0,0.0,-999.0,2.65,0.36,3.62,26.93,0.35,0.13,-999.0,0.0,0.03,0.0,-999.0
1910,-999,-999.0,-999.0,0.88,5.42,-999.0,-999.0,0.0,-999.0,2.0,4.97,2.43,0.58,0.0,0.52,0.26,1.95,0.0,7.93,-999.0,-999.0,0.0,0.18,0.0,2.12,6.27,0.53,0.57,0.0,0.65,-999.0,2.8,1.12,-999.0,0.48,0.37,11.01,0.0,0.3,-999.0,2.1,0.22,1.4,22.91,0.54,0.16,-999.0,0.0,0.13,0.0,-999.0
1911,-999,-999.0,-999.0,3.68,5.34,-999.0,-999.0,0.35,-999.0,2.0,6.84,3.33,2.91,0.21,1.19,1.21,3.89,0.28,7.25,-999.0,-999.0,0.0,0.89,0.68,3.73,7.08,0.0,2.29,0.2,1.94,-999.0,3.18,1.48,-999.0,1.22,0.14,4.39,0.32,0.39,-999.0,3.95,1.73,1.39,29.0,0.01,0.18,-999.0,0.38,0.73,0.0,-999.0
1912,-999,-999.0,-999.0,3.5,3.75,-999.0,-999.0,0.0,-999.0,0.0,16.29,5.14,0.91,0.4,1.25,0.77,2.67,0.8,13.44,-999.0,-999.0,0.88,0.06,0.0,2.87,8.56,0.28,1.88,0.0,1.1,-999.0,0.49,0.02,-999.0,0.33,0.05,2.23,0.0,0.0,-999.0,5.81,0.72,4.0,23.25,0.0,0.09,-999.0,0.19,0.09,0.0,-999.0
1913,-999,-999.0,-999.0,2.12,3.9,-999.0,-999.0,0.07,-999.0,1.0,7.37,5.33,2.94,0.0,4.23,3.4,8.95,1.07,5.34,-999.0,-999.0,0.0,0.09,0.62,5.09,3.87,0.06,3.31,0.0,2.45,-999.0,2.56,0.34,-999.0,0.07,0.34,7.84,0.43,0.26,-999.0,3.54,1.85,2.1,12.8,0.31,0.81,-999.0,0.19,0.26,0.24,-999.0
1914,-999,-999.0,-999.0,4.98,8.29,-999.0,-999.0,0.3,-999.0,2.0,9.36,6.59,2.23,0.0,3.32,2.6,3.61,1.75,13.41,-999.0,-999.0,0.0,0.37,0.29,5.73,10.33,0.16,3.8,0.0,1.69,-999.0,1.14,0.02,-999.0,0.02,0.5,2.39,0.0,0.0,-999.0,5.8,0.36,5.46,21.52,0.21,0.58,-999.0,0.0,0.48,0.0,-999.0
1915,-999,-999.0,-999.0,4.13,6.15,-999.0,-999.0,0.0,-999.0,0.0,21.81,7.93,0.05,0.0,0.33,0.3,0.3,0.66,14.51,-999.0,-999.0,0.0,0.03,0.0,1.11,6.56,0.0,3.41,0.0,0.03,-999.0,0.95,0.34,-999.0,0.1,0.12,1.54,0.42,0.0,-999.0,3.28,0.01,2.44,22.38,0.01,0.89,-999.0,0.19,0.0,0.0,-999.0
1916,-999,-999.0,-999.0,0.61,8.85,-999.0,-999.0,0.05,-999.0,-999.0,11.11,3.81,2.22,0.0,2.73,2.58,3.41,1.71,7.84,-999.0,-999.0,0.0,2.36,1.11,3.82,5.18,0.06,1.44,0.14,1.3,-999.0,2.3,0.34,-999.0,0.73,0.37,10.61,0.0,0.17,-999.0,3.26,0.44,2.92,25.4,0.26,0.25,-999.0,0.0,1.41,0.0,-999.0
1917,-999,-999.0,-999.0,2.48,2.36,-999.0,-999.0,0.05,-999.0,-999.0,6.37,2.03,2.74,0.0,1.25,1.22,3.33,0.55,6.67,-999.0,-999.0,0.0,1.68,0.77,1.92,4.26,1.27,1.98,0.24,1.54,-999.0,3.59,1.34,-999.0,1.2,0.38,7.54,0.0,0.7,-999.0,3.32,0.59,0.69,22.29,0.83,0.42,-999.0,0.0,1.81,0.0,-999.0
1918,-999,-999.0,-999.0,1.36,9.34,-999.0,-999.0,0.1,-999.0,-999.0,8.14,1.63,1.68,0.0,2.12,3.25,5.15,3.83,5.05,-999.0,-999.0,0.35,0.81,0.38,4.99,6.11,0.0,2.84,0.0,1.27,-999.0,3.74,0.02,-999.0,1.19,1.44,11.7,0.0,0.92,-999.0,3.94,0.2,2.24,24.67,0.35,0.62,-999.0,0.12,0.33,2.13,-999.0
1919,-999,-999.0,-999.0,3.29,5.72,-999.0,-999.0,0.23,-999.0,-999.0,14.47,2.81,1.6,0.0,1.04,1.33,2.28,2.27,12.1,-999.0,-999.0,1.39,0.51,0.51,2.19,7.23,0.63,1.29,0.17,1.21,-999.0,0.63,0.02,-999.0,0.33,0.25,1.61,0.0,0.26,-999.0,3.75,0.53,2.23,11.7,1.6,1.13,-999.0,0.0,0.61,0.0,-999.0
1920,-999,-999.0,-999.0,3.06,3.95,-999.0,-999.0,0.01,-999.0,3.0,7.21,3.01,0.59,0.0,0.46,0.68,0.69,0.0,4.95,-999.0,-999.0,0.0,0.0,0.09,0.7,2.48,0.08,0.57,0.0,0.26,-999.0,0.78,1.79,-999.0,0.02,0.36,2.61,0.0,0.0,-999.0,1.5,0.09,0.4,12.26,2.46,0.27,-999.0,0.19,0.02,0.32,-999.0
1921,-999,-999.0,-999.0,6.74,8.77,-999.0,-999.0,0.26,-999.0,1.0,11.93,3.02,0.6,0.0,1.52,1.66,2.01,2.31,10.94,-999.0,-999.0,0.35,0.62,1.1,2.57,8.5,0.14,2.58,0.8,0.53,-999.0,0.6,0.02,-999.0,1.42,0.17,11.0,0.0,0.43,-999.0,3.8,0.61,1.9,14.58,1.69,0.46,-999.0,0.0,1.3,0.0,-999.0
1922,-999,-999.0,-999.0,1.92,10.88,-999.0,-999.0,0.11,-999.0,0.0,8.81,4.15,0.61,0.0,1.03,1.2,3.29,0.71,10.91,-999.0,-999.0,0.0,0.06,0.41,3.21,5.3,0.07,1.8,0.0,0.82,-999.0,0.34,0.46,-999.0,0.02,0.15,15.61,0.0,0.0,-999.0,2.2,0.24,1.53,17.94,1.29,0.09,-999.0,0.0,0.1,0.0,-999.0
1923,-999,-999.0,-999.0,1.97,14.31,-999.0,-999.0,0.3,-999.0,2.0,13.02,4.3,0.53,0.0,0.92,0.71,2.32,1.55,11.6,-999.0,-999.0,0.0,0.13,0.14,3.88,4.7,0.01,1.24,0.12,0.3,-999.0,0.7,0.34,-999.0,0.08,0.0,11.0,0.0,0.0,-999.0,2.76,0.27,2.0,19.81,0.6,0.33,-999.0,0.0,0.13,0.0,-999.0
1924,-999,-999.0,-999.0,5.23,14.14,-999.0,-999.0,0.06,-999.0,2.0,25.94,4.6,0.48,0.27,0.76,0.55,4.51,0.66,24.66,-999.0,-999.0,0.0,0.09,0.05,2.76,12.6,0.0,1.41,0.0,0.73,-999.0,1.5,0.36,-999.0,0.14,0.12,22.0,0.0,0.09,-999.0,2.63,0.07,2.36,25.8,0.45,0.37,-999.0,0.45,0.0,0.0,-999.0
1925,-999,-999.0,-999.0,8.09,14.43,-999.0,-999.0,0.11,-999.0,1.0,20.46,11.43,0.56,0.0,1.24,1.56,3.52,1.77,17.25,-999.0,-999.0,0.0,0.03,0.27,3.27,12.2,0.57,2.51,0.23,0.73,-999.0,0.66,0.34,-999.0,0.32,0.04,13.3,0.0,0.0,-999.0,6.78,0.93,2.76,27.88,0.75,0.65,-999.0,0.38,0.04,0.12,-999.0
1926,-999,-999.0,-999.0,3.76,8.16,-999.0,-999.0,0.3,-999.0,2.0,20.52,3.22,0.45,0.2,0.4,0.22,2.79,2.24,18.03,-999.0,-999.0,0.0,0.19,0.22,1.8,7.15,0.0,3.06,0.1,0.88,-999.0,1.94,0.02,-999.0,0.77,0.28,3.84,0.0,0.0,-999.0,3.42,0.37,4.35,14.44,1.54,1.03,-999.0,0.23,0.35,0.29,-999.0
1927,-999,-999.0,-999.0,4.63,4.98,-999.0,-999.0,0.0,-999.0,3.0,19.04,3.02,0.15,0.0,0.17,0.14,0.3,2.23,21.93,-999.0,-999.0,0.0,0.24,0.21,0.35,10.89,0.0,0.7,0.0,0.42,-999.0,0.51,0.15,-999.0,0.02,0.11,3.46,0.0,0.0,-999.0,1.86,0.28,1.23,22.63,0.29,0.22,-999.0,0.19,0.08,0.0,-999.0
1928,-999,-999.0,-999.0,4.3,10.13,-999.0,-999.0,0.01,-999.0,1.0,9.5,3.29,0.22,0.0,0.87,0.81,1.19,0.0,13.77,-999.0,-999.0,0.0,0.18,0.09,2.28,8.46,0.0,2.59,0.0,0.45,-999.0,1.83,1.37,-999.0,0.39,0.18,7.46,0.0,0.0,-999.0,4.7,0.38,2.78,18.58,0.5,0.27,-999.0,0.42,0.46,0.0,-999.0
1929,-999,-999.0,-999.0,5.33,6.37,-999.0,-999.0,0.02,-999.0,1.0,16.68,2.38,0.44,0.0,0.49,0.46,2.16,0.19,11.61,-999.0,-999.0,0.0,1.14,0.33,2.04,7.78,2.04,1.18,0.13,1.28,-999.0,1.18,0.03,-999.0,0.33,0.0,6.53,0.0,0.0,-999.0,1.87,0.79,1.25,11.39,1.66,0.09,-999.0,0.38,0.27,0.0,-999.0
1930,-999,-999.0,-999.0,9.58,18.27,11.43,3.88,0.31,-999.0,7.0,20.16,6.45,4.74,0.08,5.83,4.77,5.5,7.86,18.18,-999.0,-999.0,0.0,1.36,0.35,6.72,15.79,0.23,4.8,0.12,2.77,-999.0,4.46,0.03,-999.0,0.38,2.41,21.3,0.0,0.17,-999.0,8.4,0.94,5.64,24.54,0.37,3.76,-999.0,0.0,0.51,2.17,-999.0
1931,-999,-999.0,-999.0,8.8,8.65,13.1,7.84,0.23,-999.0,2.0,19.0,12.22,4.29,0.0,5.53,5.44,6.71,6.93,18.43,-999.0,-999.0,0.35,2.07,3.85,6.73,9.37,0.49,2.2,0.57,4.0,-999.0,0.76,0.02,-999.0,0.88,1.25,22.14,0.0,0.17,-999.0,7.34,5.19,2.89,17.79,2.81,0.82,-999.0,0.0,3.91,0.72,-999.0
1932,-999,-999.0,-999.0,13.07,15.25,19.21,4.36,0.12,-999.0,0.0,24.43,10.54,1.54,0.0,2.04,1.99,3.73,4.89,33.54,-999.0,-999.0,0.0,0.56,0.64,3.08,14.94,0.0,2.44,0.18,1.97,-999.0,0.87,0.72,-999.0,0.02,0.3,7.69,0.0,0.09,-999.0,8.57,0.9,3.72,22.56,0.85,0.84,-999.0,0.0,1.58,0.0,-999.0
1933,-999,-999.0,-999.0,6.26,11.83,24.04,7.4,0.0,-999.0,3.0,24.68,6.37,0.46,0.0,2.69,3.29,7.09,3.1,27.41,-999.0,-999.0,0.0,1.2,0.81,4.97,9.83,0.28,1.63,0.0,1.53,-999.0,2.91,0.8,-999.0,0.5,0.85,15.84,0.0,0.09,-999.0,4.54,1.27,1.73,21.94,1.5,0.78,-999.0,0.19,0.8,0.0,-999.0
1934,-999,-999.0,-999.0,8.25,25.52,20.48,9.61,0.48,-999.0,4.0,24.35,7.4,7.1,0.0,10.44,8.56,23.17,5.06,25.62,-999.0,-999.0,0.0,0.37,1.18,25.47,15.86,0.34,6.74,0.2,10.36,-999.0,2.83,0.95,-999.0,0.24,2.18,38.76,0.0,0.09,-999.0,5.68,2.79,8.34,30.41,0.93,0.98,-999.0,0.0,1.69,0.0,-999.0
1935,-999,-999.0,-999.0,6.35,13.15,12.33,10.08,0.13,-999.0,3.0,19.87,4.42,3.3,0.0,4.56,2.56,8.5,1.69,22.48,-999.0,-999.0,0.0,0.3,0.59,7.56,13.48,0.28,3.21,0.13,4.08,-999.0,1.3,1.14,-999.0,0.02,0.83,16.07,0.19,0.0,-999.0,5.33,1.28,3.93,16.34,0.21,0.47,-999.0,0.19,0.31,0.0,-999.0
1936,-999,-999.0,-999.0,6.33,23.74,20.73,14.4,0.83,-999.0,3.0,29.33,7.67,7.49,0.0,13.35,12.48,17.96,8.06,25.01,-999.0,-999.0,0.0,1.28,3.48,24.2,15.8,1.06,3.37,2.85,11.81,-999.0,2.8,0.68,-999.0,0.99,2.48,41.68,0.0,0.0,-999.0,10.11,6.62,8.75,18.85,1.89,0.74,-999.0,0.0,2.57,0.85,-999.0
1937,-999,-999.0,-999.0,3.69,9.03,21.68,14.31,0.4,-999.0,4.0,27.65,2.83,1.9,0.0,1.6,1.5,7.66,0.99,20.41,-999.0,-999.0,0.0,0.2,1.01,2.84,8.14,0.14,1.57,0.37,3.99,-999.0,1.84,0.59,-999.0,0.46,0.19,25.53,0.0,0.0,-999.0,3.76,2.01,1.86,23.17,2.31,0.32,-999.0,0.06,0.92,0.0,-999.0
1938,-999,-999.0,-999.0,1.06,5.07,14.72,10.66,0.0,-999.0,1.0,12.6,2.34,1.77,0.0,1.6,1.61,5.76,1.34,15.11,-999.0,-999.0,0.0,0.87,0.78,3.65,7.43,0.0,0.91,0.0,2.75,-999.0,1.42,0.02,-999.0,0.33,0.16,11.39,0.0,0.0,-999.0,2.83,1.18,0.84,12.3,1.41,3.79,-999.0,0.19,0.57,0.0,-999.0
1939,-999,-999.0,-999.0,1.6,11.19,18.15,11.06,0.0,-999.0,3.0,17.52,2.44,1.83,0.0,2.16,0.99,7.26,1.15,19.46,-999.0,-999.0,0.0,0.14,0.52,3.58,9.19,0.29,1.1,0.0,3.88,-999.0,1.53,1.06,-999.0,0.2,0.24,11.53,0.0,0.09,-999.0,3.4,0.78,2.09,16.28,2.63,0.2,-999.0,0.0,0.27,0.31,-999.0
1940,-999,-999.0,-999.0,3.42,5.44,17.36,8.59,0.11,-999.0,2.0,24.53,4.72,2.06,0.0,2.89,2.54,4.8,0.83,15.51,-999.0,-999.0,0.88,0.37,0.63,2.01,4.71,0.07,1.97,0.0,4.02,-999.0,1.09,0.02,-999.0,0.52,0.79,7.39,0.0,0.09,-999.0,5.52,1.11,1.65,11.51,2.13,0.27,-999.0,0.0,0.77,0.12,-999.0
1941,-999,-999.0,-999.0,3.49,7.12,12.8,5.93,0.0,-999.0,3.0,30.5,8.17,1.96,0.0,2.22,1.72,3.32,1.1,26.66,-999.0,-999.0,0.88,0.32,0.55,3.85,8.34,0.0,5.17,0.0,1.53,-999.0,1.01,0.03,-999.0,0.32,0.44,5.92,0.0,0.09,-999.0,9.21,0.44,3.73,14.47,2.26,2.21,-999.0,0.45,1.38,0.0,-999.0
1942,-999,-999.0,-999.0,0.89,10.83,19.17,8.13,0.04,-999.0,5.0,22.61,3.3,1.69,0.0,2.82,1.37,4.35,0.99,13.61,-999.0,-999.0,0.0,0.76,0.17,2.03,6.19,0.0,3.51,0.0,1.8,-999.0,2.35,0.03,-999.0,0.15,1.06,6.53,0.0,0.17,-999.0,5.9,0.26,2.3,10.02,0.19,0.82,-999.0,0.0,1.08,0.36,-999.0
1943,-999,-999.0,-999.0,6.7,22.46,24.2,6.98,0.27,-999.0,5.0,17.43,5.15,0.84,0.0,2.58,1.61,9.38,1.29,26.35,-999.0,-999.0,0.0,0.04,0.0,6.37,12.83,0.06,3.49,0.35,1.64,-999.0,2.73,0.15,-999.0,0.38,0.51,26.69,0.0,0.0,-999.0,7.57,0.05,5.58,17.2,0.75,0.71,-999.0,0.0,0.48,0.0,-999.0
1944,-999,-999.0,-999.0,2.59,15.89,18.9,5.46,0.0,-999.0,7.0,17.49,5.6,2.0,0.0,2.35,1.8,4.93,1.29,17.09,-999.0,-999.0,0.0,0.25,0.54,2.44,7.52,0.0,2.25,0.06,1.52,-999.0,0.49,0.02,-999.0,0.96,0.42,13.61,0.0,0.09,-999.0,3.65,0.44,3.35,16.06,0.46,0.32,-999.0,0.0,0.85,0.0,-999.0
1945,-999,-999.0,-999.0,2.51,9.48,19.61,9.34,0.07,-999.0,2.0,27.86,1.35,0.99,0.0,1.64,0.61,2.2,0.63,15.63,-999.0,-999.0,0.0,0.16,0.0,1.97,5.63,0.0,3.26,0.0,1.21,-999.0,1.92,0.03,-999.0,0.17,0.24,6.46,0.0,0.39,-999.0,6.07,0.24,1.35,16.58,0.47,0.21,-999.0,0.0,0.09,0.14,-999.0
1946,-999,-999.0,-999.0,0.15,9.43,17.96,10.95,0.0,-999.0,0.0,10.49,1.75,0.69,0.51,0.84,1.36,6.99,0.0,15.85,-999.0,-999.0,0.0,0.17,0.21,5.07,4.53,0.0,1.01,0.0,1.01,-999.0,0.34,0.43,-999.0,0.02,0.11,14.84,0.0,0.0,-999.0,0.91,0.38,0.77,16.47,1.03,0.24,-999.0,0.0,0.13,0.01,-999.0
1947,-999,-999.0,-999.0,1.25,11.61,16.43,8.26,0.06,-999.0,0.0,18.05,3.35,2.79,0.21,2.74,1.26,5.3,0.68,19.97,-999.0,-999.0,0.0,0.48,1.21,2.39,10.18,0.0,0.18,0.54,2.52,-999.0,1.09,0.46,-999.0,0.37,0.23,-999.0,0.0,0.0,-999.0,2.17,2.08,1.82,14.21,1.02,0.1,-999.0,0.0,1.65,0.0,-999.0
1948,-999,-999.0,-999.0,0.89,6.22,19.18,8.13,0.06,-999.0,3.0,19.31,3.61,1.0,0.0,0.67,0.35,1.55,0.13,20.06,-999.0,-999.0,0.0,0.48,0.2,0.48,6.19,0.0,2.05,0.01,0.51,-999.0,1.86,2.88,-999.0,0.7,0.17,9.93,0.0,0.0,-999.0,8.08,0.15,1.82,23.25,0.47,0.15,-999.0,0.0,0.63,0.0,-999.0
1949,-999,-999.0,-999.0,4.31,6.4,22.85,9.85,0.0,-999.0,8.0,19.43,3.25,1.05,0.0,1.86,1.65,2.13,0.24,16.12,-999.0,-999.0,0.35,0.21,1.02,1.44,6.0,0.14,3.07,0.06,0.26,-999.0,4.4,0.27,-999.0,1.09,0.54,9.39,0.0,0.7,-999.0,4.31,0.68,2.02,14.13,1.4,0.58,-999.0,0.0,0.51,0.0,-999.0
1950,-999,3.5,71.74,0.0,2.87,14.52,9.81,0.14,0.2,1.0,12.16,2.0,0.28,0.0,0.99,0.26,1.32,0.0,7.56,0.03,1.05,0.0,0.0,0.0,1.07,3.66,0.0,0.47,0.0,0.42,0.0,0.55,0.08,4.49,0.06,0.0,1.61,0.0,0.0,0.05,3.18,0.06,0.65,8.34,0.38,0.1,0.0,0.0,0.04,0.0,0.0
1951,-999,4.05,-999.0,5.11,12.32,18.72,8.89,0.0,0.2,3.0,17.86,6.95,0.55,0.0,0.66,0.3,2.31,0.0,28.06,0.03,1.18,0.0,0.01,0.0,2.34,8.85,0.0,1.54,0.0,0.19,0.0,0.77,0.34,4.47,0.02,0.13,22.39,0.0,0.0,1.0,3.02,0.06,2.34,26.71,0.55,0.15,0.0,0.0,0.02,0.0,0.0
1952,-999,1.23,71.36,5.88,15.48,27.96,9.93,0.07,0.34,10.0,13.43,11.99,1.89,0.0,5.16,2.6,11.04,5.76,19.64,0.32,5.04,0.0,0.69,0.16,6.63,9.07,0.0,5.02,0.0,1.68,0.0,3.45,0.34,3.65,0.87,0.84,37.92,0.0,1.27,0.39,9.37,0.26,5.7,20.14,0.71,0.88,0.15,0.0,0.18,0.79,0.0
1953,-999,1.8,72.63,2.41,14.41,20.62,9.67,0.07,0.31,4.0,11.69,4.68,1.79,0.0,4.28,1.38,6.07,1.48,12.18,0.3,2.72,0.0,0.38,0.61,6.84,11.64,0.0,1.72,0.0,1.87,0.0,2.26,1.66,7.1,0.91,0.3,23.0,0.0,0.0,0.05,3.59,0.63,3.47,21.5,1.44,0.59,0.15,0.0,0.45,0.17,0.0
1954,-999,2.57,64.69,4.48,20.86,23.65,9.52,0.34,0.2,1.0,16.18,7.13,1.98,0.0,3.78,1.56,12.27,2.36,15.71,0.04,1.6,0.0,0.0,0.16,12.59,15.87,0.0,1.61,0.04,1.56,0.0,1.12,0.27,5.01,0.06,0.09,39.53,0.0,0.09,0.05,6.99,0.04,5.66,21.34,1.2,0.36,0.0,0.0,0.0,0.0,0.42
1955,-999,0.52,64.34,0.77,7.24,16.05,9.7,0.0,0.53,14.0,11.3,0.33,5.63,0.0,2.79,1.18,6.07,0.0,10.95,0.75,6.88,0.0,0.61,1.2,4.29,4.76,0.15,1.65,0.04,4.32,0.0,6.1,0.08,3.34,1.22,0.44,7.23,0.0,0.0,0.05,2.98,2.02,1.38,12.15,0.27,0.36,0.0,0.0,1.03,0.31,0.0
1956,-999,1.81,32.01,0.02,9.22,20.12,9.04,0.0,0.2,3.0,7.44,0.0,0.89,0.0,1.12,0.69,5.48,0.0,4.78,0.07,1.4,0.0,0.0,0.0,4.32,5.72,0.0,1.1,0.04,0.5,0.0,1.56,0.8,4.03,0.29,0.32,24.53,0.0,0.0,0.05,1.96,0.13,1.97,20.61,1.24,0.09,0.0,0.0,0.02,0.0,0.0
1957,-999,4.53,45.95,1.33,9.27,22.86,8.82,0.0,0.2,2.0,16.01,2.36,1.58,0.0,0.93,0.08,3.98,0.0,15.34,0.07,2.53,0.0,0.14,0.15,3.18,7.52,0.08,1.92,0.1,0.88,0.0,1.23,0.72,5.14,0.24,0.0,10.55,0.0,0.0,0.05,2.82,0.36,0.54,18.35,1.58,0.58,0.0,0.0,0.03,0.0,0.04
1958,-999,4.46,44.2,1.83,8.97,42.33,11.5,0.0,0.2,0.0,18.82,2.09,0.1,0.0,0.32,0.1,1.87,0.3,13.69,0.46,1.65,0.0,0.0,0.12,1.07,6.2,0.0,3.5,0.0,0.12,0.0,0.45,0.55,6.58,0.12,0.03,9.62,0.0,0.0,0.05,6.03,0.41,2.15,20.88,1.49,0.11,0.0,0.19,0.0,0.0,0.0
1959,-999,5.79,36.5,0.68,6.01,28.94,12.61,0.11,0.2,4.0,11.3,1.13,0.97,0.0,1.69,0.84,3.31,0.0,7.32,0.37,5.85,0.0,1.1,0.42,1.48,3.3,0.0,2.15,0.04,0.84,0.0,2.64,0.02,6.56,0.93,0.4,4.84,0.19,0.0,0.05,2.45,0.33,0.38,9.1,2.35,0.37,0.0,0.19,0.5,0.0,0.0
1960,-999,5.59,48.57,0.86,8.14,27.78,12.94,0.11,0.2,1.0,19.79,0.94,0.41,0.0,0.65,0.12,1.45,0.11,13.07,0.22,0.81,0.0,0.05,0.05,1.16,4.61,0.18,1.42,0.0,0.15,0.0,0.45,0.31,7.65,0.09,0.09,12.39,0.0,0.0,0.05,1.73,0.41,1.22,13.02,2.11,0.09,0.0,0.0,0.0,0.0,0.03
1961,-999,4.02,43.89,0.0,2.3,24.06,13.96,0.0,0.42,0.0,14.7,0.11,0.17,0.0,0.76,0.13,0.97,0.3,4.5,0.04,0.91,0.0,0.06,0.05,1.24,2.01,0.0,1.66,0.0,0.2,0.0,1.23,0.02,5.87,0.66,0.08,2.61,0.0,0.0,0.05,1.42,0.06,0.22,6.12,1.41,0.15,0.0,0.41,0.02,0.0,0.0
1962,-999,3.0,44.14,0.91,8.8,23.7,8.08,0.0,0.2,0.0,19.12,1.39,0.06,0.0,0.53,0.07,1.46,0.28,21.44,0.04,0.41,0.0,0.0,0.0,1.05,6.68,0.0,0.75,0.0,0.07,0.0,0.55,0.15,3.84,0.02,0.0,7.23,0.0,0.0,0.05,2.12,0.0,0.86,14.0,0.83,0.09,0.0,0.0,0.0,0.31,0.0
1963,-999,4.73,55.31,1.16,8.96,20.71,8.21,0.22,0.2,2.0,16.41,1.44,0.51,0.0,0.87,0.44,4.55,0.57,24.58,0.25,1.9,0.0,0.0,0.16,2.52,7.15,0.15,0.52,0.0,1.51,0.0,0.85,0.02,4.44,0.37,0.0,18.24,0.0,0.0,0.05,1.42,0.36,0.57,16.77,0.64,0.32,0.0,0.19,0.0,0.31,0.0
1964,-999,2.68,45.51,0.69,8.8,17.07,8.81,0.24,0.2,0.0,13.03,1.11,1.37,0.0,2.01,1.02,7.49,1.24,16.66,0.04,1.11,0.0,0.4,0.64,2.95,6.74,0.12,1.45,0.0,2.59,0.0,0.78,0.39,6.27,0.23,0.54,28.23,0.0,0.09,0.05,2.56,0.99,0.91,20.29,1.6,0.13,0.0,0.19,0.91,0.31,0.0
1965,-999,4.57,52.04,0.63,3.9,17.48,6.89,0.01,0.42,2.0,10.98,0.29,0.19,0.0,1.0,0.43,1.42,0.7,5.13,0.04,0.84,0.0,0.09,0.04,0.85,4.27,0.0,0.87,0.0,0.03,0.0,1.78,0.59,3.2,0.06,0.04,13.23,0.0,0.0,0.05,1.38,0.0,0.33,10.47,0.11,0.13,0.0,0.19,0.06,0.0,0.0
1966,-999,6.56,66.64,1.57,8.84,24.49,9.03,0.0,0.2,3.0,17.07,0.79,1.9,0.0,2.41,1.21,5.57,1.03,16.79,0.15,2.83,0.0,0.36,0.53,4.66,5.87,0.0,1.89,0.13,1.72,0.0,1.57,1.69,4.42,0.36,0.0,20.54,0.0,0.0,0.05,1.77,0.59,1.38,14.35,1.67,0.32,0.0,0.0,0.0,0.0,0.0
1967,-999,4.92,75.96,0.0,4.6,21.02,12.49,0.0,0.2,0.0,16.96,0.0,0.12,0.0,0.1,0.01,0.62,0.0,12.69,0.04,1.17,0.0,0.11,0.05,0.42,3.88,0.0,1.58,0.0,0.03,0.0,0.55,0.0,6.4,0.06,0.0,8.16,0.0,0.0,1.0,0.77,0.04,0.29,10.8,1.89,0.09,0.0,0.0,0.0,0.0,0.0
1968,-999,7.1,58.54,1.65,4.4,15.63,7.43,0.0,0.31,5.0,15.62,1.19,1.13,0.0,1.52,1.28,4.22,0.3,10.16,0.04,6.53,0.0,1.45,0.34,1.29,4.12,0.0,2.2,0.06,0.62,0.0,2.15,0.02,2.84,0.38,0.45,9.53,0.19,0.09,0.05,3.61,0.73,0.43,5.37,0.59,0.47,0.0,0.38,0.37,0.0,0.0
1969,-999,6.4,58.31,4.18,15.52,25.7,12.58,0.0,0.2,1.0,27.16,1.25,1.27,0.0,2.48,1.14,5.66,0.79,32.02,0.1,3.44,0.0,0.33,0.28,4.37,10.49,0.06,2.74,0.0,1.16,0.0,2.75,1.42,5.64,0.28,0.33,26.77,0.0,0.26,0.39,3.86,0.41,2.52,22.11,2.16,0.22,0.15,0.24,0.0,0.0,0.0
1970,-999,7.62,65.78,1.14,9.07,27.05,12.08,0.18,0.2,0.0,18.05,1.15,1.87,0.21,1.8,1.02,7.28,0.3,29.04,0.11,2.49,0.0,0.27,0.25,2.55,8.28,0.0,1.03,0.0,1.39,0.0,0.34,0.03,6.44,0.11,0.46,31.61,0.19,0.09,0.05,2.81,0.76,0.36,15.9,2.01,0.13,0.0,0.19,0.72,0.31,0.0
1971,-999,3.96,74.3,1.15,3.85,25.66,12.26,0.12,0.2,0.0,10.79,0.04,0.48,0.0,0.3,0.28,3.06,0.0,14.98,0.14,2.1,0.0,0.28,0.0,1.09,4.28,0.0,0.55,0.12,0.5,0.0,0.86,0.02,7.71,0.27,0.07,14.23,0.0,0.0,0.05,1.24,0.04,0.18,7.53,2.15,0.09,0.0,0.0,0.22,0.0,0.03
1972,-999,7.37,83.73,1.61,3.25,20.3,10.4,0.0,0.37,6.0,13.65,0.34,0.27,0.0,0.72,0.32,1.55,0.3,20.65,0.04,4.4,0.0,0.39,0.11,0.82,4.92,0.0,1.37,0.0,0.19,0.0,1.67,0.02,4.75,0.4,0.25,6.61,0.0,0.0,0.05,1.75,0.27,0.17,8.97,1.07,0.42,0.0,0.0,0.22,0.31,0.0
1973,-999,3.98,75.32,1.47,3.95,21.56,11.27,0.11,0.7,5.0,13.45,1.06,0.31,0.0,0.53,0.29,2.44,0.19,26.3,0.28,2.5,0.0,0.68,0.17,0.54,6.19,0.0,1.02,0.0,0.24,0.0,2.94,0.08,5.87,0.68,0.0,6.69,0.0,0.0,0.05,1.64,0.76,0.73,6.41,0.41,0.18,0.0,0.0,0.08,0.0,0.0
1974,-999,4.87,64.03,0.4,1.94,25.36,9.71,0.0,0.42,0.0,12.72,0.23,1.58,0.0,0.64,0.15,3.61,0.0,14.8,0.04,1.3,0.0,0.24,0.03,1.82,3.48,0.06,0.73,0.04,1.58,0.0,0.75,0.03,5.05,0.2,0.05,13.39,0.0,0.0,0.05,1.09,0.77,0.15,7.56,1.01,0.09,0.0,0.0,0.38,0.0,0.0
1975,-999,1.07,78.54,0.68,2.91,19.66,8.35,0.0,0.95,0.0,10.53,0.34,1.01,0.0,0.15,0.1,1.96,0.0,17.88,0.99,1.21,0.0,0.0,0.17,0.83,4.31,0.07,1.67,0.06,0.59,0.0,0.85,0.08,4.38,0.36,0.05,3.46,0.0,0.0,0.39,1.68,0.85,0.14,8.85,1.54,0.09,0.29,0.38,0.15,0.0,0.0
1976,-999,3.85,70.31,0.0,1.45,19.33,7.84,0.0,0.53,0.0,5.71,0.61,0.9,0.21,0.2,0.25,1.63,0.0,3.82,0.07,0.61,0.0,0.2,1.16,0.81,3.09,0.0,0.79,0.32,0.44,0.0,0.49,0.02,2.8,0.06,0.09,6.07,0.0,0.0,0.05,0.96,1.32,0.08,3.65,1.22,0.09,0.0,0.0,0.59,0.0,0.0
1977,-999,10.08,60.84,3.84,9.44,26.87,11.16,0.31,0.88,6.0,12.68,2.31,1.88,0.0,2.01,2.22,5.07,0.99,32.3,0.42,3.72,0.0,0.45,0.71,3.69,8.69,0.0,4.02,0.06,1.89,0.0,1.75,0.08,7.75,0.62,0.95,15.99,0.0,0.0,1.07,2.62,0.65,1.15,18.06,1.71,0.78,0.14,0.58,0.88,0.32,0.0
1978,-999,8.6,72.1,3.29,11.22,26.75,10.92,0.0,0.96,4.0,15.26,2.99,0.72,0.0,1.17,1.06,7.99,0.83,31.74,0.74,3.21,0.0,0.0,0.08,4.29,8.71,0.0,1.69,0.05,0.79,0.42,3.04,0.61,5.09,0.32,0.35,29.46,0.0,0.0,0.39,2.47,0.27,1.33,18.93,1.23,0.26,0.44,0.0,0.0,0.0,0.0
1979,-999,9.65,69.34,1.75,4.15,23.86,7.85,0.07,1.06,3.0,28.76,3.07,0.55,0.0,0.52,0.87,1.95,0.52,23.44,0.32,0.98,0.0,0.05,0.0,0.44,5.73,0.01,1.7,0.0,0.14,0.0,2.16,0.02,4.56,0.87,0.1,8.0,0.0,0.0,0.39,1.38,0.13,0.97,8.68,0.46,0.09,0.0,0.0,0.14,0.01,0.0
1980,-999,13.19,72.13,4.76,30.88,29.65,10.13,0.12,0.63,3.0,26.83,4.19,3.65,0.0,5.47,3.95,14.95,3.34,48.0,0.18,4.3,0.0,0.07,0.26,14.08,16.71,0.0,4.25,0.0,2.62,0.0,3.84,1.63,5.96,0.87,0.91,50.69,0.0,0.0,0.73,6.34,0.08,7.4,28.8,0.62,0.17,0.0,0.0,0.14,0.0,0.0
1981,-999,12.51,87.63,6.04,13.12,32.84,12.12,0.18,0.78,5.0,27.92,4.19,1.41,0.0,2.15,1.16,3.49,0.7,38.51,0.3,2.48,0.0,0.12,0.07,3.93,12.06,0.0,2.51,0.0,0.97,0.0,2.63,0.6,7.05,0.24,0.3,22.69,0.0,0.0,2.3,5.89,0.39,3.12,12.42,2.28,0.47,0.0,0.0,0.1,0.0,0.0
1982,-999,12.98,57.29,0.35,6.95,25.84,8.46,0.29,0.64,3.0,20.57,0.35,0.96,0.0,0.53,0.29,3.51,0.0,22.26,0.26,2.17,0.0,0.11,0.41,1.44,7.41,0.07,0.23,0.0,0.79,0.0,1.38,0.08,4.33,0.33,0.27,19.45,0.0,0.0,0.39,3.17,0.32,0.75,11.35,1.31,0.2,0.14,0.0,0.12,0.0,0.0
1983,-999,5.1,87.72,1.68,10.13,29.86,9.45,0.11,0.2,7.0,16.15,4.0,3.29,0.0,3.52,3.56,5.82,5.01,24.33,0.14,3.48,0.0,0.22,0.51,5.67,9.14,0.0,2.11,0.23,2.52,0.0,1.96,0.02,5.22,1.12,0.7,31.91,0.0,0.0,0.73,8.45,0.38,3.23,9.1,1.32,0.72,0.15,0.0,0.28,0.0,0.03
1984,-999,11.22,59.45,0.03,5.55,26.26,14.46,0.0,0.2,5.0,16.25,0.55,0.87,0.21,1.16,1.31,2.78,0.0,11.48,0.21,1.72,0.0,0.01,0.07,1.67,3.09,0.0,0.72,0.0,0.43,0.03,2.45,0.15,5.85,0.54,0.16,8.0,0.0,0.0,0.05,1.88,0.22,0.25,9.77,0.95,0.13,0.29,0.0,0.07,0.0,0.0
1985,-999,3.97,57.63,0.45,6.42,26.79,9.54,0.11,0.48,6.0,23.37,1.76,0.55,0.26,0.73,0.67,2.41,0.66,14.58,0.07,2.42,0.0,0.15,0.05,1.63,3.19,0.01,0.47,0.0,0.13,0.0,1.78,0.02,5.74,0.23,0.08,5.54,0.0,0.0,0.05,1.75,0.12,0.59,12.22,2.65,0.09,0.0,0.0,0.0,0.0,0.0
1986,-999,10.83,46.49,6.0,10.88,19.81,8.78,0.0,0.26,3.0,17.35,5.83,1.5,0.15,1.32,1.13,4.65,0.89,24.15,0.07,2.11,0.0,0.29,0.85,2.67,6.57,0.01,2.75,0.12,0.82,0.0,2.2,0.02,6.69,0.2,0.41,12.84,0.0,0.0,0.39,7.38,0.23,3.02,17.48,1.64,0.31,0.0,0.0,0.93,0.43,0.0
1987,-999,7.07,70.72,5.2,11.6,20.96,7.86,0.12,0.45,13.0,22.79,5.36,2.5,0.0,1.88,0.94,4.29,0.0,24.31,0.18,4.42,0.0,0.6,0.67,2.27,6.38,0.0,2.43,0.33,0.39,0.0,1.85,0.02,3.56,0.77,0.19,14.61,0.0,0.0,0.05,4.32,0.65,1.55,17.1,0.95,0.29,0.15,0.0,0.75,0.0,0.03
1988,-999,6.67,61.3,2.56,11.46,23.5,13.36,0.0,2.2,7.0,18.59,1.34,6.49,0.0,5.01,4.17,6.49,1.97,24.72,1.59,7.24,0.0,1.82,1.77,4.22,7.26,0.14,1.9,0.92,1.89,0.06,5.32,0.02,6.3,1.51,1.14,18.68,0.0,0.0,1.41,2.92,3.13,3.15,17.41,1.79,0.57,1.17,0.0,2.9,0.0,0.13
1989,-999,5.0,49.42,2.1,4.93,20.79,9.96,0.0,1.45,0.0,9.49,1.15,0.8,0.0,1.1,1.94,2.54,0.6,23.99,0.15,3.63,0.0,0.14,0.22,1.31,5.26,0.0,0.58,0.51,0.36,0.0,0.94,0.39,7.93,0.23,0.32,9.84,0.0,0.0,0.05,2.07,0.59,1.16,16.6,2.25,0.2,0.0,0.0,0.37,0.0,0.0
1990,-999,9.72,56.22,0.88,8.93,20.93,14.26,0.13,0.34,0.0,20.32,2.19,1.97,0.0,1.33,1.28,6.69,1.17,22.95,0.45,1.55,0.0,0.04,0.14,3.64,6.05,0.0,0.89,0.23,1.82,0.0,0.84,1.27,5.57,0.14,0.27,24.68,0.0,0.0,1.0,3.76,0.25,1.37,17.15,3.69,1.25,0.0,0.0,0.23,0.0,0.03
1991,-999,6.71,57.49,0.26,5.33,22.23,8.86,0.03,0.67,5.0,17.68,2.67,1.74,0.0,1.78,2.12,5.53,0.33,17.07,0.42,6.05,0.0,0.4,0.81,2.34,4.11,0.0,3.65,0.28,1.54,0.0,2.15,0.02,5.07,0.43,0.4,12.07,0.0,0.0,0.05,4.04,0.97,1.06,9.48,1.15,0.49,0.15,0.0,0.61,0.0,0.0
1992,-999,13.16,62.59,1.41,6.2,18.26,10.39,0.0,0.2,4.0,13.88,0.45,0.28,0.14,1.11,0.84,1.37,0.31,12.42,0.08,2.15,0.0,0.01,0.1,2.61,5.22,0.0,2.83,0.0,0.11,0.0,0.85,0.02,5.46,0.06,0.08,5.23,0.0,0.0,0.05,4.73,0.02,1.33,11.06,1.62,0.43,0.0,0.0,0.02,0.0,0.0
1993,-999,7.37,68.1,2.78,17.88,16.11,4.46,0.0,1.15,10.0,17.66,2.42,0.37,0.0,2.18,1.94,4.51,0.92,30.06,0.49,5.11,0.0,0.3,0.01,5.34,12.11,0.0,2.92,0.0,0.33,0.0,3.45,0.03,4.54,0.68,0.12,24.39,0.0,0.0,0.05,6.77,0.0,2.72,24.91,1.67,0.2,0.0,0.0,0.0,0.0,0.0
1994,-999,20.91,71.88,1.6,5.81,22.04,10.65,0.13,1.76,4.0,12.89,0.48,0.55,0.08,0.93,0.53,1.56,0.0,13.53,0.98,3.86,0.0,0.14,0.01,1.17,5.01,0.0,1.6,0.0,0.35,0.0,4.35,0.95,10.36,0.42,0.04,14.23,0.0,0.0,0.39,1.09,0.13,0.79,16.47,3.94,0.1,0.0,0.0,0.19,0.0,0.0
1995,-999,12.4,61.79,8.01,14.25,15.87,10.33,0.19,1.63,8.0,42.85,4.36,3.12,0.0,4.45,4.42,3.34,1.2,32.81,0.34,9.65,0.0,0.64,0.63,5.25,11.08,0.0,3.41,0.0,1.47,0.0,6.17,0.02,5.55,1.07,0.59,19.3,0.19,0.0,3.31,6.09,0.92,2.92,18.8,1.61,0.36,0.35,0.0,1.69,0.01,0.0
1996,-999,13.01,54.27,2.56,7.46,20.89,16.46,0.0,0.16,0.0,26.56,2.06,1.45,0.0,1.09,1.33,3.55,0.76,17.45,0.03,0.84,0.0,0.43,0.71,2.47,4.92,0.0,1.66,0.18,0.75,0.0,0.55,0.34,7.25,0.07,0.17,19.7,0.0,0.0,0.05,3.17,0.41,1.82,22.14,3.34,0.21,0.0,0.0,0.13,0.0,0.0
1997,-999,11.98,66.45,1.65,10.85,22.0,15.5,0.0,0.2,7.0,24.94,3.85,1.27,0.0,1.84,1.25,2.95,0.96,26.81,0.09,2.65,0.0,0.16,0.07,2.39,6.07,0.0,2.75,0.0,0.54,0.0,1.13,0.36,5.27,0.17,0.05,11.46,0.0,0.0,0.05,2.42,0.25,2.51,19.56,1.79,1.3,0.0,0.0,0.04,0.0,0.0
1998,-999,3.09,74.12,4.44,24.95,19.47,15.4,0.06,0.16,0.0,50.58,8.56,1.46,0.0,3.69,2.43,5.72,1.41,60.09,0.14,3.39,0.0,0.01,0.04,5.11,21.88,0.0,4.14,0.1,0.52,0.14,1.89,0.27,6.25,0.27,0.57,26.39,0.0,0.0,0.05,7.5,0.07,5.08,47.03,2.54,0.09,0.0,0.57,0.02,0.0,0.0
1999,-999,2.22,61.58,6.78,15.25,20.86,8.79,0.0,1.12,8.0,30.82,5.62,2.78,0.0,3.62,3.78,6.58,2.42,34.94,0.46,7.69,0.0,0.77,0.88,7.24,14.42,0.0,3.91,0.0,2.23,0.06,6.97,0.22,5.44,1.62,1.34,17.08,0.0,0.62,0.73,5.25,0.7,4.88,19.01,1.86,0.6,0.0,0.0,0.78,0.0,0.0
2000,-999,6.14,55.88,3.72,16.3,25.36,11.13,0.52,0.16,2.0,20.75,1.99,0.44,0.08,0.64,0.0,7.56,0.76,30.03,0.06,2.29,0.0,0.0,0.18,6.04,13.09,0.14,1.89,0.13,0.74,0.0,1.59,0.78,8.65,0.07,0.0,33.53,0.0,0.0,0.05,2.88,0.09,2.87,25.09,5.22,0.1,0.0,0.0,0.0,0.0,0.0
2001,-999,7.62,62.37,4.82,14.4,26.84,13.88,0.32,1.99,8.0,20.89,1.01,3.03,0.0,1.17,0.83,8.98,1.26,23.7,0.88,4.37,0.0,0.32,1.68,7.61,8.73,0.08,1.18,0.11,1.86,0.0,3.29,0.34,7.85,1.12,0.07,34.15,0.0,0.0,0.73,3.21,0.8,2.6,22.18,2.68,0.15,0.45,0.0,1.28,0.0,0.12
2002,-999,6.97,62.17,1.39,9.07,26.81,12.37,0.04,1.65,16.0,31.43,1.69,0.97,0.21,2.03,1.64,4.1,0.77,21.65,0.94,8.13,0.0,0.18,0.51,4.26,5.65,0.2,2.38,0.0,1.37,0.11,7.43,0.15,7.75,1.2,0.48,13.46,0.0,0.09,1.75,4.88,1.28,1.68,12.69,6.34,0.32,0.31,0.24,0.43,0.0,0.0
2003,-999,11.3,61.26,2.28,7.85,30.99,10.7,0.13,0.26,2.0,28.35,0.37,0.23,0.09,1.18,0.76,4.82,0.11,26.44,0.15,3.66,0.0,0.02,0.0,2.49,7.93,0.26,1.7,0.12,0.8,0.0,1.19,0.66,9.56,0.56,0.0,22.76,0.0,0.0,0.05,2.52,0.24,1.62,12.4,8.42,0.1,0.0,0.24,0.02,0.0,0.03
2004,-999,11.56,61.14,1.67,6.09,21.92,8.08,0.13,0.83,4.0,32.28,1.47,0.07,0.0,0.48,0.1,1.25,0.0,27.47,0.14,1.53,0.0,0.0,0.0,1.3,5.65,0.0,0.47,0.0,0.08,0.0,0.75,0.36,7.41,0.12,0.0,7.3,0.0,0.0,0.05,2.17,0.09,1.05,8.46,3.7,0.1,0.0,0.0,0.0,0.0,0.0
2005,-999,10.54,75.57,4.17,9.61,25.9,10.42,0.04,0.95,7.0,53.94,8.23,0.79,0.0,2.4,1.73,2.58,1.62,30.55,0.47,6.63,0.0,0.21,0.72,4.54,9.59,0.0,4.27,0.0,1.45,0.03,5.6,0.02,8.52,0.94,0.18,11.92,0.0,0.0,0.73,6.66,0.83,2.14,13.46,1.41,0.3,0.44,0.0,0.29,0.0,0.0
2006,-999,6.98,73.19,2.93,15.7,33.77,17.53,0.55,4.01,10.0,23.94,2.37,1.92,0.0,3.11,2.15,6.05,1.99,29.93,1.28,7.51,0.0,1.14,0.85,7.58,9.99,0.0,3.36,0.12,1.29,0.68,6.04,0.34,10.88,1.61,0.59,29.31,0.27,0.7,0.73,4.9,1.36,2.55,21.29,2.03,0.32,0.44,0.31,1.52,0.0,0.12
2007,-999,7.66,70.13,4.49,9.69,28.36,14.17,0.0,0.2,5.0,37.11,5.82,0.41,0.0,2.28,1.86,3.41,5.12,32.48,0.16,3.62,0.0,0.12,0.19,4.25,8.41,0.63,4.24,0.13,0.24,0.0,2.65,0.02,9.98,0.18,0.7,10.53,0.0,0.0,0.05,7.83,0.47,3.22,14.19,3.58,0.27,0.15,0.0,0.04,0.0,0.05
2008,-999,5.3,71.23,2.88,11.98,25.26,12.78,0.32,0.42,5.0,32.84,2.93,0.29,0.0,0.82,0.54,1.91,0.93,29.46,0.06,1.46,0.0,0.0,0.0,2.96,7.84,0.0,3.59,0.0,0.06,0.0,2.01,0.43,9.72,0.2,0.3,15.3,0.0,0.0,0.05,2.38,0.1,2.83,17.73,4.73,0.23,0.0,0.0,0.0,0.0,0.0
2009,-999,8.47,77.31,2.03,6.84,23.21,12.48,0.11,0.31,2.0,47.34,2.01,0.42,0.0,1.14,0.23,2.86,0.46,33.78,0.12,1.8,0.0,0.0,0.0,3.06,8.54,0.0,2.35,0.0,0.12,0.0,2.17,0.03,8.26,0.15,0.0,17.92,0.0,0.0,0.73,2.77,0.12,1.24,28.95,4.71,0.23,0.0,0.0,0.05,0.0,0.0
2010,-999,4.28,83.75,10.67,30.18,34.13,11.69,0.03,2.26,19.0,65.24,14.97,0.92,0.0,3.65,2.68,7.31,3.99,63.56,1.58,11.03,0.0,0.18,0.14,8.2,25.78,0.0,10.69,0.06,0.61,0.0,9.3,0.46,9.99,1.17,0.58,31.39,0.0,0.09,0.73,16.65,0.33,7.7,40.72,7.01,0.73,0.0,0.0,0.04,0.48,0.0
2011,-999,6.37,65.57,3.75,29.98,31.25,10.45,0.19,1.35,8.0,39.41,7.54,4.77,0.0,7.17,5.89,11.82,2.93,56.18,0.36,7.47,0.0,0.44,1.77,13.26,16.84,0.0,7.9,0.59,2.15,0.65,4.98,1.93,7.81,0.41,1.6,57.62,0.0,1.54,0.39,10.9,3.49,3.39,51.29,4.39,0.37,0.29,0.0,1.2,0.0,0.05
2012,-999,3.21,73.69,3.37,19.65,35.86,14.48,0.41,1.1,13.0,37.78,7.2,2.22,0.0,4.39,3.19,7.51,4.09,34.31,0.57,10.2,0.0,1.18,0.55,8.61,9.63,0.0,5.07,0.0,1.77,0.0,5.25,1.58,10.5,0.43,0.73,27.07,0.0,0.0,0.39,5.13,1.66,3.21,23.71,4.77,0.66,0.0,0.0,1.63,0.24,0.12
2013,-999,6.55,69.33,0.0,7.84,38.48,16.05,0.0,3.07,5.0,27.16,0.14,0.68,0.34,1.3,1.17,2.61,0.18,25.8,1.66,6.74,0.0,0.76,0.31,3.01,5.5,0.0,1.89,0.0,0.35,0.0,5.12,0.34,9.85,1.24,0.54,14.77,0.0,0.31,3.72,2.22,0.25,0.86,18.97,2.9,0.33,0.0,0.38,0.46,0.0,0.0
2014,-999,11.32,77.93,1.07,5.75,36.16,13.96,0.11,0.31,2.0,36.75,1.19,0.08,0.15,0.81,0.2,2.63,0.18,26.39,0.04,2.69,0.0,0.0,0.0,2.59,5.47,0.0,1.92,0.0,0.22,0.0,1.37,0.59,7.47,0.15,0.0,12.3,0.0,0.0,0.05,2.5,0.0,0.76,22.5,1.32,0.13,0.15,0.0,0.0,0.0,0.0
2015,-999,24.22,81.72,2.81,14.99,41.35,15.4,0.04,0.74,5.0,47.18,4.26,0.43,0.65,1.55,0.48,4.24,1.57,38.43,0.04,4.06,0.0,0.0,0.0,4.1,13.29,0.14,3.18,0.0,0.34,0.0,3.9,0.15,9.55,0.87,0.04,17.76,0.23,0.0,0.05,4.95,0.15,2.92,26.06,2.62,0.23,0.15,0.47,0.0,0.0,0.0
2016,-999,20.61,86.76,5.15,18.16,35.63,12.95,0.12,2.34,17.0,47.44,2.47,1.54,0.0,1.44,1.99,5.14,3.87,53.91,0.57,10.83,0.0,0.36,0.26,6.18,15.1,0.01,7.22,0.0,1.23,0.0,8.88,1.73,8.7,0.83,0.97,24.3,0.0,0.0,1.68,9.31,0.77,4.29,36.02,3.22,0.42,0.0,0.0,0.02,0.0,0.13
2017,-999,15.08,115.04,0.45,7.92,28.99,15.59,0.34,0.2,6.0,58.7,1.05,0.7,0.0,1.24,0.43,3.12,3.18,34.11,0.04,6.04,0.0,0.1,0.03,3.98,7.17,0.14,5.16,0.0,0.66,0.0,1.79,0.02,12.65,0.46,0.16,15.23,0.0,0.0,0.05,5.64,0.13,1.81,22.8,3.02,0.14,0.0,0.0,0.15,0.0,0.0
2018,-999,26.83,80.9,2.37,11.2,33.42,16.14,0.29,1.63,13.0,56.08,0.74,1.11,0.0,1.93,0.62,3.85,2.2,52.56,1.53,9.8,0.0,0.59,0.12,6.03,21.89,0.0,3.35,0.0,1.21,0.14,4.72,1.78,11.6,1.07,0.68,26.31,0.0,0.0,2.97,2.78,0.58,1.99,30.19,5.04,0.13,0.6,0.0,0.32,0.0,0.0
2019,-999,35.82,98.95,6.86,8.92,26.46,12.39,0.33,0.92,8.0,68.45,2.78,1.74,0.0,1.83,1.97,3.48,1.41,55.85,0.95,7.2,0.0,0.14,0.12,3.34,23.71,0.0,4.6,0.0,1.05,0.18,6.6,2.42,7.2,0.58,0.61,22.01,0.0,0.34,0.73,5.23,0.35,0.83,32.55,2.84,0.27,0.0,0.0,0.13,0.0,0.0
2020,-999,24.68,89.63,5.4,8.99,33.56,18.29,0.0,1.95,-999.0,72.25,3.23,1.18,0.0,0.56,0.44,2.43,1.1,49.62,1.12,9.44,0.0,0.19,0.12,2.34,14.51,0.01,4.73,0.07,0.89,0.14,5.55,3.91,8.31,0.68,0.14,15.24,0.0,0.0,3.31,6.74,0.61,2.53,29.16,3.13,0.28,0.44,0.26,0.03,0.0,0.0
2021,-999,8.37,74.6,3.8,11.42,25.59,21.48,0.22,1.24,-999.0,61.6,3.04,0.87,0.42,0.79,1.0,4.19,0.78,50.16,0.55,7.24,0.0,0.1,0.1,4.06,10.89,0.01,2.51,0.0,0.41,0.27,3.18,0.71,14.57,0.73,0.33,12.84,0.5,0.0,0.39,5.3,0.34,1.52,24.01,5.56,0.09,0.89,0.76,0.01,0.0,0.08
2022,-999,15.02,71.15,3.38,18.54,31.43,22.24,0.5,2.59,11.0,50.79,0.45,1.29,0.0,3.47,2.92,7.2,6.77,51.3,2.2,6.33,0.0,0.17,0.45,9.45,20.5,0.0,4.15,0.31,1.95,0.0,6.1,0.71,14.3,0.75,1.22,34.93,0.0,0.0,2.02,9.06,0.99,6.75,45.4,6.32,0.06,0.31,0.12,0.15,0.0,0.17
2023,-999,13.18,154.2,12.79,16.02,27.95,14.48,0.5,0.31,6.0,57.04,3.35,1.24,0.0,2.56,2.17,5.12,2.27,69.07,0.21,4.98,0.0,0.02,0.29,7.84,25.03,0.0,2.58,0.24,0.97,0.0,3.3,3.0,9.81,0.48,0.0,20.0,0.0,0.0,0.05,7.08,0.24,3.34,52.51,2.81,0.19,0.0,0.0,0.23,0.0,0.0
2024,-999,10.18,157.27,9.27,13.47,44.56,21.97,0.21,2.74,9.0,78.45,6.86,0.68,0.26,0.93,1.77,3.96,3.45,61.53,1.44,11.83,0.0,0.2,0.0,4.42,22.27,0.16,6.34,0.01,0.26,0.62,2.03,5.94,19.96,0.68,0.72,27.0,0.0,0.5,1.0,13.33,0.2,4.34,41.01,6.44,0.87,0.15,0.0,0.18,0.01,0.11
