Year,AK,AL,AR,AZ,CA,CO,CT,DE,FL,GA,IA,ID,IL,IN,KS,KY,LA,MA,MD,ME,MI,MN,MO,MS,MT,NC,ND,NE,NH,NJ,NM,NV,NY,OH,OK,OR,PA,RI,SC,SD,TN,TX,UT,VA,VT,WA,WI,WV,WY
1900,-999.0,2.46,2.74,-999.0,-999.0,8.08,-999.0,-999.0,0.0,1.62,50.16,10.65,32.01,25.47,12.81,14.44,0.67,-999.0,-999.0,64.58,56.26,91.73,18.8,1.95,30.47,3.69,87.79,31.24,-999.0,19.38,-999.0,-999.0,50.86,31.97,-999.0,1.13,35.62,-999.0,1.21,50.16,7.67,0.91,10.32,11.96,-999.0,10.69,70.37,16.25,-999.0
1901,-999.0,4.45,5.09,-999.0,-999.0,19.92,-999.0,-999.0,0.0,3.11,51.93,17.77,37.66,34.46,20.25,15.16,0.47,-999.0,-999.0,73.33,66.55,88.88,21.76,4.26,39.9,6.97,84.94,37.21,-999.0,32.7,0.0,-999.0,64.73,40.64,-999.0,5.14,47.23,-999.0,1.75,50.09,9.92,5.24,12.67,19.64,-999.0,10.67,73.66,26.69,-999.0
1902,-999.0,1.38,6.0,-999.0,-999.0,19.84,-999.0,-999.0,0.0,0.63,55.72,22.53,42.97,36.81,27.69,22.55,0.19,-999.0,-999.0,62.16,56.41,75.96,28.82,1.9,50.49,3.88,79.0,42.6,-999.0,25.64,0.25,-999.0,56.51,40.39,-999.0,6.7,46.62,-999.0,0.87,54.79,10.17,1.77,17.82,18.03,-999.0,16.71,62.22,33.59,-999.0
1903,-999.0,1.73,2.53,-999.0,-999.0,25.74,-999.0,-999.0,0.0,0.8,52.83,26.87,42.13,34.4,16.09,16.49,0.0,-999.0,-999.0,62.12,62.54,93.37,23.65,0.56,47.51,2.21,96.03,32.09,-999.0,20.95,0.62,-999.0,59.5,41.63,7.0,4.79,43.08,-999.0,0.24,61.73,4.02,1.09,26.04,15.16,-999.0,19.32,70.39,34.01,-999.0
1904,-999.0,0.35,2.08,-999.0,-999.0,12.7,-999.0,-999.0,0.0,0.88,61.7,17.93,44.47,38.93,17.38,16.34,0.0,-999.0,-999.0,86.27,87.52,90.6,23.55,0.51,43.76,5.29,94.44,31.6,-999.0,39.14,0.12,-999.0,84.18,48.08,8.0,3.2,65.04,-999.0,1.12,59.75,2.44,0.69,10.16,21.4,-999.0,8.83,84.32,21.0,-999.0
1905,-999.0,6.65,8.31,-999.0,-999.0,25.94,-999.0,-999.0,0.0,3.0,54.71,23.38,42.13,32.03,28.09,25.02,1.46,-999.0,-999.0,63.03,63.6,75.13,33.35,4.37,42.94,6.05,82.91,41.2,-999.0,24.42,9.22,-999.0,60.26,38.48,25.0,8.85,42.72,-999.0,2.19,60.28,11.25,5.25,20.22,19.03,-999.0,16.31,69.57,21.06,-999.0
1906,-999.0,0.46,2.16,-999.0,-999.0,20.19,-999.0,-999.0,0.0,0.23,49.89,28.66,32.81,25.38,17.76,15.01,0.32,-999.0,-999.0,58.79,51.78,87.97,22.65,0.8,47.89,2.14,103.15,33.85,-999.0,13.42,5.17,-999.0,53.55,29.8,-999.0,8.17,32.28,-999.0,0.09,64.05,4.55,1.2,23.4,9.13,-999.0,14.7,67.09,13.99,-999.0
1907,-999.0,0.23,2.24,-999.0,-999.0,14.27,-999.0,-999.0,0.0,0.21,42.47,23.1,21.07,21.15,15.53,10.53,0.0,-999.0,-999.0,54.64,53.91,79.43,11.77,0.9,41.71,1.77,88.47,32.22,-999.0,22.77,1.37,-999.0,52.6,26.56,-999.0,10.73,36.33,-999.0,0.25,50.53,4.03,0.3,7.58,10.27,-999.0,22.1,58.36,13.88,-999.0
1908,-999.0,0.0,0.6,-999.0,-999.0,20.41,-999.0,-999.0,0.0,0.07,37.19,19.52,21.95,16.95,5.52,7.13,0.0,-999.0,-999.0,62.18,54.66,75.9,6.62,0.14,41.38,1.21,92.79,17.68,-999.0,14.25,2.02,-999.0,55.96,22.9,2.0,5.97,37.49,-999.0,0.24,50.8,1.26,0.06,17.94,6.95,-999.0,10.35,65.8,10.5,-999.0
1909,-999.0,1.47,6.14,-999.0,-999.0,35.06,-999.0,-999.0,0.0,1.43,58.45,31.93,36.4,29.31,30.15,17.73,1.03,-999.0,-999.0,53.23,59.27,84.91,27.32,2.72,50.86,2.87,92.94,46.62,-999.0,17.41,6.61,-999.0,52.75,33.56,15.0,11.76,37.26,-999.0,1.16,68.38,7.76,3.66,26.0,9.05,-999.0,23.73,67.81,16.97,-999.0
1910,-999.0,0.42,2.8,-999.0,-999.0,22.25,-999.0,15.0,0.0,0.08,54.12,36.53,34.64,32.65,14.47,17.02,0.0,-999.0,-999.0,49.58,62.97,89.16,15.95,0.86,38.87,1.71,91.64,30.34,-999.0,21.18,2.45,-999.0,56.18,40.58,6.84,9.4,45.97,-999.0,0.15,59.45,4.93,0.82,21.77,9.55,-999.0,15.86,78.43,17.96,-999.0
1911,-999.0,1.59,2.03,-999.0,-999.0,30.42,-999.0,3.0,0.0,0.27,42.7,33.85,20.56,16.32,20.54,8.93,0.79,-999.0,-999.0,56.26,46.14,85.16,12.02,1.06,48.05,0.92,103.63,31.4,-999.0,8.51,11.97,-999.0,49.38,18.88,12.0,6.47,24.67,-999.0,0.12,56.48,2.52,1.86,21.48,4.4,-999.0,12.01,58.99,9.6,-999.0
1912,-999.0,1.09,5.34,-999.0,-999.0,28.99,-999.0,23.0,0.0,2.16,66.31,22.43,50.0,42.73,29.82,23.88,0.78,-999.0,-999.0,66.37,75.87,88.9,31.73,2.22,41.5,4.72,90.26,46.13,-999.0,31.22,4.17,-999.0,65.19,46.24,10.84,5.46,50.19,-999.0,1.69,60.82,6.88,1.73,16.38,19.59,-999.0,10.49,78.48,29.26,-999.0
1913,-999.0,0.0,1.78,-999.0,-999.0,36.75,-999.0,4.0,0.0,0.0,47.95,38.15,30.46,22.78,29.97,12.61,0.0,-999.0,-999.0,46.93,52.06,82.35,20.84,0.13,56.24,0.34,81.21,41.79,-999.0,8.88,5.66,-999.0,38.57,25.86,15.92,10.35,25.86,-999.0,0.01,52.83,1.13,2.2,24.93,2.57,-999.0,23.62,63.84,12.48,-999.0
1914,-999.0,1.65,2.71,-999.0,-999.0,29.81,-999.0,15.0,0.0,0.7,54.1,23.69,41.68,37.48,22.43,23.67,0.0,-999.0,-999.0,73.94,67.18,81.44,22.81,1.31,44.05,4.01,91.93,36.48,-999.0,24.73,1.97,-999.0,62.8,43.71,6.07,9.37,55.36,-999.0,0.46,57.75,5.75,0.51,18.75,17.9,-999.0,14.99,71.84,30.74,-999.0
1915,-999.0,0.1,1.72,-999.0,-999.0,29.58,-999.0,4.0,0.0,0.0,49.67,25.96,26.8,21.75,16.35,7.98,0.32,-999.0,-999.0,51.43,58.14,80.63,15.02,0.86,42.07,0.68,97.14,42.89,-999.0,8.99,1.96,-999.0,49.71,27.13,3.46,7.17,37.91,-999.0,0.06,66.77,1.74,0.21,18.56,5.25,-999.0,12.92,63.48,14.8,-999.0
1916,-999.0,2.25,5.81,-999.0,-999.0,36.2,-999.0,-999.0,0.0,0.54,58.86,46.71,39.37,30.57,31.92,18.47,0.32,-999.0,-999.0,78.81,68.62,93.44,25.2,2.1,61.0,1.34,102.87,46.58,-999.0,28.02,4.3,-999.0,64.2,41.29,13.61,15.31,50.86,-999.0,0.02,70.68,7.86,2.01,25.75,11.11,-999.0,35.67,76.07,18.19,-999.0
1917,-999.0,4.7,11.57,-999.0,-999.0,32.21,-999.0,-999.0,0.0,3.89,60.83,36.06,40.55,33.87,21.71,24.43,1.57,-999.0,-999.0,75.85,72.97,94.44,23.93,5.58,57.4,9.64,101.46,37.74,-999.0,23.76,4.07,-999.0,62.92,43.2,13.0,5.13,49.02,-999.0,4.53,69.23,15.67,2.68,25.6,20.83,-999.0,14.27,83.87,28.67,-999.0
1918,-999.0,2.27,10.57,-999.0,-999.0,39.31,-999.0,-999.0,1.0,2.06,46.74,28.84,38.66,33.83,29.82,24.2,1.25,-999.0,-999.0,73.35,54.41,70.27,30.91,3.7,44.45,7.33,73.77,38.26,-999.0,27.48,14.03,-999.0,52.55,37.24,12.84,6.69,38.55,-999.0,1.97,52.16,13.34,4.55,18.92,18.4,-999.0,12.25,61.01,23.22,-999.0
1919,-999.0,1.76,3.86,-999.0,-999.0,36.08,-999.0,-999.0,0.0,0.98,49.4,39.56,30.99,22.02,23.96,8.08,0.62,-999.0,-999.0,52.25,53.6,80.27,17.27,1.95,60.57,2.36,109.69,39.08,-999.0,10.41,4.81,-999.0,44.88,25.92,8.0,12.43,31.27,-999.0,0.68,64.48,4.14,1.65,17.83,7.12,-999.0,20.73,66.23,13.65,-999.0
1920,-999.0,0.0,0.94,-999.0,-999.0,32.26,-999.0,15.0,0.0,0.17,54.14,23.1,36.35,32.73,18.72,16.52,0.0,-999.0,-999.0,73.85,73.35,95.15,20.87,0.92,50.58,3.44,98.67,35.26,-999.0,23.57,3.45,-999.0,58.8,38.58,8.23,5.15,47.72,-999.0,0.37,56.21,5.75,0.81,17.07,14.24,-999.0,10.83,83.15,24.03,-999.0
1921,-999.0,0.0,0.55,-999.0,-999.0,20.58,-999.0,4.0,0.0,0.02,31.52,25.44,15.4,10.75,8.85,4.61,0.0,-999.0,-999.0,65.36,40.69,81.23,7.39,0.04,42.38,0.44,88.73,21.73,-999.0,7.66,0.99,-999.0,37.53,14.99,1.0,7.39,21.44,-999.0,0.06,42.25,0.39,0.2,9.35,3.83,-999.0,15.44,61.36,5.91,-999.0
1922,-999.0,0.22,1.54,-999.0,-999.0,29.28,-999.0,13.0,0.0,0.18,41.54,54.23,25.3,21.62,16.38,6.59,0.0,-999.0,-999.0,73.0,55.23,80.79,15.34,0.14,64.75,2.48,95.8,30.62,-999.0,17.14,2.23,-999.0,48.43,28.34,5.54,14.12,38.36,-999.0,0.95,67.29,1.15,1.54,27.92,9.97,-999.0,37.66,65.52,12.66,-999.0
1923,-999.0,0.0,1.09,-999.0,-999.0,28.64,-999.0,5.0,0.0,0.13,35.44,32.32,16.22,13.43,6.41,6.67,0.32,-999.0,-999.0,74.46,54.8,80.74,7.59,0.32,42.58,0.75,82.15,20.48,-999.0,17.11,5.17,-999.0,53.37,20.44,1.0,4.8,30.87,-999.0,0.03,42.52,2.4,0.96,21.73,5.79,-999.0,12.81,67.87,12.78,-999.0
1924,-999.0,2.13,6.41,-999.0,-999.0,41.91,-999.0,12.0,0.0,0.76,61.14,36.61,43.1,35.61,28.55,16.94,0.32,-999.0,-999.0,69.4,70.27,83.42,29.7,2.21,48.96,2.05,84.31,49.72,-999.0,17.49,6.24,-999.0,60.45,41.02,11.0,12.13,46.3,-999.0,0.31,63.5,7.65,2.87,28.25,13.97,-999.0,25.05,79.89,22.55,-999.0
1925,-999.0,0.86,2.31,-999.0,-999.0,28.0,-999.0,8.0,0.0,0.79,50.87,17.93,28.08,22.88,17.27,9.05,0.32,-999.0,-999.0,49.4,60.04,88.95,16.91,1.03,35.44,1.86,86.24,32.96,-999.0,14.09,1.98,-999.0,43.6,26.4,8.07,1.31,35.99,-999.0,0.59,54.93,3.17,1.56,17.35,8.35,-999.0,4.23,78.18,11.52,-999.0
1926,-999.0,0.54,1.65,-999.0,-999.0,23.92,-999.0,8.0,0.0,0.31,48.84,29.95,31.09,29.75,12.08,11.22,0.18,-999.0,-999.0,75.27,68.82,98.66,14.0,0.63,38.74,0.63,88.45,26.2,-999.0,16.43,3.71,-999.0,66.4,39.1,7.39,6.22,46.37,-999.0,0.0,50.8,1.9,1.58,16.67,10.1,-999.0,13.23,86.09,25.61,-999.0
1927,-999.0,2.27,1.2,-999.0,-999.0,23.66,-999.0,6.0,0.0,0.12,41.94,34.39,24.73,18.16,17.34,7.87,0.0,-999.0,-999.0,42.77,50.99,86.58,15.63,0.46,60.67,1.52,91.93,34.52,-999.0,8.9,2.66,-999.0,44.44,25.38,9.0,7.51,33.2,-999.0,0.27,63.48,3.36,1.09,14.99,7.85,-999.0,19.26,65.01,17.0,-999.0
1928,-999.0,2.66,2.71,-999.0,-999.0,26.8,-999.0,7.0,0.0,1.85,29.95,30.27,20.37,18.91,6.8,9.87,1.0,-999.0,-999.0,50.96,48.8,68.52,8.66,1.93,41.88,2.92,73.15,17.95,-999.0,10.58,2.32,-999.0,46.6,23.57,2.61,5.08,29.79,-999.0,1.94,35.56,3.91,1.22,16.77,7.3,-999.0,17.49,51.58,14.9,-999.0
1929,-999.0,2.74,5.54,-999.0,-999.0,38.45,-999.0,13.0,0.0,0.91,68.72,43.58,43.79,38.58,29.78,20.3,0.38,-999.0,-999.0,66.57,70.99,94.23,27.8,2.45,60.91,1.35,94.1,47.32,-999.0,16.76,8.79,-999.0,56.77,39.39,11.15,9.45,42.72,-999.0,0.25,75.13,8.51,2.65,18.96,11.06,-999.0,28.71,84.01,24.92,-999.0
1930,105.09,0.63,6.54,4.66,2.95,29.04,-999.0,13.0,0.0,0.21,47.04,51.53,32.2,30.09,22.1,13.71,0.16,-999.0,-999.0,54.08,60.67,82.19,20.94,1.63,53.54,1.31,82.95,31.59,-999.0,16.54,6.5,-999.0,49.39,31.18,18.76,18.46,39.95,-999.0,0.08,49.78,4.75,4.52,33.14,11.98,-999.0,25.62,69.15,23.36,-999.0
1931,100.78,0.0,0.38,9.29,2.13,22.29,-999.0,1.0,0.0,0.19,14.0,36.73,7.96,7.93,6.33,3.17,0.0,-999.0,-999.0,40.55,27.63,44.42,2.97,0.1,38.11,0.32,63.38,15.56,-999.0,5.01,2.18,-999.0,31.57,10.02,1.61,6.63,16.17,-999.0,0.0,34.22,0.33,0.0,27.71,2.36,-999.0,14.61,31.84,8.67,-999.0
1932,109.42,1.07,5.57,10.92,5.29,36.0,-999.0,4.0,0.0,0.63,55.43,48.88,27.55,23.87,28.29,11.82,1.1,-999.0,-999.0,47.68,46.08,95.76,20.1,3.48,62.79,1.24,101.32,48.23,-999.0,8.27,9.19,-999.0,38.06,22.32,14.15,12.27,26.33,-999.0,0.32,71.88,6.8,3.32,31.93,7.59,-999.0,23.21,66.49,14.36,-999.0
1933,114.47,1.11,3.4,8.44,5.05,18.49,-999.0,10.0,0.0,0.56,28.67,31.35,18.72,15.59,9.04,6.26,0.34,-999.0,-999.0,44.37,47.09,77.6,8.77,0.78,47.4,0.56,87.87,17.94,-999.0,13.61,1.76,-999.0,37.73,19.81,3.84,5.63,23.79,-999.0,0.43,41.58,2.58,1.49,20.32,5.79,-999.0,13.04,54.75,12.27,-999.0
1934,97.53,1.28,2.01,0.43,0.52,8.95,-999.0,20.0,0.0,1.2,47.56,12.92,28.41,24.31,10.23,10.44,0.0,-999.0,-999.0,69.06,62.61,82.12,14.64,0.85,28.14,3.51,65.27,25.73,-999.0,21.23,0.99,-999.0,55.31,30.65,1.61,1.82,37.03,-999.0,1.13,41.27,5.09,0.06,5.79,12.3,-999.0,3.61,65.7,17.62,-999.0
1935,107.9,1.48,4.83,2.62,2.05,13.67,-999.0,21.0,0.0,1.64,43.52,31.96,29.24,27.23,11.21,14.9,0.4,-999.0,-999.0,62.96,63.73,90.73,15.23,2.38,49.31,6.35,90.98,25.5,-999.0,21.84,1.1,-999.0,55.02,34.78,4.46,11.05,41.63,-999.0,1.37,50.42,9.73,0.56,9.93,18.11,-999.0,16.72,72.06,21.04,-999.0
1936,99.8,2.49,7.67,2.38,1.82,26.24,-999.0,23.0,0.0,0.65,65.45,39.05,39.99,32.0,26.5,19.37,0.16,-999.0,-999.0,62.66,66.74,105.32,28.09,3.09,69.09,4.71,105.48,49.83,-999.0,25.85,2.19,-999.0,54.03,34.39,14.3,11.36,37.62,-999.0,0.21,78.17,13.48,2.46,11.72,18.72,-999.0,23.92,82.75,21.37,-999.0
1937,92.86,1.3,3.03,10.03,6.32,35.22,-999.0,7.0,0.0,0.23,73.72,41.29,43.32,30.67,32.05,10.82,0.0,-999.0,-999.0,36.75,61.23,97.97,26.98,0.76,70.57,1.01,103.89,53.23,-999.0,5.89,3.58,-999.0,44.14,32.31,16.07,14.82,29.74,-999.0,0.01,82.68,5.68,2.59,26.98,8.18,-999.0,27.53,84.86,19.02,-999.0
1938,99.7,0.22,1.14,1.2,1.58,22.97,-999.0,4.0,0.0,0.09,43.16,21.01,18.72,13.55,10.6,5.7,0.0,-999.0,-999.0,53.8,53.34,88.37,12.1,0.19,44.2,1.56,86.47,24.47,-999.0,12.65,1.72,-999.0,47.75,18.75,4.84,4.32,30.76,-999.0,0.28,52.77,2.33,0.21,8.6,6.39,-999.0,10.41,68.65,12.32,-999.0
1939,107.82,0.0,0.16,5.77,1.4,25.21,-999.0,6.0,0.0,0.0,37.23,23.54,19.87,14.61,10.99,3.64,0.0,-999.0,-999.0,59.25,50.9,79.42,10.91,0.0,36.68,0.19,79.07,23.47,-999.0,10.63,4.37,-999.0,50.3,21.65,4.84,2.6,25.3,-999.0,0.01,46.61,0.78,0.65,19.46,3.4,-999.0,5.77,58.16,10.54,-999.0
1940,84.46,5.88,9.8,0.88,0.78,26.64,-999.0,23.0,0.0,3.02,71.16,23.78,42.47,31.53,32.77,20.11,2.04,-999.0,-999.0,64.11,72.21,103.03,32.68,6.17,55.09,5.12,97.07,51.14,-999.0,26.97,7.53,-999.0,68.96,38.21,18.69,7.62,46.05,-999.0,1.62,76.46,12.21,4.0,15.51,18.72,-999.0,12.05,84.18,33.43,-999.0
1941,91.35,0.0,0.19,2.4,0.96,20.39,-999.0,5.0,0.0,0.0,49.37,18.45,25.75,23.58,15.78,7.18,0.0,-999.0,-999.0,56.6,57.77,84.09,13.05,0.0,39.81,0.22,85.92,34.77,-999.0,13.46,1.47,-999.0,60.62,31.65,3.46,3.24,39.63,-999.0,0.01,54.46,1.35,0.0,11.25,7.96,-999.0,8.09,66.87,22.04,-999.0
1942,100.5,1.74,7.95,3.84,1.29,28.99,-999.0,12.0,0.0,0.5,54.3,33.58,33.94,31.44,18.7,15.08,0.78,-999.0,-999.0,58.31,58.97,76.28,18.55,2.91,49.5,4.19,80.48,33.74,-999.0,19.38,3.66,-999.0,52.24,34.39,11.15,8.44,38.06,-999.0,0.43,53.61,9.64,2.32,17.13,11.75,-999.0,17.68,65.05,25.47,-999.0
1943,91.15,0.87,2.98,1.71,0.89,15.23,-999.0,6.0,0.0,0.44,49.09,28.18,30.47,27.87,15.13,11.65,0.32,-999.0,-999.0,63.09,60.9,86.2,18.84,1.7,47.58,2.97,81.33,24.1,-999.0,20.43,3.27,-999.0,60.66,30.84,7.69,9.29,39.06,-999.0,0.82,50.95,5.67,1.19,9.34,12.11,-999.0,22.4,66.79,21.13,-999.0
1944,85.25,0.11,1.48,3.34,1.45,17.41,-999.0,5.0,0.0,0.3,47.31,35.19,29.09,24.98,14.69,8.76,0.54,-999.0,-999.0,57.89,59.81,74.14,15.54,0.5,51.56,0.84,96.04,34.19,-999.0,12.22,2.44,-999.0,53.98,25.96,5.39,9.65,32.45,-999.0,0.03,59.9,3.55,0.6,18.87,8.18,-999.0,18.47,60.94,14.67,-999.0
1945,104.52,0.21,1.42,5.3,1.61,22.02,-999.0,18.0,0.0,0.14,60.01,32.26,39.23,35.28,19.37,15.08,0.0,-999.0,-999.0,64.4,62.91,90.13,23.39,0.38,46.18,2.01,92.35,35.47,-999.0,26.4,3.63,-999.0,59.08,43.47,4.07,6.34,46.82,-999.0,0.2,58.49,4.26,0.25,12.12,13.49,-999.0,14.58,71.45,23.14,-999.0
1946,119.27,0.0,1.32,3.0,0.98,15.56,-999.0,5.0,0.0,0.0,31.74,21.44,14.13,11.91,4.47,5.24,0.18,-999.0,-999.0,58.99,44.1,76.42,5.36,0.26,35.12,0.18,80.84,13.44,-999.0,7.62,3.35,-999.0,40.14,15.38,2.61,1.42,22.35,-999.0,0.0,36.66,1.34,1.18,11.28,3.02,-999.0,7.88,54.15,7.62,-999.0
1947,96.78,0.44,3.26,4.38,1.14,25.9,-999.0,6.0,0.0,0.65,51.82,27.58,31.56,29.73,17.58,13.04,0.36,-999.0,-999.0,62.08,64.69,96.3,18.58,1.17,53.51,1.96,98.59,33.49,-999.0,11.89,6.89,-999.0,57.69,36.49,-999.0,4.5,37.41,-999.0,0.21,64.48,5.59,2.47,18.96,12.32,-999.0,9.72,76.66,23.19,-999.0
1948,124.03,1.52,9.11,4.95,2.42,33.61,-999.0,14.0,0.0,0.3,60.49,37.37,37.06,28.23,29.77,18.88,2.43,-999.0,-999.0,62.67,62.53,94.7,25.54,4.83,57.22,3.06,102.87,48.22,-999.0,26.01,12.7,-999.0,57.72,33.56,20.38,9.1,40.03,-999.0,0.49,67.54,12.28,5.28,19.82,13.95,-999.0,16.94,76.42,24.25,-999.0
1949,103.53,0.41,2.4,15.53,5.99,32.91,-999.0,1.0,0.0,0.0,50.47,49.69,22.92,11.76,24.41,5.05,0.76,-999.0,-999.0,44.01,45.95,85.35,18.0,1.43,66.45,0.13,95.33,46.28,-999.0,3.57,11.7,-999.0,37.42,14.05,18.69,15.46,16.21,-999.0,0.02,64.34,1.99,4.58,37.39,1.65,-999.0,26.82,67.25,7.46,-999.0
1950,105.83,1.43,3.03,2.02,2.84,22.22,33.41,9.0,0.0,0.86,63.05,30.09,39.61,33.69,15.35,14.11,0.15,28.67,9.59,59.77,68.08,109.28,20.46,0.84,56.87,1.84,118.29,35.87,58.93,11.91,0.92,11.11,52.02,36.05,11.3,12.64,32.63,19.69,0.55,75.29,5.72,2.09,17.77,9.19,58.07,24.88,87.83,21.61,40.67
1951,116.53,1.76,5.43,6.05,2.41,29.03,29.76,8.0,0.0,0.61,66.84,35.5,36.44,28.93,21.8,15.17,2.4,24.44,12.18,50.34,60.54,102.7,26.3,3.39,68.86,2.47,110.03,42.84,54.23,13.09,7.61,14.84,46.48,32.99,9.0,5.82,30.86,19.0,0.01,70.3,6.46,5.69,21.05,12.46,52.2,18.42,85.57,17.34,52.95
1952,104.71,0.21,0.25,6.93,3.38,35.7,26.42,1.0,0.0,0.0,47.59,35.63,21.26,16.04,17.99,6.41,0.0,16.58,3.76,42.1,43.9,89.07,13.45,0.17,55.38,0.55,98.98,36.83,51.58,4.91,5.88,15.75,40.71,18.95,6.69,7.55,19.65,10.64,0.01,70.63,1.71,0.93,26.72,4.5,46.83,20.86,66.55,10.96,55.12
1953,105.84,0.22,0.77,3.5,0.58,20.07,20.86,1.0,0.0,0.0,39.32,11.3,17.44,14.98,7.41,6.11,0.0,16.94,2.91,37.48,37.1,82.13,8.44,0.13,23.65,0.67,71.12,20.17,42.82,4.64,3.48,4.88,31.79,15.76,2.61,0.57,16.53,8.56,0.01,45.11,2.11,0.96,10.34,4.09,37.31,0.88,61.06,8.94,33.72
1954,114.09,0.22,1.77,1.54,1.17,14.95,30.93,6.0,0.0,0.01,33.87,19.9,16.5,17.85,10.37,7.79,0.0,28.38,10.89,46.69,44.3,75.64,10.24,0.44,40.17,1.27,65.94,19.89,56.94,12.94,2.68,4.91,45.87,21.37,4.77,3.65,27.68,18.46,0.01,43.03,2.09,1.23,10.58,9.05,55.38,11.5,60.9,17.49,33.12
1955,123.65,0.98,1.32,6.67,2.93,32.36,45.68,11.0,0.0,0.34,61.55,49.67,32.68,31.09,21.28,13.84,0.0,39.1,14.9,72.19,65.0,109.25,19.69,0.63,76.32,0.93,112.38,52.68,77.25,17.25,3.86,22.39,61.31,34.18,1.39,7.05,37.81,27.12,0.13,78.38,3.64,0.09,29.28,10.56,76.65,21.88,86.27,23.15,67.01
1956,128.32,0.0,1.69,3.39,2.11,27.45,31.35,2.0,0.0,0.0,49.2,39.58,23.81,19.48,19.59,5.85,0.0,27.21,6.64,54.36,55.29,90.87,15.89,0.08,49.09,0.42,88.24,31.5,62.63,9.76,3.81,10.81,49.01,25.37,9.46,11.09,26.3,15.45,0.01,60.16,0.82,1.91,16.15,5.42,59.55,20.35,72.56,15.7,52.52
1957,92.83,1.31,1.1,1.54,2.6,21.85,30.33,7.0,0.0,0.24,39.47,35.97,21.71,20.63,16.24,8.84,0.0,25.71,8.68,47.48,49.98,82.78,13.07,0.6,49.14,2.25,82.64,24.66,53.44,13.51,2.18,8.25,43.18,22.56,9.0,12.78,23.23,15.98,0.41,47.95,3.11,1.69,15.26,6.44,48.52,21.51,66.39,10.24,47.07
1958,102.85,3.9,5.84,2.08,0.87,20.76,48.74,20.0,0.0,1.57,59.66,15.25,42.95,42.36,28.89,27.47,0.0,43.88,24.92,58.04,60.19,79.26,28.36,3.49,41.78,5.67,87.25,43.77,68.96,32.11,2.95,3.81,61.64,45.24,12.23,3.6,46.55,35.09,1.19,56.6,12.91,1.71,7.72,19.04,67.1,7.1,69.53,38.67,42.5
1959,116.62,1.87,2.31,1.5,0.9,17.06,36.87,6.0,0.0,0.22,55.96,18.1,30.88,26.3,17.77,10.84,0.0,34.56,12.05,60.76,60.75,84.43,19.88,0.79,46.94,2.41,90.28,30.88,59.23,13.18,3.62,5.39,52.4,25.63,8.39,6.01,28.43,22.41,0.23,59.31,4.63,2.51,8.25,10.29,66.54,13.93,76.56,16.61,44.49
1960,102.96,2.19,3.76,10.65,1.75,34.04,39.67,10.0,0.0,0.46,74.11,38.45,49.74,46.77,34.8,20.22,0.0,35.32,19.15,51.29,74.94,97.39,34.06,1.32,57.26,5.28,100.46,55.02,59.09,19.76,9.06,11.38,68.19,52.34,19.84,11.63,50.53,21.55,0.21,76.45,8.41,3.23,22.1,17.76,67.79,23.8,83.03,31.31,57.21
1961,121.0,1.09,4.36,5.95,1.02,21.2,41.62,13.0,0.0,0.63,48.57,21.4,30.22,28.52,19.08,14.85,1.48,37.71,16.88,55.81,48.7,66.95,19.04,2.63,33.23,4.47,74.31,33.56,59.74,21.92,5.43,6.09,52.4,32.66,9.61,5.05,29.85,28.66,1.0,51.45,5.84,3.36,11.76,14.49,60.74,11.46,56.38,23.33,45.26
1962,107.76,5.21,4.94,7.05,3.05,29.44,45.35,16.0,0.0,1.47,60.86,33.12,40.21,36.24,22.21,16.23,2.65,41.11,20.54,61.77,65.87,79.94,25.26,4.3,44.38,5.52,82.22,41.93,66.38,23.52,5.87,13.55,57.88,42.45,12.46,7.85,42.23,33.3,2.48,60.2,8.1,3.96,19.94,14.79,62.2,13.94,74.46,22.58,44.86
1963,104.35,4.72,11.47,4.0,1.02,27.32,51.41,19.0,0.0,0.52,63.01,28.3,55.87,52.68,29.25,29.43,4.53,47.05,24.81,68.59,76.64,82.8,37.48,7.18,39.92,3.87,78.15,40.89,74.07,29.36,7.63,6.59,64.3,54.35,18.61,7.47,49.32,34.55,0.31,53.36,17.69,6.97,18.78,20.18,75.78,17.93,80.02,35.79,43.87
1964,116.94,1.63,1.94,5.58,1.82,30.24,32.49,5.0,0.0,0.19,40.88,30.01,27.26,24.29,12.13,9.49,0.32,29.34,8.66,51.53,51.4,83.87,13.38,1.83,46.8,1.42,86.57,28.43,57.97,13.81,4.92,12.5,49.92,28.26,6.23,5.27,32.31,20.69,0.09,52.74,3.61,1.53,26.65,7.46,55.87,11.92,64.01,15.97,66.44
1965,116.04,2.19,1.98,3.53,2.17,25.67,36.23,10.0,0.0,0.45,54.31,26.19,31.19,27.44,17.04,11.87,0.0,32.48,13.05,58.77,54.28,91.06,18.1,0.88,52.67,2.77,100.15,36.19,65.69,19.72,3.69,10.95,47.34,30.08,6.84,5.04,29.07,25.65,0.22,62.84,5.68,0.96,17.57,12.46,61.73,10.97,68.14,18.68,47.24
1966,125.75,2.57,4.62,6.47,1.23,30.64,36.02,16.0,0.0,0.79,54.26,23.57,40.82,39.12,27.68,22.77,0.32,32.33,17.41,53.02,64.14,90.12,28.29,2.8,55.28,3.65,96.11,43.0,57.08,22.27,4.22,8.55,52.23,42.56,20.61,1.82,47.56,18.0,1.24,65.09,11.39,3.17,23.98,14.95,60.41,6.65,71.47,33.24,51.48
1967,107.13,1.06,2.47,6.84,2.52,26.06,35.56,6.0,0.0,0.22,42.69,22.74,28.93,29.37,13.37,11.15,0.63,32.02,10.34,67.31,61.46,83.61,15.47,1.35,46.51,1.72,88.42,27.55,68.76,19.12,4.58,10.14,51.57,33.28,3.0,2.45,31.65,17.38,0.07,51.74,4.52,0.81,23.21,8.95,66.16,7.52,70.95,18.77,50.84
1968,112.55,2.72,5.19,7.95,2.13,26.47,46.03,15.0,0.0,1.52,49.76,25.34,37.86,40.14,20.75,18.95,0.47,42.62,20.3,65.54,58.5,79.79,25.41,2.5,45.09,4.8,86.63,37.19,69.99,26.02,1.49,7.18,60.34,44.66,9.39,6.11,44.92,28.98,1.89,58.12,8.28,2.72,20.71,20.54,73.35,10.84,65.01,34.6,50.56
1969,99.26,0.84,1.84,3.9,1.94,26.02,46.68,6.0,0.0,0.28,67.48,31.08,39.27,35.08,20.06,13.53,0.0,36.47,11.88,63.04,58.68,99.15,18.45,0.71,64.37,1.87,107.53,48.97,70.37,17.69,3.11,8.64,66.39,39.97,6.23,10.04,41.76,26.04,0.58,76.13,4.52,0.92,11.41,11.22,75.05,26.2,76.84,30.41,50.47
1970,102.57,4.29,6.78,2.34,1.5,22.01,52.31,10.0,0.0,2.53,52.3,24.49,36.17,35.56,15.12,17.57,0.47,49.64,17.37,71.17,67.39,94.47,21.85,4.6,51.08,7.17,104.43,33.01,76.74,27.34,3.66,10.48,64.21,43.62,8.0,5.73,45.05,41.22,3.57,63.69,11.42,1.96,11.14,16.99,75.97,14.79,75.4,32.95,43.04
1971,126.29,2.69,4.63,8.73,3.04,29.87,35.71,13.0,0.0,0.44,57.78,34.83,28.41,27.83,21.08,16.99,0.7,32.99,16.69,62.43,56.49,96.1,20.37,3.01,57.52,3.49,102.88,39.37,66.47,20.02,4.9,18.39,49.3,33.27,9.0,6.06,29.77,20.08,0.23,70.94,9.84,1.86,25.16,16.42,68.2,12.51,78.11,24.34,57.93
1972,127.94,0.76,4.84,4.53,4.64,32.35,41.86,6.0,0.0,0.2,59.76,36.69,34.21,27.9,25.18,11.62,0.0,33.1,7.72,71.09,62.76,102.66,24.93,1.8,56.88,1.29,105.12,41.19,77.73,16.63,4.8,19.38,57.54,32.24,18.23,14.32,33.5,22.02,0.5,65.48,5.39,3.53,19.91,7.07,70.07,22.6,81.01,17.95,53.2
1973,110.32,1.84,6.05,5.12,1.57,32.54,28.94,11.0,0.0,0.9,46.31,26.02,29.73,27.03,18.17,13.44,1.26,24.16,11.91,41.31,49.08,70.1,20.24,4.07,43.45,3.31,80.59,34.97,54.88,15.54,3.83,10.36,41.88,29.29,13.0,5.59,25.52,18.68,0.99,46.36,10.44,4.83,27.08,12.42,47.19,10.31,57.87,18.19,52.17
1974,113.68,0.23,4.78,4.95,2.73,33.3,33.68,2.0,0.0,0.04,47.49,26.93,27.76,24.68,17.03,8.3,0.16,27.86,7.05,59.8,49.61,77.93,18.38,1.1,32.15,0.33,87.92,28.27,66.98,12.67,2.98,14.59,51.48,29.55,9.84,7.24,30.08,18.93,0.01,43.64,4.51,2.48,23.45,3.68,59.53,9.99,58.4,11.85,42.15
1975,115.74,0.77,1.7,6.3,1.93,31.08,30.39,3.0,0.0,0.04,67.51,36.96,28.97,21.8,17.5,8.0,0.0,25.35,5.49,67.26,54.36,104.3,16.3,1.47,64.9,0.46,101.74,46.31,62.41,12.7,2.14,13.09,50.86,26.06,7.23,6.08,27.01,17.6,0.04,73.67,3.61,0.71,22.17,7.45,58.27,15.67,81.16,11.73,58.4
1976,105.04,2.07,3.63,2.66,1.07,25.4,46.49,14.0,0.0,0.21,45.49,26.17,34.99,29.62,13.8,15.2,0.32,39.72,14.68,77.61,68.68,82.4,20.16,1.54,35.84,2.23,82.0,28.68,76.32,26.46,3.46,5.45,59.79,38.12,7.23,4.51,41.17,28.98,0.06,48.26,7.8,2.03,13.4,11.32,67.89,12.5,73.56,20.67,40.74
1977,103.72,5.97,9.56,3.56,2.3,21.16,49.83,19.0,1.0,2.21,59.3,35.55,52.88,50.24,18.07,35.16,0.63,43.08,28.73,70.47,73.32,85.51,32.22,5.3,47.93,6.38,88.09,32.32,76.33,34.54,0.67,5.84,64.65,53.31,8.84,9.42,53.56,32.54,1.78,63.22,17.6,2.15,11.43,27.79,69.35,28.07,76.65,40.6,39.51
1978,101.64,4.35,15.32,4.89,1.77,40.74,52.4,13.0,0.0,0.81,83.01,34.22,61.08,57.74,45.73,37.53,1.9,47.62,22.79,80.34,81.47,102.45,46.31,8.78,77.75,3.8,113.12,66.97,83.92,36.82,5.84,10.86,73.63,57.65,30.3,8.27,61.36,40.97,0.49,86.99,23.95,7.92,18.65,22.66,80.28,18.64,94.36,34.4,68.82
1979,102.62,2.54,14.15,5.81,2.36,41.75,38.81,15.0,0.0,0.58,65.2,41.8,50.26,44.8,32.94,26.04,1.19,34.42,22.09,57.22,66.63,93.39,36.2,4.47,57.3,3.08,97.55,49.54,60.85,27.34,4.73,12.02,52.38,47.92,26.46,13.86,45.04,30.14,0.83,68.49,13.05,6.09,28.74,17.28,52.58,24.33,77.13,32.73,60.46
1980,107.0,1.87,8.29,1.02,0.6,24.24,43.82,12.0,0.0,1.07,54.87,25.23,42.64,38.35,24.0,19.59,0.79,42.31,18.76,66.68,69.29,84.6,28.0,3.71,42.88,5.79,84.9,38.08,72.66,24.73,4.3,4.25,66.14,46.59,13.23,9.02,47.94,29.45,1.46,50.95,10.15,2.98,10.88,14.75,76.57,19.18,74.86,27.02,42.62
1981,90.83,2.2,3.2,0.31,0.58,12.33,35.81,13.0,0.0,0.39,38.25,21.7,30.41,30.98,10.13,17.5,0.16,32.47,16.97,50.46,55.94,68.81,15.85,2.18,32.18,4.04,67.71,23.52,58.09,23.27,1.88,0.79,51.17,37.83,2.61,3.81,39.56,26.11,0.69,42.38,9.45,0.4,8.54,15.98,60.63,9.43,62.0,29.68,28.14
1982,125.35,3.07,7.78,4.27,2.7,30.27,38.64,14.0,0.0,2.71,60.32,38.23,41.2,33.72,25.91,13.96,1.96,37.97,15.85,73.82,66.1,86.81,23.55,5.06,57.9,5.33,93.32,43.99,65.66,21.85,8.3,13.51,52.44,35.69,11.07,9.38,35.93,26.58,2.95,66.9,9.86,4.55,20.41,12.71,62.64,19.05,75.4,18.14,50.56
1983,108.91,4.3,11.28,1.55,1.32,30.77,31.45,7.0,0.0,2.17,60.47,26.9,37.59,31.24,31.58,15.85,3.99,27.21,12.69,44.3,56.18,82.54,26.59,6.18,43.06,3.88,86.57,51.97,48.08,15.58,8.51,6.52,38.84,33.81,12.24,8.59,31.53,18.54,2.06,61.18,9.01,7.73,13.19,11.98,45.94,16.15,69.67,22.96,48.09
1984,103.83,1.45,5.31,1.27,1.89,29.76,34.29,7.0,0.0,0.14,45.15,44.13,33.24,30.36,15.84,14.21,0.32,30.65,12.19,58.48,56.29,77.18,16.27,1.85,42.26,1.41,81.15,29.33,58.77,17.46,5.55,14.72,51.24,34.91,9.46,7.07,36.17,20.55,0.07,47.85,7.16,1.76,29.45,9.67,52.11,16.75,63.21,17.36,52.84
1985,115.76,4.31,11.45,4.9,2.49,35.48,42.55,14.0,1.0,2.03,73.8,71.54,52.28,50.76,33.61,26.46,2.45,39.35,17.44,76.17,72.24,91.52,38.14,7.94,67.09,3.77,92.0,54.39,71.97,25.87,7.35,20.15,64.04,50.81,19.46,23.9,50.6,29.45,1.58,73.15,16.88,6.72,32.16,15.78,73.17,45.18,84.78,33.68,69.74
1986,106.9,0.84,2.97,1.61,0.3,14.8,32.99,7.0,0.0,0.72,45.59,21.5,28.42,30.22,12.11,10.61,0.16,27.69,12.83,61.57,53.37,80.54,13.4,1.93,36.28,2.02,77.07,23.15,58.89,14.48,6.44,1.7,49.93,32.21,6.61,4.54,32.73,15.91,0.91,46.58,4.13,1.84,9.06,8.62,55.64,15.55,71.16,18.29,38.52
1987,89.41,0.42,0.78,7.77,2.91,22.72,28.08,7.0,0.0,0.18,26.76,25.06,18.98,18.05,14.17,6.45,0.0,22.81,9.55,63.78,34.08,53.77,13.56,0.29,31.24,1.98,64.76,23.11,58.05,13.83,10.11,15.94,47.36,21.77,8.84,6.84,26.77,11.96,0.17,35.62,2.9,2.11,18.49,9.2,57.81,15.72,44.9,16.35,48.32
1988,111.05,2.49,7.57,3.84,3.28,32.47,37.66,10.0,0.0,1.42,49.09,35.96,39.09,38.69,17.69,17.05,1.09,31.36,16.61,62.53,56.24,80.07,21.09,4.25,41.05,5.15,80.86,33.77,62.04,20.66,4.82,13.53,51.26,40.74,13.23,7.59,39.76,18.93,1.08,55.67,10.53,3.24,25.43,16.46,55.03,14.89,68.17,28.47,54.41
1989,109.57,3.99,13.73,2.63,3.55,32.99,51.05,15.0,-999.0,2.46,59.07,38.63,43.7,39.0,24.68,22.28,4.96,43.76,19.72,84.88,72.39,87.43,28.18,7.87,50.83,7.23,95.64,42.48,75.89,34.81,7.17,15.37,63.36,46.34,10.77,8.61,50.44,34.55,2.66,64.09,15.48,8.08,25.94,19.45,69.16,19.84,82.58,29.21,55.2
1990,112.83,0.43,2.67,7.07,4.35,27.77,19.45,1.0,0.0,0.0,31.98,28.24,14.28,10.96,15.15,4.52,0.32,13.87,2.94,39.44,32.42,55.83,10.15,0.89,37.23,0.23,62.81,25.12,42.25,3.52,5.35,16.35,26.76,12.89,7.07,8.39,13.84,9.24,0.01,38.1,1.52,2.48,18.01,2.86,36.46,15.03,49.0,5.38,44.22
1991,99.13,0.34,1.76,2.85,0.89,27.68,23.24,1.0,0.0,0.33,55.24,24.57,34.39,25.58,18.98,6.41,0.16,20.01,4.1,54.72,53.91,82.92,22.43,0.49,36.14,0.61,77.54,33.07,54.93,6.68,4.76,8.98,40.37,26.91,8.84,3.33,28.14,9.49,0.09,50.94,2.66,1.2,23.27,5.37,46.88,11.58,76.29,12.61,47.92
1992,116.16,0.23,0.71,7.28,1.47,26.26,29.79,5.0,0.0,0.11,39.95,25.68,16.93,18.32,11.29,6.24,0.0,29.65,5.55,59.04,41.92,76.12,7.33,0.14,30.34,0.63,80.46,26.54,62.66,9.45,2.68,9.82,43.15,25.52,1.39,4.42,30.82,15.2,0.01,47.23,1.65,0.6,24.64,5.18,53.63,13.36,64.23,18.7,46.15
1993,84.47,0.55,2.65,1.12,4.31,28.27,36.12,13.0,0.0,0.25,66.76,43.27,39.89,37.09,29.99,14.25,0.0,35.03,13.01,64.93,59.28,91.16,28.16,0.24,50.26,1.84,93.11,52.5,64.71,17.4,4.41,16.91,54.29,40.16,12.46,16.99,37.31,24.42,0.08,71.12,4.11,1.39,21.36,11.04,61.49,32.43,73.98,21.72,64.92
1994,118.08,2.0,5.78,1.55,2.28,23.59,46.25,14.0,0.0,1.28,58.8,26.97,32.87,29.38,17.66,14.36,0.0,43.66,15.25,67.67,57.25,79.45,20.51,1.73,41.92,4.97,87.86,40.9,70.02,24.01,1.72,9.3,54.0,37.01,4.16,4.39,42.07,27.44,1.87,68.08,8.09,0.81,9.89,13.7,62.45,11.87,69.9,19.77,42.21
1995,103.98,1.21,3.72,1.42,1.15,20.99,35.45,12.0,0.0,0.3,64.64,17.96,42.25,40.46,22.93,21.23,0.0,29.16,13.06,70.33,69.29,94.22,29.93,0.62,45.92,2.75,102.74,44.3,67.42,17.75,3.56,3.03,58.79,51.36,8.69,6.21,45.09,17.14,0.12,70.24,9.84,1.38,7.03,16.94,61.08,12.89,86.82,37.82,40.14
1996,120.61,6.6,10.76,1.69,1.65,28.86,38.46,17.0,0.0,2.42,67.49,27.24,42.48,41.08,25.43,22.28,2.36,39.81,18.01,65.29,68.12,107.81,29.81,5.89,64.83,7.21,116.34,50.44,66.64,23.02,4.73,6.79,52.44,48.53,12.84,5.17,43.1,24.64,2.13,84.78,12.93,4.9,9.0,19.61,57.82,24.05,90.93,34.1,55.54
1997,101.88,1.21,6.01,5.55,1.44,33.35,23.95,5.0,0.0,0.3,60.92,23.22,34.45,29.16,22.71,13.14,0.95,22.53,7.82,64.57,51.72,96.22,25.0,2.43,45.09,2.82,97.38,41.36,63.06,9.06,10.02,7.86,49.02,34.04,5.77,3.29,24.95,9.09,0.01,67.27,7.02,4.03,18.28,10.97,60.19,13.33,72.94,18.92,60.28
1998,93.82,0.22,2.77,2.83,2.69,19.54,16.92,4.0,0.0,0.0,43.59,15.61,20.19,15.43,19.1,8.63,0.32,13.68,3.5,46.21,31.18,66.78,15.67,1.66,34.46,0.97,79.57,34.18,40.12,4.9,2.09,9.14,26.94,18.07,9.84,5.04,14.26,8.48,0.01,49.02,3.65,1.83,9.8,6.76,32.54,11.36,49.2,11.57,41.02
1999,121.73,1.7,3.33,1.2,1.51,16.25,26.29,6.0,0.0,0.7,39.31,15.68,23.34,21.52,7.93,10.63,0.0,24.58,9.3,43.19,41.07,56.75,14.6,1.7,21.02,2.0,62.08,18.7,48.8,10.6,1.46,3.39,46.4,29.65,6.3,2.79,32.46,13.97,0.15,33.87,3.56,0.34,4.53,10.77,51.24,5.14,52.09,22.79,26.26
2000,87.13,2.77,11.36,1.62,0.59,22.78,41.25,15.0,0.0,1.61,61.91,29.49,40.77,40.77,19.55,24.02,0.16,36.1,17.86,63.49,60.18,86.65,28.47,3.42,44.85,4.94,91.17,41.28,65.09,21.9,3.19,2.55,57.24,47.72,13.23,5.62,47.65,20.79,0.63,64.61,10.68,2.48,7.96,22.43,59.19,15.44,74.65,33.92,50.18
2001,105.67,0.87,3.59,3.84,1.61,25.22,24.18,4.0,0.0,0.19,53.7,35.16,27.09,22.91,16.9,9.61,0.16,20.97,4.37,65.68,45.02,78.96,18.16,1.09,42.88,1.05,87.64,33.88,58.0,7.38,6.13,10.68,42.26,31.58,11.46,6.62,27.18,7.4,0.0,60.82,4.55,1.95,18.73,6.25,53.15,12.47,60.54,19.58,53.08
2002,84.9,0.91,2.76,3.16,1.85,31.64,13.4,2.0,0.0,0.44,38.21,25.35,19.38,17.77,15.09,9.73,0.0,11.1,4.29,50.91,42.38,73.35,15.15,0.09,46.64,2.45,87.42,27.86,51.75,4.37,3.41,7.05,39.52,25.96,7.84,3.62,25.39,5.46,0.69,49.24,3.92,0.86,16.32,8.19,44.07,6.28,56.85,18.87,56.85
2003,88.49,1.43,5.28,1.65,1.2,21.13,48.53,13.0,0.0,0.24,56.47,13.78,37.68,39.53,18.91,18.66,0.0,44.31,18.96,77.41,66.52,88.66,24.09,1.1,49.44,3.47,103.17,35.09,74.56,26.55,1.61,4.38,64.57,52.33,12.3,3.54,53.99,31.92,0.93,58.39,6.79,1.11,10.14,18.84,73.45,6.99,73.97,32.73,49.03
2004,97.12,1.13,4.1,2.45,1.57,22.91,43.03,14.0,0.0,0.16,45.23,25.18,32.92,31.8,18.75,15.25,0.23,35.86,20.12,62.69,54.27,67.03,19.62,1.86,31.81,4.29,77.26,31.6,63.53,24.3,4.57,12.87,52.66,35.63,11.76,5.75,37.99,25.03,0.52,43.17,6.07,2.1,24.61,14.62,59.88,10.22,63.38,20.94,43.82
2005,97.35,0.25,2.0,1.7,1.44,23.17,39.81,12.0,0.0,0.45,51.66,30.43,32.93,31.86,22.42,8.54,0.0,32.95,14.85,67.0,68.84,78.05,19.82,0.09,44.19,3.27,77.57,37.09,69.32,17.28,3.18,11.9,59.06,43.79,9.07,7.78,39.32,21.8,0.54,48.78,3.02,1.35,13.0,13.56,67.27,16.44,77.36,25.02,38.45
2006,114.78,0.22,2.18,2.04,2.6,27.26,20.32,0.0,0.0,0.0,23.77,24.91,12.1,10.45,9.28,4.94,0.32,17.42,2.27,45.12,31.02,57.75,10.29,0.48,31.82,0.45,73.07,19.61,47.14,5.97,2.2,9.11,33.88,18.03,4.23,4.33,19.64,7.55,0.0,32.34,1.82,1.34,17.51,5.22,40.48,9.3,45.79,14.59,38.42
2007,110.84,0.0,4.52,4.09,2.36,38.65,38.94,8.0,0.0,0.01,67.62,33.26,38.73,31.41,31.69,15.35,0.47,40.35,14.24,69.2,69.6,91.51,26.67,0.46,46.69,0.57,87.2,50.45,74.49,18.62,8.88,12.34,59.42,41.89,21.15,7.07,42.54,20.47,0.0,66.89,4.43,3.87,27.49,12.82,70.08,17.47,80.77,29.52,57.57
2008,121.22,0.99,5.48,3.55,4.14,35.49,30.17,6.0,0.0,0.32,68.76,31.73,39.63,37.79,21.95,13.33,0.0,27.99,8.46,62.64,68.88,94.09,25.74,0.53,43.48,1.73,88.85,38.43,58.31,8.61,2.19,14.03,51.98,42.49,8.69,7.54,39.32,11.96,0.0,62.18,5.23,0.94,23.49,9.95,63.03,17.3,87.51,24.93,52.7
2009,112.04,1.14,4.88,2.97,2.01,33.05,43.34,-999.0,0.0,0.45,62.71,36.61,38.84,35.89,22.15,14.08,0.0,39.95,14.94,66.01,66.39,82.39,24.9,0.48,51.89,3.63,99.17,40.48,66.68,19.2,4.97,12.29,58.72,43.58,9.3,9.95,45.35,27.44,0.6,64.98,4.9,1.27,18.0,15.97,65.87,21.28,77.66,30.5,45.31
2010,103.41,4.73,9.58,2.73,1.6,25.09,33.88,11.0,0.0,1.6,76.49,20.26,52.37,50.67,23.91,32.41,0.71,28.96,18.8,42.83,64.35,88.95,34.48,4.67,54.46,7.45,103.77,47.05,58.41,17.64,3.44,9.99,60.87,58.59,10.15,5.07,50.26,14.37,0.29,75.4,17.61,2.12,17.65,30.16,61.18,11.97,76.83,52.4,47.49
2011,109.41,2.3,8.82,4.86,1.8,30.22,32.71,7.0,0.0,0.81,52.69,25.32,32.84,28.07,23.94,13.77,1.18,27.99,9.06,58.03,58.44,82.05,23.31,2.83,46.99,2.22,88.91,37.54,56.45,14.88,8.46,5.86,51.11,33.07,12.3,5.73,32.98,12.35,1.0,60.21,7.12,4.21,25.01,9.32,58.89,16.37,74.07,21.39,51.98
2012,121.19,0.13,1.59,2.63,1.29,19.16,14.18,1.0,0.0,0.06,34.45,19.27,17.25,14.6,10.41,5.76,0.0,12.39,4.02,43.3,31.32,63.94,9.41,0.05,37.09,0.7,72.67,21.45,41.03,5.0,1.86,6.37,33.23,18.64,4.0,2.95,17.92,7.01,0.01,40.36,1.57,0.65,12.51,5.08,41.0,8.25,51.69,13.85,39.34
2013,107.32,0.03,5.64,5.25,3.21,38.51,36.24,6.0,0.0,0.03,68.06,40.01,41.02,35.31,27.09,11.56,0.0,33.43,10.14,62.0,68.13,104.11,27.94,1.01,42.57,1.27,110.09,41.31,59.38,14.96,7.24,22.12,59.22,40.05,14.3,9.29,43.02,18.93,0.09,69.59,4.51,3.01,40.84,12.36,62.45,22.33,89.9,28.57,54.39
2014,84.08,4.46,10.56,0.7,0.73,31.6,46.47,13.0,0.0,2.35,71.12,31.44,53.45,49.85,32.34,20.63,1.01,41.94,19.91,67.42,84.13,102.3,33.98,4.86,51.63,6.22,101.51,48.93,71.05,25.94,6.4,3.75,69.86,51.98,19.53,7.43,54.94,24.74,2.86,69.77,13.14,4.36,13.76,19.95,75.53,23.71,99.88,31.98,48.65
2015,86.66,1.68,8.21,2.34,1.79,28.42,47.93,12.0,0.0,1.0,48.87,22.42,35.76,37.09,24.58,19.93,0.32,46.31,18.24,69.49,63.51,74.03,25.03,2.13,39.74,6.16,74.83,36.19,68.81,26.11,8.96,9.27,63.8,42.16,11.76,5.25,46.0,27.29,1.6,52.24,9.57,3.19,13.75,16.75,69.47,13.57,70.92,29.73,44.99
2016,78.01,0.59,3.37,2.35,1.66,25.37,26.04,10.0,0.0,0.47,46.53,29.78,30.66,29.61,15.59,16.38,0.0,22.67,13.74,48.29,49.95,71.58,18.61,0.65,35.91,5.78,68.99,27.61,49.86,14.11,3.44,10.63,44.96,32.42,6.3,8.53,32.44,11.81,0.06,49.42,7.05,1.08,20.32,15.15,45.23,16.81,63.04,25.17,42.32
2017,104.18,1.77,3.78,2.54,1.64,18.67,30.8,9.0,0.0,0.46,40.73,37.2,23.8,23.85,15.4,11.49,0.22,29.22,10.71,58.49,51.45,76.34,16.85,1.48,55.27,3.42,81.85,29.04,57.42,16.34,1.78,8.58,52.66,29.2,8.23,11.8,35.28,16.84,0.09,53.69,4.61,1.49,14.77,10.33,57.3,28.31,65.87,18.78,44.94
2018,91.93,3.18,7.73,1.73,1.47,21.95,27.68,8.0,-999.0,1.52,59.32,22.29,33.96,27.34,24.03,15.13,1.47,24.27,12.33,67.36,55.53,97.43,27.85,5.51,53.33,7.38,102.25,44.61,58.42,14.86,3.19,7.14,55.77,30.04,11.76,4.99,41.45,11.96,1.26,67.05,9.36,3.45,13.11,15.32,62.38,8.97,81.34,24.13,48.6
2019,78.26,0.03,2.54,6.41,2.58,31.75,33.65,5.0,-999.0,0.0,64.91,32.23,39.09,31.68,28.3,12.15,0.0,34.04,6.89,69.1,60.1,101.75,28.08,0.58,63.44,0.75,106.43,52.58,68.76,11.88,4.92,10.65,60.76,33.53,12.22,12.1,36.97,14.83,0.01,82.25,2.94,1.55,23.52,8.89,68.94,23.95,80.8,19.08,67.17
2020,110.24,0.34,1.08,1.25,0.84,28.91,16.95,-999.0,-999.0,0.13,43.68,22.44,19.65,17.6,12.13,5.26,0.0,14.32,2.43,45.6,37.27,86.49,13.44,0.01,41.44,0.77,84.78,26.99,45.99,3.8,2.12,3.32,36.74,16.0,4.3,3.02,18.8,5.54,0.11,52.3,1.95,0.78,14.88,5.21,41.32,8.28,58.54,12.09,51.44
2021,118.64,0.76,8.06,2.1,1.18,18.97,26.93,-999.0,0.0,0.17,46.3,24.92,30.98,27.26,16.86,13.16,2.28,23.68,4.96,55.3,44.27,71.97,19.26,2.98,39.36,0.35,69.09,29.55,56.72,8.8,3.78,7.32,51.06,28.89,12.23,5.53,27.76,8.33,0.01,46.41,6.21,6.73,10.89,6.13,64.46,14.65,62.54,18.25,41.94
2022,99.08,1.79,8.09,1.69,1.55,32.21,32.59,9.0,0.0,1.2,58.96,45.38,42.43,36.88,23.05,15.02,0.48,27.75,10.12,54.4,62.45,98.73,25.83,2.44,59.32,2.97,107.23,38.13,55.07,17.47,3.06,10.79,56.32,39.08,14.76,10.95,42.23,15.45,1.4,61.04,7.52,3.55,17.69,12.62,57.1,33.72,78.07,27.14,58.86
2023,105.75,0.0,2.15,3.36,1.92,28.75,8.91,0.0,0.0,0.01,36.0,29.22,14.36,9.88,11.1,1.61,0.0,7.96,1.68,38.83,27.1,70.33,6.76,0.44,42.93,0.25,99.4,28.83,38.23,1.78,3.17,12.29,27.52,8.93,3.0,3.28,12.13,1.59,0.01,58.99,0.86,1.95,21.27,2.12,33.4,11.23,49.66,8.38,60.0
2024,94.93,2.06,4.51,1.86,1.08,19.29,20.07,6.0,0.0,0.49,34.72,21.87,20.1,19.47,12.97,9.75,0.79,16.84,6.57,32.79,32.67,66.21,12.98,2.53,39.37,0.94,78.59,25.84,42.03,8.87,1.41,3.34,39.83,21.36,5.0,4.37,24.95,7.62,0.0,51.29,5.95,3.01,6.41,7.11,46.52,15.19,48.45,18.28,30.19
