Year,AK,HI,PR,AL,AR,AZ,CA,CO,CT,DE,FL,GA,IA,ID,IL,IN,KS,KY,LA,MA,MD,ME,MI,MN,MO,MS,MT,NC,ND,NE,NH,NJ,NM,NV,NY,OH,OK,OR,PA,RI,SC,SD,TN,TX,UT,VA,VT,WA,WI,WV,WY
1930,131.67,-999,-999,5.8,12.2,46.06,12.59,109.55,47.39,20.98,0.0,2.68,69.48,71.65,48.22,42.54,50.52,31.29,3.34,47.43,54.13,101.08,78.95,108.19,38.43,4.55,88.98,22.49,121.35,70.76,88.87,39.62,76.4,82.86,72.96,44.83,22.85,31.28,52.35,53.0,3.95,91.58,21.03,12.88,84.81,35.94,77.94,31.03,92.52,47.3,-999
1931,118.16,-999,-999,1.87,3.49,44.14,10.32,101.21,45.92,8.36,0.0,1.4,39.46,76.47,16.9,14.46,30.31,9.22,0.04,46.06,25.6,79.41,50.42,77.88,11.12,1.29,85.33,9.75,104.07,58.33,81.01,26.5,55.54,74.51,57.43,20.87,5.76,23.96,37.1,41.0,2.44,82.64,7.59,2.94,79.24,14.09,80.93,19.44,55.31,27.58,-999
1932,123.21,-999,-999,2.92,10.61,43.57,17.33,107.25,40.78,19.98,0.0,2.11,78.43,87.25,46.45,37.39,58.09,20.38,1.29,43.5,26.33,94.15,67.46,120.86,38.44,3.91,92.63,9.75,128.41,86.45,89.05,27.42,75.16,90.59,63.31,36.3,22.67,28.41,43.46,37.0,2.19,105.39,14.28,10.08,83.9,20.0,77.92,33.03,93.07,30.76,-999
1933,128.41,-999,-999,2.59,8.69,45.74,16.2,96.79,40.78,21.83,0.0,2.78,64.32,77.89,33.36,28.5,40.05,20.13,1.64,43.17,26.69,105.39,72.81,115.91,23.74,3.43,88.67,11.25,126.87,67.24,96.86,29.93,64.05,89.68,67.55,31.14,10.22,20.78,43.27,39.0,4.41,92.4,13.46,6.3,81.26,19.54,90.37,20.84,91.74,33.1,-999
1934,115.54,-999,-999,5.51,9.3,27.85,5.15,80.39,65.1,39.43,0.43,6.93,73.84,33.77,43.54,42.18,37.87,26.79,0.52,70.15,45.76,101.78,81.16,105.17,30.53,4.39,66.75,21.18,112.33,66.39,99.6,51.71,51.6,40.29,82.75,53.5,13.73,6.85,66.14,71.0,9.3,88.66,18.18,4.93,45.66,34.97,91.02,6.35,91.42,49.73,-999
1935,129.55,-999,-999,8.48,12.02,33.64,12.95,94.44,59.12,35.1,0.0,6.27,62.35,81.38,41.94,42.46,32.1,27.42,1.91,59.12,39.93,103.24,79.03,111.54,26.19,8.4,103.2,25.48,137.49,59.28,94.06,45.05,50.2,73.32,75.97,46.26,13.95,24.03,55.29,57.0,14.31,93.6,24.04,4.98,72.75,32.44,89.78,23.38,90.73,42.16,-999
1936,114.72,-999,-999,7.36,19.09,34.27,11.21,102.36,61.69,36.95,0.0,6.32,90.41,92.87,56.3,49.58,57.38,32.98,2.25,61.65,45.01,99.15,85.3,131.12,43.46,8.89,102.99,18.84,133.14,87.75,93.56,47.37,68.47,72.54,76.88,53.91,32.69,29.78,62.31,58.0,8.34,110.75,22.81,12.56,70.1,33.48,89.93,36.51,108.99,48.31,-999
1937,118.05,-999,-999,4.42,10.0,38.55,15.17,103.85,35.95,15.47,0.13,4.93,95.09,81.73,58.26,47.31,62.8,23.96,0.78,38.77,26.46,96.99,84.12,127.69,47.14,4.88,99.09,14.17,133.34,86.87,96.7,24.61,71.92,62.96,68.3,44.59,25.88,27.68,47.22,38.0,6.38,112.05,15.07,9.74,69.02,22.71,73.75,34.75,108.53,36.92,-999
1938,112.75,-999,-999,4.26,11.39,31.56,10.27,95.89,53.25,22.2,0.0,3.01,66.28,64.91,34.52,30.98,44.56,22.48,0.53,55.26,29.25,96.15,69.95,109.94,27.56,4.04,89.14,10.91,122.08,70.11,87.47,35.29,63.46,69.4,69.71,35.98,18.37,18.09,46.28,59.0,4.53,94.21,15.47,7.44,61.13,21.11,76.64,18.31,83.78,37.47,-999
1939,124.45,-999,-999,1.17,6.19,33.03,9.46,100.16,54.28,22.01,0.0,0.95,70.6,68.73,36.99,29.93,41.42,14.26,0.0,57.11,28.8,113.48,74.16,112.98,27.48,0.46,84.45,9.65,119.94,70.41,110.14,34.74,70.39,72.09,79.17,36.53,16.93,16.75,45.2,52.0,1.66,93.0,7.81,6.27,71.68,17.0,100.22,12.7,87.85,37.84,-999
1940,109.51,-999,-999,13.35,22.56,21.02,6.69,84.89,74.06,40.76,1.21,11.23,81.0,56.37,51.43,46.81,51.88,35.14,6.54,68.74,41.16,107.49,90.95,111.63,46.56,16.07,90.5,25.07,122.77,72.26,101.84,51.59,59.79,45.49,88.78,55.01,27.31,16.59,61.89,63.0,14.64,96.71,31.34,13.1,51.57,35.97,99.68,17.23,96.4,54.8,-999
1941,110.16,-999,-999,0.88,5.62,17.83,6.25,82.25,66.54,21.94,0.0,1.76,62.22,54.8,36.63,35.81,32.83,22.77,0.0,58.9,32.05,95.11,74.84,98.52,26.47,0.96,85.57,18.32,116.22,61.97,95.63,41.28,46.09,44.26,84.23,44.7,5.48,11.97,58.92,51.0,2.92,86.83,16.17,1.93,45.48,34.91,91.99,11.03,84.45,50.86,-999
1942,119.5,-999,-999,6.32,11.41,27.45,10.56,100.22,50.49,26.13,0.0,4.48,66.31,78.29,41.48,41.25,39.17,24.83,1.61,46.34,31.44,93.0,74.19,102.12,30.44,5.94,94.22,20.2,126.51,64.61,83.56,39.08,64.45,74.82,65.43,45.97,18.5,23.27,52.7,47.0,6.7,89.3,20.89,8.52,71.95,33.62,77.92,20.84,83.07,48.76,-999
1943,107.61,-999,-999,9.51,17.81,23.78,9.0,93.81,66.47,31.92,0.07,7.2,85.63,71.2,54.9,52.61,54.03,32.46,3.01,63.06,37.62,113.48,96.76,120.75,41.65,9.86,96.41,21.54,120.15,79.02,101.77,46.83,66.73,64.55,87.46,56.36,24.22,25.02,64.74,60.0,9.72,99.78,25.83,11.9,58.73,34.4,99.69,27.64,109.05,53.69,-999
1944,104.27,-999,-999,3.35,10.46,29.54,9.66,101.76,63.97,23.71,0.0,2.59,69.65,87.25,47.04,45.4,43.0,23.39,0.39,61.93,29.21,99.89,81.78,103.9,32.9,2.9,101.65,14.37,128.14,76.71,99.93,42.44,72.38,81.31,80.48,51.56,15.79,24.81,62.94,53.0,3.78,101.46,13.99,6.83,75.02,29.05,93.8,24.1,87.1,46.78,-999
1945,123.33,-999,-999,5.96,9.8,38.03,7.88,97.08,63.8,33.95,0.0,3.13,75.41,69.61,47.44,45.01,48.84,26.56,1.63,63.55,32.64,101.74,79.92,105.65,35.2,5.02,96.36,15.52,121.95,74.29,89.27,46.58,63.68,63.42,77.47,52.5,19.68,17.14,60.57,61.0,5.38,96.35,16.6,5.47,70.01,29.36,86.94,14.59,90.61,39.37,-999
1946,137.49,-999,-999,1.9,6.83,31.65,10.49,88.43,57.46,22.9,0.0,0.93,61.23,66.09,33.88,33.73,32.47,19.69,0.07,53.44,21.23,94.85,71.42,100.57,21.66,1.72,84.51,9.16,115.24,60.91,84.77,34.28,49.93,62.44,66.66,40.27,12.84,15.84,49.11,59.0,2.12,87.25,12.85,5.81,58.92,20.27,74.23,18.77,78.8,34.01,-999
1947,112.59,-999,-999,6.85,15.75,41.18,9.62,99.48,61.71,20.61,0.24,3.67,79.22,66.91,50.65,51.37,49.75,38.53,1.7,56.76,31.23,109.99,90.23,121.21,36.54,4.98,90.13,16.06,126.75,76.32,103.79,39.43,73.65,67.29,81.15,55.08,24.35,18.1,63.07,77.0,6.85,102.92,26.1,9.65,66.89,30.93,101.21,20.14,100.93,54.9,-999
1948,139.62,-999,-999,6.55,17.62,36.44,14.36,106.52,61.59,34.4,0.16,2.87,77.27,83.51,52.14,47.79,56.88,32.39,3.86,58.09,36.37,100.69,75.93,115.7,44.5,8.92,105.04,17.14,129.86,87.16,91.91,47.62,71.08,91.9,72.41,49.67,31.55,28.39,54.76,56.0,7.08,108.17,20.28,12.67,84.24,29.69,83.06,30.18,92.94,43.14,-999
1949,120.39,-999,-999,1.68,9.14,34.43,15.56,98.36,48.57,6.89,0.0,0.53,80.64,76.94,41.87,31.69,54.8,17.99,2.0,39.96,15.69,90.74,69.98,107.87,31.96,2.95,103.36,5.34,115.74,85.62,75.8,24.67,54.83,81.93,65.19,33.69,25.13,38.9,41.28,37.0,0.62,99.55,11.19,10.44,79.19,16.54,76.33,40.31,94.76,28.18,-999
1950,126.06,-999,-999,5.86,12.37,27.43,9.36,90.47,45.54,20.37,0.18,3.51,99.95,61.97,66.63,55.27,64.0,30.71,1.18,46.34,26.84,99.47,95.36,132.04,51.93,4.25,102.75,14.37,140.46,93.38,89.39,34.62,50.21,49.31,77.48,58.48,30.68,23.94,55.17,46.0,5.28,119.27,20.77,11.47,60.82,28.05,88.1,32.59,113.88,46.71,-999
1951,131.54,-999,-999,9.85,18.36,33.21,11.43,104.02,48.11,23.16,0.0,5.23,90.38,80.38,55.06,49.45,63.9,29.67,5.1,46.01,28.66,87.78,78.44,121.05,46.59,8.76,120.75,19.24,136.18,96.3,82.8,31.42,62.64,63.38,67.19,52.19,29.98,23.58,52.63,44.0,9.59,117.38,23.05,15.24,77.0,32.81,77.19,29.47,104.75,48.24,-999
1952,124.25,-999,-999,2.73,5.77,32.53,14.03,103.62,38.94,6.01,0.0,1.46,67.53,88.24,32.83,27.9,50.76,11.07,0.29,36.72,17.38,87.78,65.79,111.51,25.68,1.1,105.62,9.77,129.68,80.37,80.01,22.41,62.55,70.04,58.38,32.2,16.8,29.56,38.09,38.0,3.37,111.04,13.33,4.82,79.18,14.65,69.29,27.57,93.34,31.31,-999
1953,122.5,-999,-999,3.6,7.86,33.93,8.12,90.08,33.17,5.43,0.0,2.56,65.57,44.89,33.3,30.21,31.81,13.16,0.36,27.93,12.15,71.16,53.83,103.29,20.9,2.26,74.11,11.51,108.73,59.26,65.99,21.13,56.68,62.87,49.88,30.98,11.43,11.08,30.38,33.0,3.32,89.64,11.75,6.32,62.39,15.77,57.5,5.29,81.25,34.75,-999
1954,135.41,-999,-999,3.32,7.85,28.42,10.67,84.41,41.58,19.23,0.0,1.37,64.76,64.05,32.54,31.96,42.55,15.46,0.55,41.18,26.25,90.82,70.36,98.04,27.83,1.36,87.62,17.12,98.17,63.9,84.68,37.51,50.25,66.46,69.74,36.27,19.23,24.15,48.61,39.0,4.14,85.26,15.34,5.78,61.25,26.76,89.13,19.79,83.7,40.04,-999
1955,139.91,-999,-999,10.47,15.11,36.34,15.3,109.85,62.79,27.28,0.0,5.02,94.37,91.11,59.8,57.14,66.09,34.13,1.54,54.82,37.54,102.8,83.06,127.52,46.7,7.69,119.88,23.78,135.71,100.44,95.2,43.29,60.67,88.48,80.38,53.04,31.12,26.69,59.32,60.0,9.24,119.27,26.66,10.09,92.27,39.39,94.99,32.86,108.1,58.01,-999
1956,142.97,-999,-999,4.39,6.66,37.42,14.0,104.37,47.28,17.06,0.0,1.48,83.69,76.73,43.08,39.15,55.02,16.1,0.51,46.25,23.43,104.51,83.52,120.22,37.59,2.7,99.11,10.33,127.49,81.18,91.84,30.32,62.17,80.86,76.2,42.1,23.45,27.77,50.44,38.0,3.3,103.62,13.5,7.34,78.63,22.97,90.61,28.16,104.31,38.74,-999
1957,112.38,-999,-999,5.55,7.22,17.48,11.7,89.99,43.33,15.91,0.22,5.05,72.32,68.53,38.88,40.42,43.03,17.83,1.44,43.27,22.64,90.87,79.63,111.46,30.99,4.04,92.1,11.42,119.21,76.9,84.82,28.96,40.05,67.95,66.63,42.46,17.48,28.15,47.7,45.0,6.01,97.04,12.43,5.22,56.51,21.58,85.19,25.52,96.1,34.16,-999
1958,123.7,-999,-999,16.99,17.65,26.47,6.18,93.52,62.51,40.76,0.15,9.88,72.42,54.44,54.89,58.1,54.88,46.8,2.42,57.77,46.05,82.44,78.75,101.99,46.69,11.18,90.44,31.82,116.29,82.89,83.46,49.8,54.99,62.8,78.62,57.9,28.6,14.35,64.77,56.0,18.13,98.84,38.68,7.84,59.1,44.24,85.26,9.36,90.21,58.11,-999
1959,131.62,-999,-999,9.99,17.19,29.08,12.03,98.66,57.46,22.72,0.09,6.87,79.92,72.73,48.92,46.11,53.45,28.64,2.12,55.76,30.81,104.94,84.68,113.3,41.47,8.28,94.11,17.67,121.65,80.93,90.96,39.48,62.38,76.26,80.52,50.19,28.64,25.91,58.93,56.0,9.8,100.24,25.67,11.15,64.57,32.72,91.27,20.11,102.73,47.94,-999
1960,121.11,-999,-999,14.07,16.48,35.5,10.55,103.6,64.52,32.05,0.01,9.96,96.23,78.87,67.38,68.01,62.04,43.89,1.95,54.43,46.2,97.24,87.37,119.73,55.69,8.51,100.53,31.3,129.13,92.68,95.53,46.14,65.02,69.72,86.6,70.26,31.35,27.79,72.44,65.0,17.73,111.48,34.33,9.19,69.88,51.55,92.21,27.26,107.43,62.65,-999
1961,132.3,-999,-999,9.81,14.86,29.86,10.46,97.72,57.63,26.66,0.0,4.62,69.64,64.88,42.15,40.34,48.73,26.35,1.38,57.74,34.5,99.26,66.99,101.67,37.01,8.56,91.37,19.82,121.77,79.67,84.74,40.25,59.94,69.9,72.42,46.0,24.93,19.41,53.64,50.0,8.18,97.49,23.54,7.81,71.87,32.47,78.41,18.71,82.91,42.43,-999
1962,122.21,-999,-999,10.9,13.92,28.54,11.26,90.68,69.36,33.07,0.98,7.08,82.0,67.78,57.19,53.64,52.55,30.95,6.82,68.48,39.5,105.49,84.59,101.25,47.3,9.06,79.01,19.0,109.8,77.72,93.86,46.28,52.99,70.93,87.78,58.47,30.53,24.26,70.24,58.0,9.14,92.22,21.11,12.59,68.71,34.42,90.92,20.37,93.23,48.19,-999
1963,118.61,-999,-999,20.19,31.07,32.47,10.54,91.37,64.14,39.74,0.18,11.38,79.49,69.12,64.28,63.52,60.68,48.67,10.7,66.42,49.64,107.83,87.86,101.83,54.12,21.84,85.07,33.9,113.01,78.15,91.29,52.58,63.54,67.33,80.78,64.3,43.1,23.96,66.76,60.0,17.0,91.07,46.93,17.56,73.73,47.68,94.99,22.31,95.72,59.96,-999
1964,135.28,-999,-999,9.66,18.37,43.55,12.55,112.26,51.39,23.34,0.0,6.24,80.86,88.95,50.05,54.42,56.83,34.71,3.82,53.49,31.84,105.95,81.09,114.84,42.31,9.72,105.98,17.76,128.19,95.03,92.41,39.46,75.62,81.83,78.54,55.21,29.36,27.05,62.22,52.0,7.54,111.42,28.86,10.05,87.82,31.3,91.03,20.84,98.94,51.9,-999
1965,130.24,-999,-999,10.35,13.35,23.54,9.99,91.11,52.22,26.71,0.0,5.91,83.97,61.42,50.78,48.7,53.93,34.52,1.76,60.52,35.96,108.44,78.24,116.19,41.54,10.05,99.42,21.51,126.96,85.02,94.39,42.34,55.22,62.7,77.16,48.67,27.15,20.79,60.33,65.0,5.95,103.57,26.98,6.97,61.58,34.64,91.99,17.31,95.92,51.89,-999
1966,139.49,-999,-999,9.97,16.13,34.65,9.89,102.56,50.11,27.41,0.32,7.48,84.0,70.52,54.15,54.25,61.74,37.51,3.26,57.99,37.45,94.97,79.94,112.05,52.35,8.67,104.5,22.43,128.72,87.99,89.87,41.28,69.65,68.54,74.02,54.29,35.17,16.26,62.63,46.0,10.1,103.71,29.71,16.33,76.87,42.21,89.95,12.72,93.83,58.63,-999
1967,125.12,-999,-999,6.18,13.83,36.26,11.61,96.19,50.57,27.36,0.1,3.91,75.62,64.95,49.54,54.02,50.1,35.01,0.53,61.52,33.44,117.38,78.37,114.98,38.83,7.45,96.78,17.32,126.14,80.74,99.66,39.97,65.67,67.42,76.22,54.92,24.45,15.88,55.18,56.0,3.94,99.35,25.02,9.09,71.17,36.93,88.51,14.01,96.61,49.8,-999
1968,133.99,-999,-999,14.26,16.42,34.9,10.76,106.02,64.6,40.05,0.09,9.48,77.34,69.61,55.02,58.56,58.35,45.14,1.65,66.8,46.23,98.04,78.51,102.76,48.66,11.18,92.93,32.03,112.08,81.25,92.67,51.99,60.83,59.81,79.88,63.53,29.72,20.2,65.17,60.0,11.98,97.09,40.58,6.81,67.08,51.7,87.45,19.4,89.04,66.32,-999
1969,116.76,-999,-999,8.87,8.67,27.97,11.37,96.3,60.3,25.38,0.0,5.01,87.97,77.93,53.73,58.09,45.82,30.17,0.86,60.68,32.79,104.62,83.45,116.16,39.58,7.1,111.56,23.01,126.22,85.46,101.46,42.56,57.07,64.61,88.1,64.16,18.84,28.57,64.57,61.0,9.81,106.7,26.72,5.62,65.53,40.27,93.45,30.94,105.13,65.91,-999
1970,121.57,-999,-999,15.84,18.34,34.37,8.09,101.35,73.97,37.94,0.43,12.29,82.78,63.05,56.62,57.48,57.83,35.67,3.19,77.2,37.38,107.15,91.33,124.03,45.54,12.5,106.22,28.15,131.04,89.05,107.74,48.09,65.42,65.03,90.57,60.49,29.51,21.38,63.62,70.0,15.78,107.96,29.44,8.94,58.89,37.88,102.0,20.96,102.62,47.81,-999
1971,139.5,-999,-999,8.35,11.13,41.33,14.48,97.49,43.31,25.82,0.34,6.59,76.2,74.91,47.17,48.83,46.28,28.69,1.13,59.0,28.3,118.11,84.04,114.78,37.26,6.55,100.05,17.44,123.58,78.42,99.9,35.28,63.88,72.65,80.18,50.29,22.34,25.14,57.18,50.0,6.21,104.57,24.06,7.19,72.91,32.35,94.31,27.18,100.2,48.9,-999
1972,144.66,-999,-999,6.5,12.43,33.39,14.94,94.16,66.1,24.15,0.0,3.69,85.98,67.1,54.07,48.74,55.32,27.24,2.75,54.96,21.75,126.99,89.49,123.49,41.27,6.99,95.72,14.3,127.96,81.75,101.09,34.82,65.29,62.21,82.99,48.94,31.26,30.91,54.64,47.0,5.83,101.31,20.96,12.55,61.55,25.48,96.87,30.22,108.44,42.87,-999
1973,129.97,-999,-999,9.12,10.95,29.7,6.98,95.62,36.99,22.9,0.0,5.01,57.43,65.08,37.66,37.38,38.84,25.38,1.68,41.05,25.29,89.25,62.16,90.61,33.02,6.14,87.09,19.97,106.6,58.4,74.56,29.97,66.61,52.29,59.72,39.86,22.39,17.6,44.73,37.0,8.62,76.75,22.58,9.76,67.41,27.53,64.24,15.51,73.33,39.66,-999
1974,124.63,-999,-999,5.55,8.15,32.91,10.27,95.48,47.92,13.31,0.0,2.99,65.27,58.96,37.02,37.77,43.4,16.95,0.07,52.76,14.97,111.19,72.65,107.97,32.73,2.76,76.72,9.54,123.93,68.4,95.44,31.54,72.97,60.99,74.8,41.08,24.72,22.14,47.0,49.0,2.45,87.85,13.19,8.59,69.31,18.6,83.82,16.75,86.33,31.8,-999
1975,133.55,-999,-999,9.15,10.57,32.83,11.31,108.08,49.85,13.49,0.0,4.53,85.21,74.67,42.54,34.06,52.91,20.27,1.44,51.26,16.65,103.84,78.53,119.15,35.88,5.27,108.11,12.07,125.69,90.18,92.89,28.86,71.52,68.47,77.46,35.28,21.98,21.96,48.32,42.0,4.38,108.52,19.58,7.47,75.8,21.85,79.48,26.6,104.86,36.85,-999
1976,120.28,-999,-999,17.09,16.46,34.44,14.47,104.58,67.19,34.22,0.16,9.5,82.71,84.57,65.83,64.06,56.31,41.82,3.15,71.76,37.66,115.68,94.23,117.48,49.84,10.73,87.28,27.46,126.07,82.21,113.51,51.04,74.02,84.69,90.16,65.37,31.91,27.47,70.49,67.0,13.1,96.97,36.51,12.17,82.76,37.77,97.69,21.92,108.71,63.78,-999
1977,116.98,-999,-999,22.75,25.15,26.18,10.42,99.28,59.74,44.7,1.01,16.0,79.98,73.34,66.68,63.99,58.54,46.01,6.76,58.42,49.14,96.66,86.86,102.64,51.48,17.86,88.81,40.45,112.93,81.93,91.49,50.77,65.92,66.87,76.0,64.88,32.93,26.24,65.31,55.0,25.79,92.59,45.36,11.44,65.04,46.18,82.02,22.44,92.98,61.78,-999
1978,119.01,-999,-999,14.51,30.81,19.13,8.83,95.95,77.91,49.7,0.23,9.37,96.09,64.46,74.06,70.39,71.97,51.08,3.87,72.83,48.3,123.55,97.12,119.57,62.47,16.19,111.51,31.74,127.57,99.33,116.25,54.59,58.8,49.04,92.92,69.97,45.38,24.67,72.11,70.0,14.04,113.09,47.35,15.93,49.74,45.42,105.15,27.15,112.93,58.17,-999
1979,111.69,-999,-999,16.61,27.5,31.63,9.7,104.06,49.29,25.87,0.18,9.69,88.17,78.92,66.93,62.46,62.0,45.13,6.14,41.68,34.94,80.63,82.35,114.79,61.88,15.11,105.69,25.46,137.86,87.43,69.79,40.87,70.98,62.09,66.58,57.85,37.8,28.92,57.22,49.0,12.61,112.47,34.95,16.19,74.76,39.43,71.25,31.7,102.76,60.67,-999
1980,121.37,-999,-999,11.62,17.9,19.19,6.93,88.0,67.53,31.61,0.09,7.43,77.76,59.19,56.52,59.15,50.7,34.42,1.54,75.21,38.41,115.41,88.13,111.78,49.18,9.87,86.83,25.92,118.71,77.2,102.4,52.22,56.45,49.41,87.41,60.38,26.09,20.47,69.48,63.0,11.39,97.62,26.33,7.94,53.53,36.89,95.04,22.49,99.72,56.62,-999
1981,108.29,-999,-999,14.58,17.03,17.13,4.61,78.1,50.49,29.84,1.27,12.14,68.88,44.83,50.94,53.14,46.6,35.87,3.7,57.04,40.77,90.78,75.71,92.44,41.58,14.51,75.63,32.27,98.05,70.22,79.5,45.7,55.05,40.03,70.09,52.15,23.08,12.43,59.93,56.0,17.17,82.97,32.11,4.63,47.19,43.55,77.6,11.31,85.94,62.14,-999
1982,136.06,-999,-999,9.07,18.5,20.72,11.16,94.68,56.98,26.97,0.64,5.68,79.49,77.62,60.45,53.62,59.37,30.63,4.64,69.8,34.31,107.34,85.21,108.29,49.71,11.38,104.21,17.89,122.16,89.51,96.91,44.94,58.34,61.36,80.5,55.89,33.63,27.16,58.5,51.0,8.77,102.51,22.96,11.42,67.4,35.05,92.47,27.43,96.99,48.55,-999
1983,121.52,-999,-999,8.46,16.28,17.41,5.28,87.57,39.11,18.26,1.32,6.21,66.02,48.19,41.99,39.67,50.76,23.29,6.25,47.25,21.96,86.7,69.5,94.71,33.83,9.84,82.8,16.15,98.96,72.7,72.29,32.09,55.78,33.43,61.54,40.38,18.95,17.0,47.76,37.0,7.85,87.24,20.01,12.98,46.62,28.57,73.2,18.25,80.77,41.85,-999
1984,117.97,-999,-999,10.69,13.69,28.23,9.66,98.76,43.87,24.54,0.01,4.92,67.49,86.32,48.37,46.21,40.01,26.61,2.73,52.07,28.54,96.05,73.46,100.92,33.03,10.01,85.48,17.97,103.23,70.32,83.68,36.5,59.47,62.59,67.91,47.71,15.55,21.81,57.31,46.0,7.68,87.18,21.98,6.56,76.99,33.87,76.18,23.08,87.37,44.61,-999
1985,128.12,-999,-999,16.79,24.6,23.3,13.68,94.34,59.25,31.17,1.91,11.23,86.88,111.99,68.4,62.17,62.65,46.36,6.54,63.3,37.06,111.9,85.91,111.4,58.2,18.52,107.57,27.1,119.42,90.53,91.01,46.13,61.65,79.0,77.5,61.69,34.5,46.05,67.5,56.0,14.52,103.96,39.13,13.95,72.63,40.56,89.63,46.56,96.15,54.66,-999
1986,122.75,-999,-999,6.74,11.41,19.74,3.27,75.82,46.0,21.13,0.34,4.48,64.53,53.49,47.3,45.14,37.83,33.95,0.35,56.04,31.5,108.5,71.97,101.56,35.81,8.31,72.32,17.94,107.25,60.12,85.86,35.8,48.05,48.65,66.74,43.42,17.48,13.33,53.79,51.0,5.48,81.94,24.62,4.8,47.38,32.27,81.44,14.05,87.14,43.41,-999
1987,104.74,-999,-999,6.06,5.35,30.55,10.34,87.94,33.13,15.73,0.0,1.88,51.04,66.43,32.64,26.43,33.36,19.28,0.07,58.14,23.42,96.58,59.21,83.66,27.48,2.5,78.32,12.11,94.42,59.81,87.04,32.83,65.24,62.41,65.66,30.35,14.9,22.65,49.52,55.0,1.94,74.67,11.73,6.35,61.33,28.83,69.92,18.1,70.28,33.61,-999
1988,123.63,-999,-999,9.93,17.43,30.94,10.43,103.9,59.04,29.26,0.0,5.75,80.22,73.19,61.73,53.53,56.0,39.63,2.11,61.05,35.61,101.65,82.31,111.09,54.05,9.39,84.84,29.88,120.93,82.95,88.73,40.92,72.45,70.02,75.66,55.12,26.83,20.47,62.6,54.0,13.14,96.76,33.21,9.59,75.19,46.52,85.14,18.61,95.25,55.63,-999
1989,123.12,-999,-999,12.37,23.19,31.79,15.2,100.78,65.44,30.59,1.05,5.93,92.05,74.94,66.5,54.79,63.26,35.98,5.88,79.34,39.36,114.75,98.01,122.94,55.64,13.5,92.1,20.41,129.07,93.36,101.63,57.88,67.71,80.6,89.21,59.09,35.48,28.23,73.97,71.0,8.71,104.98,28.79,17.12,76.45,41.73,99.76,22.07,109.77,56.38,-999
1990,127.22,-999,-999,1.99,7.07,35.33,13.49,88.44,25.0,6.84,0.0,0.88,66.89,70.27,29.81,22.49,40.9,13.3,1.34,36.25,11.69,92.3,64.45,105.46,24.02,1.78,81.82,5.22,115.26,71.22,76.28,16.96,64.23,75.35,51.32,21.16,17.64,26.25,34.68,28.0,0.52,86.8,10.2,7.7,67.0,13.17,71.09,21.81,88.24,29.06,-999
1991,114.09,-999,-999,4.75,8.96,26.72,8.8,99.44,41.49,10.39,0.0,2.21,74.72,66.67,47.21,40.88,45.3,23.07,0.02,47.49,22.89,91.76,73.02,106.18,36.17,2.98,83.95,12.95,112.66,70.23,77.84,27.4,57.79,69.55,66.13,42.78,16.78,20.78,50.15,46.0,3.72,89.88,18.8,3.35,69.16,26.88,76.95,16.61,94.16,40.98,-999
1992,131.73,-999,-999,4.56,5.23,26.77,8.07,89.94,49.58,13.57,0.0,1.33,51.49,58.06,29.51,27.99,31.9,19.04,0.29,60.66,18.53,107.81,64.29,86.57,22.32,1.94,78.08,9.9,103.05,55.33,95.19,33.65,63.28,61.03,69.61,38.2,10.35,14.97,51.17,53.0,1.27,79.77,11.53,3.86,68.5,27.76,90.21,13.16,73.36,46.64,-999
1993,98.87,-999,-999,6.19,8.6,21.27,12.59,99.29,44.3,17.24,0.0,2.51,77.8,89.33,50.32,43.45,58.9,26.97,0.29,66.01,29.44,104.53,78.24,106.36,43.75,3.65,93.89,13.7,120.39,86.56,96.36,38.68,59.22,72.27,76.31,43.1,21.84,32.45,48.16,57.0,3.51,99.56,18.49,5.64,67.8,36.07,91.81,33.0,90.42,48.67,-999
1994,123.08,-999,-999,8.34,12.99,29.39,10.11,90.15,58.66,27.28,0.0,4.67,77.33,67.28,44.15,38.97,52.77,23.84,1.33,64.88,29.17,101.34,82.61,100.89,32.32,6.19,90.19,15.56,114.56,78.0,89.13,42.21,60.36,66.55,79.27,45.24,23.9,20.9,58.42,58.0,6.97,97.89,19.28,6.76,57.88,30.61,88.87,14.07,91.0,45.68,-999
1995,115.91,-999,-999,9.53,11.7,20.98,4.59,79.15,-999.0,17.82,0.11,4.47,81.55,49.89,63.94,58.2,50.67,33.01,1.07,55.68,25.38,99.01,86.26,109.83,41.27,7.19,87.96,20.8,119.96,74.38,90.2,39.64,45.89,37.35,72.07,65.1,18.88,15.89,61.39,51.0,7.75,92.36,26.93,3.92,41.15,35.35,77.86,16.91,99.7,54.13,-999
1996,136.19,-999,-999,15.55,22.39,25.96,4.58,92.14,80.72,33.38,0.4,7.65,87.69,58.14,64.12,59.61,65.87,40.11,7.42,53.22,38.89,89.22,90.17,123.81,49.6,12.78,101.89,23.1,132.73,91.17,82.81,43.03,58.91,49.25,75.21,60.74,34.12,16.19,60.5,52.0,9.75,111.49,29.35,14.69,51.32,44.74,84.56,25.73,107.4,62.56,-999
1997,114.56,-999,-999,7.25,11.92,29.41,6.72,99.66,52.45,10.39,0.0,2.61,76.01,66.17,43.31,36.84,49.45,21.35,1.49,49.92,17.36,107.39,76.4,106.75,28.16,5.78,89.73,12.54,124.33,80.28,89.63,25.76,62.59,60.9,68.76,38.99,19.91,16.83,43.19,41.0,4.11,99.79,17.72,6.71,59.2,26.44,94.02,16.18,90.24,42.53,-999
1998,108.46,-999,-999,2.54,7.08,27.08,6.43,78.87,46.91,8.04,0.0,0.97,49.23,45.38,26.23,20.12,35.0,12.2,0.07,30.86,11.84,74.57,48.68,73.4,20.33,1.66,71.29,5.35,91.47,56.03,55.06,15.34,51.8,43.81,44.3,21.31,14.08,15.2,31.41,28.0,2.2,69.21,9.0,4.03,44.8,15.84,62.21,12.65,57.78,27.22,-999
1999,132.22,-999,-999,7.46,8.45,30.79,8.01,81.49,45.09,16.36,0.0,3.17,63.66,50.21,39.11,36.39,32.12,19.55,1.2,43.17,21.72,77.81,69.0,83.64,20.75,4.68,63.8,10.3,93.62,54.69,69.6,27.98,55.24,68.07,64.19,42.26,10.53,13.18,49.61,36.0,4.31,66.98,14.7,3.08,51.38,24.86,69.36,5.57,76.58,48.19,-999
2000,102.36,-999,-999,12.47,18.98,25.54,6.05,89.34,49.65,28.69,0.2,6.49,85.01,63.21,56.86,53.25,59.1,33.3,0.99,58.77,37.55,89.41,78.77,99.65,44.37,10.17,98.96,23.95,118.75,88.3,83.48,39.41,52.6,53.13,71.07,55.7,30.34,12.65,63.73,46.0,11.27,103.84,27.47,3.79,47.26,43.08,82.76,16.52,89.64,54.01,-999
2001,118.75,-999,-999,7.77,10.7,27.25,8.17,86.55,35.04,13.12,0.03,3.34,73.69,71.47,45.77,37.13,48.27,24.39,1.76,51.38,23.29,91.78,59.15,96.58,32.97,6.56,90.98,12.9,115.08,69.65,87.44,27.02,54.79,55.82,62.24,37.72,22.27,16.08,45.64,39.0,5.75,94.74,18.7,2.47,53.49,34.44,86.28,14.39,81.44,47.8,-999
2002,101.58,-999,-999,8.32,13.73,31.96,9.1,101.37,33.21,9.63,0.0,3.61,77.38,75.59,41.11,33.97,54.62,22.16,2.13,38.83,21.61,99.3,66.59,103.74,33.51,5.33,98.74,13.65,120.39,82.6,78.61,24.12,63.42,68.23,60.38,36.5,24.12,19.98,43.41,36.0,5.52,95.52,18.4,7.24,68.99,31.45,76.04,16.24,84.27,42.61,-999
2003,101.33,-999,-999,9.04,12.5,24.05,5.65,83.79,56.96,27.85,0.24,4.77,83.1,52.59,56.26,49.83,54.27,29.35,1.42,67.54,33.57,106.51,81.95,103.42,42.84,5.64,91.17,12.9,119.31,78.58,95.42,41.61,52.87,46.78,81.37,56.22,24.11,12.8,62.39,57.0,5.79,95.11,21.69,5.95,45.53,31.21,94.37,12.76,94.66,44.27,-999
2004,107.29,-999,-999,8.33,16.37,22.65,6.52,79.2,47.47,26.92,0.0,3.01,69.46,59.57,50.38,47.68,46.04,26.36,0.82,56.44,37.8,101.14,78.25,92.18,35.67,6.12,74.39,17.98,105.12,64.85,82.65,40.86,51.43,46.17,76.53,50.53,25.9,12.87,59.26,54.0,6.48,77.67,21.68,5.73,55.45,36.46,90.47,11.83,85.21,47.77,-999
2005,109.87,-999,-999,5.4,9.36,19.23,7.15,75.69,37.62,21.49,0.0,3.46,69.19,69.94,45.74,46.78,39.32,19.01,0.02,59.98,29.17,101.09,80.08,94.76,30.33,3.68,75.74,13.67,97.08,63.2,92.26,33.87,47.29,42.86,75.76,54.84,21.71,21.11,59.31,51.0,4.88,81.63,16.95,4.97,40.91,33.42,93.55,19.62,89.54,44.38,-999
2006,123.16,-999,-999,4.53,9.09,37.45,9.14,90.56,21.97,5.56,0.0,1.41,58.03,69.14,29.23,24.22,41.17,12.62,1.17,34.27,9.73,72.74,49.12,82.1,23.89,4.69,74.17,8.07,108.81,70.79,61.69,16.47,61.04,65.46,46.52,23.66,17.41,19.44,31.48,38.0,2.23,81.47,9.81,4.8,60.42,18.7,61.48,18.66,65.72,29.0,-999
2007,117.32,-999,-999,6.58,9.06,27.87,10.53,94.59,49.33,23.74,0.0,1.42,85.2,62.9,48.5,39.63,61.33,23.44,0.43,58.87,29.44,104.33,79.2,104.51,39.41,4.11,84.34,12.36,112.46,84.91,91.8,31.8,58.47,68.73,77.17,43.38,27.64,18.83,52.22,51.0,1.97,100.12,18.19,5.96,68.49,31.55,95.98,20.41,97.37,47.22,-999
2008,132.33,-999,-999,8.99,12.77,26.88,12.14,102.81,37.3,14.06,0.0,3.8,95.66,81.35,61.79,56.3,61.16,28.38,0.79,51.38,19.86,102.37,89.53,114.41,49.31,5.71,97.88,15.84,127.03,88.0,89.35,23.15,65.0,73.11,73.18,56.45,26.27,22.12,51.42,46.0,6.66,104.79,20.61,8.18,65.92,30.42,94.25,26.94,109.51,48.23,-999
2009,122.11,-999,-999,8.11,10.5,31.37,10.85,97.99,51.81,16.85,0.08,5.12,78.42,85.51,55.02,52.29,60.24,29.44,0.35,59.43,31.11,95.67,81.46,97.52,45.24,4.79,95.81,19.04,119.53,83.74,90.0,36.13,63.71,75.64,76.95,55.92,28.58,26.98,61.18,51.0,8.59,102.2,23.58,6.95,64.81,36.2,90.36,26.36,91.76,47.71,-999
2010,114.96,-999,-999,16.33,19.04,21.54,6.01,91.86,32.54,24.18,0.55,9.45,85.82,57.7,61.9,59.08,54.72,39.19,3.66,45.11,29.47,66.09,69.1,99.73,49.68,13.39,92.0,26.75,108.64,80.13,65.21,24.13,59.92,43.86,60.19,56.69,24.84,11.2,53.2,38.0,17.14,97.39,37.25,7.35,48.04,41.51,68.32,11.4,94.07,55.83,-999
2011,123.82,-999,-999,6.76,14.92,31.97,11.51,99.25,46.65,13.26,0.0,3.39,78.06,78.28,39.39,36.66,59.96,15.71,2.24,51.69,22.88,93.06,73.39,102.79,35.22,7.08,88.42,10.91,113.92,84.68,83.41,29.29,68.52,71.48,69.34,42.06,29.39,20.94,54.13,43.0,5.2,95.69,17.64,11.76,66.15,20.35,87.13,23.36,91.97,36.45,-999
2012,133.57,-999,-999,4.03,7.09,26.14,9.69,86.63,14.17,7.47,0.35,2.28,61.08,55.27,28.38,21.52,39.47,12.87,0.34,24.73,8.88,87.58,48.04,89.13,23.78,1.44,79.17,7.92,100.69,72.21,61.29,9.92,54.02,60.21,43.1,23.86,18.28,14.05,26.62,23.0,3.12,83.99,10.32,4.95,48.02,15.59,68.1,14.64,71.54,27.77,-999
2013,117.91,-999,-999,1.75,9.27,31.79,12.99,106.67,38.86,15.34,0.0,0.85,95.4,77.57,65.64,57.94,68.59,29.48,0.02,51.2,22.04,90.64,87.36,125.12,46.55,2.28,95.64,15.73,142.78,94.49,83.06,24.12,67.97,77.4,74.16,53.63,30.46,27.21,55.6,46.0,2.61,114.63,18.77,7.0,75.99,27.78,84.5,26.22,113.75,49.9,-999
2014,100.78,-999,-999,13.17,23.11,20.48,5.96,88.23,57.67,36.04,0.0,5.67,98.43,52.31,77.49,70.39,66.22,41.98,4.02,65.13,38.52,96.07,97.53,119.32,56.23,13.33,84.82,23.9,123.72,93.8,85.75,43.38,56.19,41.02,82.11,68.84,36.06,14.8,66.58,56.0,11.2,108.39,30.4,12.14,45.71,38.66,93.86,20.97,113.13,54.58,-999
2015,95.8,-999,-999,5.99,15.56,17.29,6.62,78.46,59.12,34.48,0.0,3.9,62.95,48.67,49.86,51.7,50.85,31.44,1.22,70.22,36.13,97.98,76.7,83.56,38.44,5.97,73.07,19.46,94.56,67.58,90.65,44.08,46.56,43.16,78.4,56.27,23.15,13.01,60.93,62.0,7.89,80.78,23.65,5.89,44.67,34.42,97.59,13.26,73.34,46.99,-999
2016,89.88,-999,-999,2.18,8.05,21.61,5.93,82.54,34.56,20.06,0.0,1.62,60.79,53.85,39.4,35.83,45.0,24.5,0.07,44.02,29.06,82.54,58.79,80.54,29.74,4.09,62.75,14.71,87.7,64.61,65.93,26.79,52.21,36.17,58.71,37.73,16.59,16.97,45.36,38.0,2.34,74.03,18.64,3.81,50.14,30.6,68.02,16.54,71.87,42.19,-999
2017,111.28,-999,-999,3.86,8.29,17.16,8.72,72.27,37.21,19.98,0.01,1.29,63.58,62.88,38.05,34.73,41.39,17.56,1.41,51.82,23.49,86.99,64.61,92.87,26.99,4.42,76.53,11.03,101.96,63.16,76.87,24.82,38.28,46.0,64.01,35.28,15.09,21.45,41.47,44.0,2.76,81.42,13.37,5.63,45.49,21.42,83.24,28.63,81.15,32.31,-999
2018,99.66,-999,-999,10.65,15.36,23.93,8.5,93.46,36.58,12.14,0.0,6.23,85.17,55.94,50.6,39.38,67.73,22.33,4.22,48.69,26.82,95.11,75.79,117.4,41.94,12.94,97.64,18.73,129.63,91.93,79.98,28.15,58.61,52.75,66.88,41.2,31.3,15.86,47.63,40.0,10.02,108.24,20.43,10.31,53.79,25.47,88.36,15.25,104.64,39.18,-999
2019,85.27,-999,-999,1.95,10.07,25.45,9.08,98.96,44.29,16.75,0.0,1.29,81.46,67.81,50.43,39.72,59.58,18.37,0.31,59.08,19.22,103.61,81.44,113.4,36.43,4.39,105.24,8.61,123.98,86.39,90.18,29.33,57.23,44.96,77.83,42.34,22.51,25.12,51.08,43.0,0.6,104.24,10.63,7.3,58.49,22.97,99.5,29.16,96.48,32.12,-999
2020,119.19,-999,-999,2.27,3.45,27.3,11.0,96.3,22.26,7.72,0.0,1.24,68.01,56.92,27.94,23.5,41.23,11.32,0.08,31.68,11.93,72.06,53.11,105.25,18.91,1.1,87.76,5.92,123.81,74.34,60.1,14.78,48.19,58.42,46.62,19.98,11.27,17.27,30.0,28.0,1.53,94.38,9.58,4.26,63.49,14.27,61.85,14.21,75.45,20.74,-999
2021,124.69,-999,-999,2.61,9.64,24.95,8.07,85.62,26.39,3.29,0.01,0.56,64.93,47.11,38.48,29.7,41.38,14.87,2.3,40.2,8.64,79.63,66.5,88.14,20.41,3.03,81.61,5.57,98.58,62.51,71.21,17.19,46.77,44.58,62.2,36.93,17.68,12.93,44.95,29.0,0.11,78.17,8.68,7.77,51.3,18.61,82.29,17.41,79.08,34.74,-999
2022,105.77,-999,-999,6.01,16.8,29.4,14.33,107.87,49.69,26.21,0.22,5.17,97.19,81.81,64.46,52.43,75.72,28.61,2.69,55.21,27.43,89.13,81.44,115.62,51.91,6.37,97.45,18.65,127.82,98.44,76.53,34.43,69.31,63.65,73.25,55.12,38.84,24.42,67.42,46.0,5.37,111.05,21.97,15.32,69.68,37.89,84.19,29.88,99.17,52.86,-999
2023,116.27,-999,-999,0.93,1.71,24.8,13.76,97.47,9.22,2.07,0.0,0.39,59.82,71.33,22.74,17.5,44.11,7.31,0.12,22.39,6.88,73.97,44.2,94.69,20.18,0.33,85.69,5.75,128.63,73.92,53.78,7.76,56.15,60.77,40.13,17.84,12.01,14.32,25.0,19.0,0.18,102.38,4.45,2.89,60.27,15.3,63.69,13.45,71.25,21.56,-999
2024,102.43,-999,-999,6.98,9.62,21.49,6.83,80.67,25.55,9.06,0.0,3.38,50.74,37.99,28.3,27.07,38.94,16.37,2.64,36.23,11.88,84.36,44.2,75.91,24.13,7.1,71.84,14.24,96.59,59.28,59.17,18.21,41.71,37.14,46.75,30.09,13.61,7.58,34.29,33.0,4.33,73.53,14.08,6.25,47.18,19.86,64.06,11.09,54.85,29.34,-999
